Num, Lmd, sig,    mon,    Ring,  sec
#lmd,   E,  HOYAX,  Y,  Smpl,  Det, AGC X, Y, Smpl, Det
#3.27133,	379.0026,	0.000,	94.000,	82.900,	-0.259,	0.000,	-76.000,	0.000,	29.999

1,	3.27133,	-0.000011,	-0.003348,	350.021,	26.380
2,	3.27133,	0.000008,	0.005715,	350.013,	0.510
3,	3.27133,	0.000030,	0.006411,	350.003,	0.500
4,	3.27133,	0.000043,	0.004375,	349.985,	0.500
5,	3.27133,	0.000051,	0.005547,	349.979,	0.490
6,	3.27133,	0.000054,	0.005764,	349.966,	0.500
7,	3.27133,	0.000055,	0.005230,	349.957,	0.510
8,	3.27133,	0.000055,	0.004084,	349.941,	0.490
9,	3.27133,	0.000054,	0.007223,	349.930,	0.500
10,	3.27133,	0.000054,	0.005144,	349.922,	0.500
11,	3.27133,	0.000056,	0.005450,	349.912,	0.500
12,	3.27133,	0.000054,	0.004838,	349.894,	0.500
13,	3.27133,	0.000053,	0.005730,	349.885,	0.500
14,	3.27133,	0.000056,	0.004567,	349.876,	0.500
15,	3.27133,	0.000054,	0.006898,	349.870,	0.500
16,	3.27133,	0.000054,	0.005179,	349.849,	0.500
17,	3.27133,	0.000052,	0.005844,	349.841,	0.500
18,	3.27133,	0.000054,	0.006144,	349.834,	0.500
19,	3.27133,	0.000052,	0.005295,	349.824,	0.510
20,	3.27133,	0.000053,	0.004995,	349.924,	0.490
21,	3.27133,	0.000055,	0.005146,	350.167,	0.500
22,	3.27133,	0.000055,	0.005562,	350.159,	0.500
23,	3.27133,	0.000055,	0.005872,	350.148,	0.500
24,	3.27133,	0.000056,	0.004746,	350.132,	0.500
25,	3.27133,	0.000057,	0.005562,	350.123,	0.500
26,	3.27133,	0.000055,	0.005219,	350.115,	0.500
27,	3.27133,	0.000052,	0.005607,	350.104,	0.500
28,	3.27133,	0.000056,	0.004702,	350.089,	0.500
29,	3.27133,	0.000055,	0.005331,	350.077,	0.510
30,	3.27133,	0.000057,	0.004448,	350.069,	0.490
31,	3.27133,	0.000056,	0.005898,	350.060,	0.500
32,	3.27133,	0.000057,	0.005239,	350.042,	0.500
33,	3.27133,	0.000056,	0.006790,	350.033,	0.500
34,	3.27133,	0.000058,	0.005110,	350.024,	0.510
35,	3.27133,	0.000055,	0.006157,	350.017,	0.490
36,	3.27133,	0.000054,	0.004468,	349.997,	0.500
37,	3.27133,	0.000054,	0.005711,	349.987,	0.500
38,	3.27133,	0.000056,	0.005198,	349.981,	0.500
39,	3.27133,	0.000059,	0.005948,	349.971,	0.510
40,	3.27133,	0.000056,	0.004571,	349.951,	0.490
41,	3.27133,	0.000054,	0.004978,	349.945,	0.500
42,	3.27133,	0.000055,	0.004679,	349.935,	0.500
43,	3.27133,	0.000054,	0.005898,	349.925,	0.510
44,	3.27133,	0.000057,	0.005420,	349.908,	0.500
45,	3.27133,	0.000056,	0.005928,	349.899,	0.500
46,	3.27133,	0.000057,	0.005142,	349.889,	0.500
47,	3.27133,	0.000055,	0.005032,	349.879,	0.490
48,	3.27133,	0.000057,	0.004267,	349.863,	0.500
49,	3.27133,	0.000056,	0.005997,	349.854,	0.510
50,	3.27133,	0.000058,	0.004948,	349.843,	0.500
51,	3.27133,	0.000058,	0.006562,	349.833,	0.500
52,	3.27133,	0.000055,	0.004640,	349.815,	0.500
53,	3.27133,	0.000058,	0.006228,	349.806,	0.500
54,	3.27133,	0.000057,	0.005377,	349.799,	0.490
55,	3.27133,	0.000056,	0.005232,	349.791,	0.510
56,	3.27133,	0.000058,	0.004334,	349.886,	0.500
57,	3.27133,	0.000057,	0.006221,	350.144,	0.500
58,	3.27133,	0.000058,	0.005728,	350.136,	0.500
59,	3.27133,	0.000059,	0.005519,	350.127,	0.490
60,	3.27133,	0.000055,	0.005067,	350.110,	0.500
61,	3.27133,	0.000054,	0.004741,	350.103,	0.500
62,	3.27133,	0.000057,	0.005388,	350.093,	0.500
63,	3.27133,	0.000057,	0.005185,	350.084,	0.500
64,	3.27133,	0.000058,	0.005133,	350.068,	0.510
65,	3.27133,	0.000055,	0.005877,	350.057,	0.500
66,	3.27133,	0.000059,	0.005133,	350.048,	0.490
67,	3.27133,	0.000059,	0.005674,	350.038,	0.500
68,	3.27133,	0.000056,	0.005185,	350.021,	0.500
69,	3.27133,	0.000057,	0.005133,	350.011,	0.500
70,	3.27133,	0.000059,	0.005265,	350.002,	0.500
71,	3.27133,	0.000059,	0.005534,	349.997,	0.500
72,	3.27133,	0.000059,	0.005659,	349.976,	0.500
73,	3.27133,	0.000057,	0.004571,	349.966,	0.500
74,	3.27133,	0.000057,	0.005760,	349.959,	0.510
75,	3.27133,	0.000058,	0.005198,	349.950,	0.490
76,	3.27133,	0.000060,	0.005364,	349.930,	0.500
77,	3.27133,	0.000057,	0.006167,	349.923,	0.500
78,	3.27133,	0.000057,	0.005148,	349.914,	0.500
79,	3.27133,	0.000056,	0.005612,	349.904,	0.510
80,	3.27133,	0.000059,	0.004345,	349.887,	0.490
81,	3.27133,	0.000059,	0.005803,	349.879,	0.500
82,	3.27133,	0.000059,	0.005640,	349.867,	0.510
83,	3.27133,	0.000059,	0.005011,	349.858,	0.500
84,	3.27133,	0.000067,	0.004674,	349.842,	0.500
85,	3.27133,	0.000084,	0.003994,	349.830,	0.500
86,	3.27133,	0.000146,	0.004853,	349.821,	0.490
87,	3.27133,	0.000201,	0.005840,	350.175,	0.510
88,	3.27133,	0.000181,	0.004789,	350.164,	0.490
89,	3.27133,	0.000154,	0.005312,	350.155,	0.500
90,	3.27133,	0.000153,	0.005405,	350.147,	0.500
91,	3.27133,	0.000164,	0.005319,	350.139,	0.500
92,	3.27133,	0.000161,	0.004933,	350.118,	0.500
93,	3.27133,	0.000127,	0.006891,	350.109,	0.500
94,	3.27133,	0.000112,	0.005357,	350.103,	0.500
95,	3.27133,	0.000102,	0.006105,	350.093,	0.500
96,	3.27133,	0.000093,	0.005191,	350.074,	0.510
97,	3.27133,	0.000093,	0.005588,	350.066,	0.500
98,	3.27133,	0.000099,	0.004810,	350.057,	0.490
99,	3.27133,	0.000109,	0.005450,	350.048,	0.500
100,	3.27133,	0.000108,	0.004836,	350.031,	0.510
