Lmd,  eV,  sig,    mon,    Ring,  sec
#lmd,   E,  HOYAX,  Y,  Smpl,  Det, AGC X, Y, Smpl, Det, pps
#4.65006,	266.6293,	2.001,	94.000,	82.900,	-0.259,	0.000,	-76.000,	0.000,	29.999,150

4.26919,	290.4163,	-0.000018,	23.932450,	350.057,	95.950
4.27030,	290.3408,	-0.000018,	24.505370,	350.046,	0.500
4.27145,	290.2627,	-0.000010,	25.045470,	350.036,	0.500
4.27260,	290.1845,	-0.000010,	25.583700,	350.028,	0.500
4.27379,	290.1037,	-0.000011,	26.121870,	350.010,	0.500
4.27494,	290.0257,	-0.000018,	26.557910,	349.999,	0.500
4.27605,	289.9504,	-0.000012,	26.985400,	349.992,	0.500
4.27723,	289.8704,	-0.000018,	27.443480,	349.985,	0.500
4.27842,	289.7898,	-0.000016,	27.830830,	349.964,	0.500
4.27953,	289.7146,	-0.000026,	28.165790,	349.955,	0.500
4.28068,	289.6368,	-0.000023,	28.527990,	349.948,	0.500
4.28183,	289.5590,	-0.000027,	28.835710,	349.939,	0.500
4.28298,	289.4813,	-0.000028,	29.147290,	349.919,	0.500
4.28409,	289.4063,	-0.000036,	29.456160,	349.912,	0.500
4.28527,	289.3266,	-0.000032,	29.717980,	349.902,	0.500
4.28642,	289.2489,	-0.000032,	29.982550,	349.891,	0.500
4.28753,	289.1741,	-0.000030,	30.227360,	349.875,	0.500
4.28872,	289.0938,	-0.000039,	30.449620,	349.867,	0.500
4.28987,	289.0163,	-0.000036,	30.670130,	349.855,	0.500
4.29098,	288.9416,	-0.000040,	30.877310,	349.845,	0.500
4.29213,	288.8641,	-0.000042,	31.112060,	349.830,	0.500
4.29331,	288.7847,	-0.000054,	31.355790,	349.818,	0.500
4.29443,	288.7094,	-0.000051,	31.609520,	349.809,	0.500
4.29554,	288.6348,	-0.000049,	31.832060,	350.058,	0.500
4.29668,	288.5582,	-0.000044,	32.081540,	350.142,	0.500
4.29783,	288.4810,	-0.000043,	32.315060,	350.134,	0.500
4.29898,	288.4039,	-0.000035,	32.541650,	350.126,	0.500
4.30017,	288.3241,	-0.000031,	32.776580,	350.119,	0.500
4.30132,	288.2470,	-0.000025,	32.978480,	350.097,	0.500
4.30247,	288.1699,	-0.000024,	33.171500,	350.090,	0.500
4.30361,	288.0936,	-0.000010,	33.344450,	350.083,	0.500
4.30480,	288.0139,	-0.000005,	33.450650,	350.071,	0.500
4.30591,	287.9397,	0.000003,	33.540230,	350.054,	0.500
4.30706,	287.8628,	0.000000,	33.579160,	350.047,	0.500
4.30825,	287.7833,	0.000012,	33.617410,	350.038,	0.500
4.30943,	287.7045,	0.000010,	33.592570,	350.026,	0.500
4.31055,	287.6298,	0.000016,	33.586950,	350.012,	0.500
4.31169,	287.5537,	0.000011,	33.564230,	350.002,	0.500
4.31288,	287.4744,	0.000020,	33.453700,	349.991,	0.500
4.31399,	287.4004,	0.000018,	33.315480,	349.982,	0.500
4.31514,	287.3238,	0.000021,	33.078430,	349.966,	0.500
4.31633,	287.2446,	0.000016,	32.669230,	349.954,	0.500
4.31748,	287.1681,	0.000024,	32.153740,	349.946,	0.500
4.31862,	287.0923,	0.000022,	31.503390,	349.940,	0.500
4.31977,	287.0158,	0.000025,	30.648360,	349.920,	0.500
4.32092,	286.9395,	0.000020,	29.674860,	349.909,	0.500
4.32203,	286.8658,	0.000027,	28.617230,	349.902,	0.500
4.32322,	286.7868,	0.000025,	27.401970,	349.896,	0.500
4.32437,	286.7105,	0.000026,	26.126860,	349.875,	0.500
4.32548,	286.6370,	0.000022,	24.805690,	349.867,	0.500
4.32667,	286.5581,	0.000029,	23.439140,	349.859,	0.500
4.32781,	286.4826,	0.000029,	22.046860,	349.847,	0.500
4.32892,	286.4092,	0.000029,	20.748820,	349.830,	0.500
4.33007,	286.3331,	0.000022,	19.475990,	350.212,	0.500
4.33130,	286.2518,	0.000030,	18.292440,	350.201,	0.500
4.33245,	286.1758,	0.000032,	17.248640,	350.190,	0.500
4.33360,	286.0999,	0.000034,	16.384120,	350.177,	0.500
4.33474,	286.0246,	0.000027,	15.684210,	350.167,	0.500
4.33589,	285.9488,	0.000039,	15.114280,	350.155,	0.500
4.33700,	285.8756,	0.000035,	14.734840,	350.149,	0.500
4.33819,	285.7972,	0.000041,	14.479450,	350.131,	0.500
4.33938,	285.7188,	0.000033,	14.323680,	350.119,	0.500
4.34049,	285.6457,	0.000039,	14.354550,	350.111,	0.500
4.34160,	285.5727,	0.000039,	14.479990,	350.105,	0.500
4.34279,	285.4944,	0.000040,	14.740270,	350.083,	0.500
4.34393,	285.4195,	0.000033,	15.229350,	350.078,	0.500
4.34504,	285.3466,	0.000040,	15.923490,	350.070,	0.500
4.34619,	285.2711,	0.000040,	16.901420,	350.061,	0.500
4.34738,	285.1930,	0.000041,	18.139450,	350.041,	0.500
4.34849,	285.1202,	0.000031,	19.472200,	350.034,	0.500
4.34964,	285.0448,	0.000040,	20.991520,	350.026,	0.500
4.35083,	284.9669,	0.000038,	22.704370,	350.013,	0.500
4.35194,	284.8942,	0.000036,	24.425150,	349.998,	0.500
4.35309,	284.8189,	0.000028,	26.275860,	349.989,	0.500
4.35427,	284.7417,	0.000037,	28.275430,	349.977,	0.500
4.35542,	284.6666,	0.000033,	30.222930,	349.967,	0.500
4.35653,	284.5940,	0.000034,	32.172130,	349.952,	0.500
4.35768,	284.5189,	0.000024,	34.180640,	349.940,	0.500
4.35887,	284.4413,	0.000031,	36.086420,	349.931,	0.500
4.35998,	284.3688,	0.000030,	37.841840,	349.924,	0.500
4.36113,	284.2939,	0.000029,	39.572060,	349.904,	0.500
4.36235,	284.2143,	0.000022,	41.187730,	349.893,	0.500
4.36346,	284.1420,	0.000026,	42.609380,	349.887,	0.500
4.36461,	284.0672,	0.000024,	43.899640,	349.879,	0.500
4.36580,	283.9897,	0.000024,	45.143530,	349.859,	0.500
4.36691,	283.9176,	0.000017,	46.260390,	349.849,	0.500
4.36802,	283.8454,	0.000022,	47.314170,	349.843,	0.500
4.36921,	283.7681,	0.000018,	48.330160,	349.831,	0.500
4.37039,	283.6915,	0.000020,	49.280250,	349.813,	0.500
