Num, Lmd, sig,    mon,    Ring,  sec
#lmd,   E,  HOYAX,  Y,  Smpl,  Det, AGC X, Y, Smpl, Det
#2.15002,	576.6655,	2.001,	94.000,	82.900,	-0.259,	0.000,	-76.000,	0.000,	29.999

1,	2.15002,	0.000048,	0.000609,	349.963,	171.410
2,	2.15002,	0.000051,	0.006818,	349.953,	0.500
3,	2.15002,	0.000054,	0.007085,	349.936,	0.500
4,	2.15002,	0.000058,	0.006254,	349.927,	0.500
5,	2.15002,	0.000058,	0.005719,	349.917,	0.500
6,	2.15002,	0.000064,	0.005252,	349.908,	0.500
7,	2.15002,	0.000063,	0.007214,	349.891,	0.500
8,	2.15002,	0.000064,	0.005409,	349.881,	0.500
9,	2.15002,	0.000064,	0.006228,	349.870,	0.510
10,	2.15002,	0.000061,	0.005204,	349.863,	0.490
11,	2.15002,	0.000060,	0.007188,	349.845,	0.500
12,	2.15002,	0.000059,	0.005351,	349.835,	0.500
13,	2.15002,	0.000061,	0.005332,	349.826,	0.510
14,	2.15002,	0.000059,	0.006042,	350.123,	0.490
15,	2.15002,	0.000058,	0.007662,	350.146,	0.510
16,	2.15002,	0.000060,	0.006042,	350.138,	0.490
17,	2.15002,	0.000062,	0.005258,	350.131,	0.500
18,	2.15002,	0.000061,	0.005728,	350.121,	0.510
19,	2.15002,	0.000059,	0.005217,	350.102,	0.500
20,	2.15002,	0.000058,	0.007445,	350.095,	0.510
21,	2.15002,	0.000062,	0.007324,	350.085,	0.490
22,	2.15002,	0.000061,	0.006111,	350.076,	0.500
23,	2.15002,	0.000060,	0.008438,	350.059,	0.500
24,	2.15002,	0.000060,	0.007072,	350.049,	0.530
25,	2.15002,	0.000071,	0.007852,	350.040,	0.570
26,	2.15002,	0.000074,	0.006073,	350.023,	0.500
27,	2.15002,	0.000069,	0.005864,	350.014,	0.500
28,	2.15002,	0.000065,	0.006689,	350.004,	0.500
29,	2.15002,	0.000063,	0.007563,	349.996,	0.500
30,	2.15002,	0.000061,	0.005375,	349.980,	0.490
31,	2.15002,	0.000062,	0.006385,	349.968,	0.510
32,	2.15002,	0.000062,	0.005868,	349.959,	0.490
33,	2.15002,	0.000062,	0.007428,	349.951,	0.510
34,	2.15002,	0.000060,	0.005836,	349.932,	0.490
35,	2.15002,	0.000061,	0.006943,	349.924,	0.500
36,	2.15002,	0.000062,	0.008098,	349.914,	0.500
37,	2.15002,	0.000056,	0.005480,	349.906,	0.500
38,	2.15002,	0.000062,	0.006146,	349.887,	0.560
39,	2.15002,	0.000064,	0.005747,	349.877,	0.510
40,	2.15002,	0.000060,	0.008436,	349.869,	0.490
41,	2.15002,	0.000061,	0.006559,	349.858,	0.500
42,	2.15002,	0.000064,	0.007639,	349.840,	0.540
43,	2.15002,	0.000063,	0.005924,	349.832,	0.500
44,	2.15002,	0.000063,	0.006019,	349.823,	0.500
45,	2.15002,	0.000059,	0.006402,	349.805,	0.520
46,	2.15002,	0.000057,	0.007542,	349.796,	0.500
47,	2.15002,	0.000063,	0.007096,	349.787,	0.500
48,	2.15002,	0.000060,	0.005872,	349.777,	0.500
49,	2.15002,	0.000059,	0.006555,	350.108,	0.500
50,	2.15002,	0.000061,	0.006781,	350.141,	0.510
51,	2.15002,	0.000063,	0.007813,	350.133,	0.500
52,	2.15002,	0.000062,	0.006577,	350.124,	0.510
53,	2.15002,	0.000062,	0.006122,	350.109,	0.490
54,	2.15002,	0.000061,	0.005426,	350.097,	0.510
55,	2.15002,	0.000060,	0.006073,	350.089,	0.500
56,	2.15002,	0.000063,	0.006917,	350.081,	0.510
57,	2.15002,	0.000063,	0.005810,	350.062,	0.500
58,	2.15002,	0.000060,	0.005685,	350.054,	0.500
59,	2.15002,	0.000063,	0.005663,	350.045,	0.500
60,	2.15002,	0.000061,	0.005433,	350.036,	0.500
61,	2.15002,	0.000063,	0.005784,	350.017,	0.500
62,	2.15002,	0.000063,	0.005982,	350.009,	0.510
63,	2.15002,	0.000060,	0.005581,	350.000,	0.500
64,	2.15002,	0.000060,	0.006055,	349.990,	0.500
65,	2.15002,	0.000063,	0.005306,	349.972,	0.510
66,	2.15002,	0.000062,	0.005051,	349.964,	0.500
67,	2.15002,	0.000063,	0.005812,	349.954,	0.510
68,	2.15002,	0.000059,	0.005603,	349.946,	0.490
69,	2.15002,	0.000063,	0.006557,	349.927,	0.510
70,	2.15002,	0.000060,	0.005170,	349.918,	0.500
71,	2.15002,	0.000061,	0.004944,	349.908,	0.500
72,	2.15002,	0.000063,	0.005392,	349.899,	0.510
73,	2.15002,	0.000061,	0.004681,	349.883,	0.500
74,	2.15002,	0.000061,	0.006096,	349.872,	0.510
75,	2.15002,	0.000062,	0.005310,	349.864,	0.490
76,	2.15002,	0.000062,	0.005504,	349.854,	0.510
77,	2.15002,	0.000061,	0.005586,	349.837,	0.490
78,	2.15002,	0.000060,	0.008218,	349.827,	0.520
79,	2.15002,	0.000060,	0.007072,	349.823,	0.490
80,	2.15002,	0.000061,	0.006745,	350.160,	0.510
81,	2.15002,	0.000060,	0.006590,	350.151,	0.490
82,	2.15002,	0.000062,	0.007884,	350.143,	0.500
83,	2.15002,	0.000063,	0.006529,	350.135,	0.500
84,	2.15002,	0.000063,	0.006516,	350.116,	0.500
85,	2.15002,	0.000061,	0.005500,	350.107,	0.500
86,	2.15002,	0.000051,	0.007841,	350.099,	0.500
87,	2.15002,	0.000061,	0.006667,	350.090,	0.500
88,	2.15002,	0.000063,	0.006318,	350.071,	0.510
89,	2.15002,	0.000063,	0.005851,	350.063,	0.490
90,	2.15002,	0.000061,	0.008539,	350.054,	0.500
91,	2.15002,	0.000063,	0.007591,	350.044,	0.500
92,	2.15002,	0.000060,	0.005553,	350.026,	0.510
93,	2.15002,	0.000063,	0.005463,	350.016,	0.490
94,	2.15002,	0.000060,	0.004894,	350.008,	0.560
95,	2.15002,	0.000066,	0.006697,	349.999,	0.490
96,	2.15002,	0.000066,	0.006381,	349.980,	0.510
97,	2.15002,	0.000055,	0.003977,	349.971,	0.510
98,	2.15002,	0.000064,	0.007053,	349.961,	0.490
99,	2.15002,	0.000061,	0.005446,	349.953,	0.500
100,	2.15002,	0.000062,	0.008337,	349.935,	0.510
