Lmd,  eV,  sig,    mon,    Ring,  sec
#lmd,   E,  HOYAX,  Y,  Smpl,  Det, AGC X, Y, Smpl, Det, pps
#2.15002,	576.6655,	0.000,	94.000,	82.900,	-0.259,	0.000,	-76.000,	0.000,	29.999,75

2.11908,	585.0852,	0.000018,	13.321170,	350.010,	25.200
2.11958,	584.9472,	0.000031,	13.389760,	349.992,	0.500
2.12011,	584.8010,	0.000033,	13.459940,	349.982,	0.500
2.12069,	584.6411,	0.000035,	13.540910,	349.973,	0.500
2.12126,	584.4840,	0.000030,	13.614390,	349.966,	0.491
2.12187,	584.3159,	0.000036,	13.677190,	349.946,	0.500
2.12245,	584.1563,	0.000035,	13.752180,	349.938,	0.500
2.12298,	584.0104,	0.000034,	13.819680,	349.929,	0.500
2.12356,	583.8509,	0.000029,	13.885860,	349.920,	0.500
2.12413,	583.6942,	0.000035,	13.956260,	349.899,	0.500
2.12475,	583.5239,	0.000032,	14.031040,	349.892,	0.500
2.12532,	583.3674,	0.000034,	14.093330,	349.884,	0.500
2.12589,	583.2110,	0.000028,	14.160410,	349.872,	0.500
2.12643,	583.0629,	0.000035,	14.225450,	349.856,	0.500
2.12701,	582.9039,	0.000035,	14.284730,	349.848,	0.500
2.12758,	582.7477,	0.000034,	14.345200,	349.835,	0.500
2.12819,	582.5807,	0.000028,	14.409530,	349.828,	0.500
2.12877,	582.4220,	0.000036,	14.468340,	349.812,	0.500
2.12934,	582.2661,	0.000035,	14.540000,	349.837,	0.500
2.12992,	582.1075,	0.000033,	14.599710,	350.145,	0.500
2.13049,	581.9518,	0.000027,	14.643120,	350.138,	0.500
2.13103,	581.8043,	0.000035,	14.698440,	350.119,	0.500
2.13160,	581.6487,	0.000031,	14.750200,	350.110,	0.500
2.13217,	581.4932,	0.000033,	14.796140,	350.103,	0.500
2.13279,	581.3242,	0.000026,	14.843000,	350.095,	0.500
2.13332,	581.1798,	0.000034,	14.886020,	350.076,	0.500
2.13390,	581.0218,	0.000032,	14.926340,	350.067,	0.500
2.13447,	580.8667,	0.000032,	14.956860,	350.059,	0.500
2.13505,	580.7089,	0.000028,	14.995160,	350.049,	0.500
2.13562,	580.5539,	0.000032,	15.028460,	350.030,	0.500
2.13623,	580.3881,	0.000032,	15.069620,	350.023,	0.500
2.13681,	580.2305,	0.000033,	15.099620,	350.013,	0.500
2.13738,	580.0758,	0.000028,	15.133920,	350.002,	0.500
2.13796,	579.9184,	0.000031,	15.168430,	349.986,	0.500
2.13849,	579.7747,	0.000031,	15.200010,	349.977,	0.500
2.13907,	579.6175,	0.000032,	15.233320,	349.965,	0.500
2.13964,	579.4631,	0.000032,	15.277260,	349.958,	0.500
2.14025,	579.2980,	0.000033,	15.319930,	349.940,	0.500
2.14083,	579.1410,	0.000032,	15.359600,	349.930,	0.500
2.14136,	578.9977,	0.000030,	15.407960,	349.922,	0.500
2.14194,	578.8409,	0.000032,	15.461600,	349.913,	0.500
2.14247,	578.6977,	0.000032,	15.508240,	349.895,	0.500
2.14309,	578.5303,	0.000031,	15.559770,	349.887,	0.500
2.14366,	578.3764,	0.000032,	15.615510,	349.879,	0.500
2.14427,	578.2119,	0.000033,	15.673070,	349.871,	0.500
2.14485,	578.0555,	0.000031,	15.723120,	349.851,	0.500
2.14542,	577.9020,	0.000028,	15.779450,	349.843,	0.500
2.14596,	577.7565,	0.000031,	15.827200,	349.836,	0.500
2.14653,	577.6031,	0.000030,	15.902310,	349.824,	0.500
2.14711,	577.4471,	0.000031,	15.961820,	350.170,	0.500
2.14768,	577.2938,	0.000033,	16.011840,	350.162,	0.500
2.14826,	577.1380,	0.000032,	16.076300,	350.152,	0.500
2.14879,	576.9956,	0.000031,	16.147900,	350.143,	0.500
2.14933,	576.8507,	0.000032,	16.204390,	350.128,	0.500
2.14986,	576.7085,	0.000029,	16.250940,	350.117,	0.500
2.15040,	576.5636,	0.000031,	16.327670,	350.108,	0.500
2.15097,	576.4108,	0.000029,	16.400660,	350.099,	0.500
2.15159,	576.2447,	0.000029,	16.470710,	350.082,	0.500
2.15220,	576.0814,	0.000028,	16.528590,	350.071,	0.500
2.15277,	575.9289,	0.000030,	16.603420,	350.063,	0.500
2.15335,	575.7738,	0.000029,	16.683800,	350.056,	0.500
2.15392,	575.6214,	0.000031,	16.742650,	350.036,	0.500
2.15450,	575.4664,	0.000030,	16.812690,	350.028,	0.500
2.15511,	575.3036,	0.000028,	16.883080,	350.019,	0.500
2.15568,	575.1514,	0.000030,	16.951330,	350.011,	0.500
2.15626,	574.9967,	0.000028,	17.013490,	349.992,	0.500
2.15683,	574.8448,	0.000030,	17.088310,	349.983,	0.500
2.15741,	574.6902,	0.000028,	17.153900,	349.975,	0.500
2.15798,	574.5384,	0.000028,	17.249350,	349.964,	0.500
2.15856,	574.3841,	0.000027,	17.313320,	349.947,	0.500
2.15917,	574.2218,	0.000027,	17.393900,	349.939,	0.500
2.15974,	574.0702,	0.000028,	17.478770,	349.927,	0.500
2.16032,	573.9161,	0.000029,	17.556310,	349.920,	0.500
2.16089,	573.7647,	0.000027,	17.644560,	349.903,	0.500
2.16147,	573.6108,	0.000027,	17.721190,	349.893,	0.500
2.16200,	573.4701,	0.000027,	17.797630,	349.883,	0.500
2.16261,	573.3084,	0.000027,	17.894130,	349.874,	0.500
2.16319,	573.1547,	0.000027,	17.970890,	349.855,	0.500
2.16376,	573.0037,	0.000026,	18.060880,	349.846,	0.500
2.16434,	572.8501,	0.000024,	18.151380,	349.837,	0.500
2.16491,	572.6993,	0.000027,	18.228790,	349.830,	0.500
2.16545,	572.5565,	0.000027,	18.333100,	349.810,	0.500
2.16606,	572.3952,	0.000024,	18.424870,	349.802,	0.500
2.16664,	572.2420,	0.000026,	18.521310,	349.795,	0.500
2.16725,	572.0810,	0.000025,	18.629150,	349.785,	0.500
2.16782,	571.9305,	0.000029,	18.720600,	350.095,	0.500
2.16840,	571.7776,	0.000025,	18.801920,	350.089,	0.500
2.16897,	571.6273,	0.000026,	18.905200,	350.081,	0.500
2.16951,	571.4850,	0.000025,	18.988490,	350.070,	0.500
2.17008,	571.3349,	0.000025,	19.079930,	350.054,	0.500
2.17066,	571.1822,	0.000024,	19.168810,	350.045,	0.500
2.17123,	571.0323,	-0.000010,	19.252950,	350.036,	0.500
2.17180,	570.8824,	0.000026,	19.331100,	350.025,	0.500
2.17238,	570.7300,	0.000028,	19.407900,	350.010,	0.500
2.17295,	570.5803,	0.000024,	19.495180,	349.997,	0.500
2.17353,	570.4280,	0.000025,	19.571960,	349.990,	0.500
2.17414,	570.2680,	0.000022,	19.645770,	349.980,	0.500
2.17471,	570.1185,	0.000022,	19.719970,	349.962,	0.500
2.17529,	569.9665,	0.000022,	19.796700,	349.953,	0.500
2.17586,	569.8172,	0.000024,	19.860050,	349.944,	0.500
2.17644,	569.6653,	0.000022,	19.926750,	349.938,	0.500
2.17697,	569.5267,	0.000021,	19.988060,	349.918,	0.500
2.17755,	569.3750,	0.000022,	20.044180,	349.909,	0.500
2.17816,	569.2155,	0.000021,	20.119070,	349.902,	0.500
2.17873,	569.0666,	0.000022,	20.178080,	349.891,	0.500
2.17931,	568.9151,	0.000022,	20.246240,	349.873,	0.500
2.17985,	568.7742,	0.000021,	20.298780,	349.865,	0.500
2.18042,	568.6255,	0.000021,	20.357620,	349.854,	0.500
2.18099,	568.4769,	0.000020,	20.444510,	349.846,	0.500
2.18161,	568.3153,	0.000020,	20.510010,	350.160,	0.500
2.18218,	568.1669,	0.000020,	20.569590,	350.150,	0.500
2.18279,	568.0081,	0.000024,	20.628500,	350.140,	0.500
2.18337,	567.8572,	0.000022,	20.695520,	350.133,	0.500
2.18390,	567.7194,	0.000020,	20.747470,	350.115,	0.500
2.18448,	567.5687,	0.000019,	20.799290,	350.105,	0.500
2.18501,	567.4310,	0.000020,	20.851270,	350.097,	0.500
2.18563,	567.2701,	0.000018,	20.903000,	350.089,	0.500
2.18620,	567.1221,	0.000020,	20.956270,	350.069,	0.500
2.18678,	566.9717,	0.000019,	20.998460,	350.060,	0.500
2.18735,	566.8240,	0.000019,	21.037620,	350.052,	0.500
2.18792,	566.6763,	0.000023,	21.060700,	350.044,	0.500
2.18850,	566.5261,	0.000020,	21.099960,	350.025,	0.500
2.18907,	566.3786,	0.000021,	21.131100,	350.016,	0.500
2.18969,	566.2183,	0.000020,	21.143840,	350.008,	0.500
2.19026,	566.0709,	0.000021,	21.162990,	349.997,	0.500
2.19083,	565.9236,	0.000020,	21.171750,	349.980,	0.500
2.19141,	565.7738,	0.000019,	21.190620,	349.973,	0.500
2.19198,	565.6267,	0.000020,	21.183920,	349.963,	0.500
2.19252,	565.4874,	0.000019,	21.174570,	349.954,	0.500
2.19313,	565.3301,	0.000019,	21.189700,	349.939,	0.500
2.19371,	565.1806,	0.000018,	21.180410,	349.926,	0.500
2.19428,	565.0338,	0.000020,	21.169590,	349.916,	0.500
2.19485,	564.8871,	0.000018,	21.167700,	349.907,	0.500
2.19543,	564.7379,	0.000020,	21.154610,	349.891,	0.500
2.19600,	564.5913,	0.000019,	21.152090,	349.881,	0.500
2.19658,	564.4422,	0.000019,	21.145420,	349.872,	0.500
2.19715,	564.2958,	0.000020,	21.141220,	349.865,	0.500
2.19776,	564.1391,	0.000019,	21.135500,	349.845,	0.500
2.19834,	563.9903,	0.000020,	21.155870,	349.900,	0.500
2.19891,	563.8441,	0.000019,	21.165570,	350.170,	0.500
2.19945,	563.7057,	0.000020,	21.169530,	350.162,	0.500
2.19999,	563.5673,	0.000021,	21.179170,	350.144,	0.500
2.20056,	563.4213,	0.000018,	21.199430,	350.136,	0.500
2.20113,	563.2754,	0.000019,	21.217350,	350.128,	0.500
2.20171,	563.1270,	0.000021,	21.243570,	350.117,	0.500
2.20228,	562.9813,	0.000018,	21.290540,	350.100,	0.500
2.20286,	562.8331,	0.000019,	21.323240,	350.091,	0.500
2.20343,	562.6875,	0.000019,	21.363090,	350.080,	0.500
2.20401,	562.5394,	0.000019,	21.427760,	350.073,	0.500
2.20458,	562.3939,	0.000020,	21.501560,	350.055,	0.500
2.20519,	562.2384,	0.000018,	21.575760,	350.046,	0.500
2.20581,	562.0803,	0.000020,	21.661010,	350.036,	0.500
2.20634,	561.9453,	0.000019,	21.752190,	350.027,	0.500
2.20692,	561.7976,	0.000019,	21.847970,	350.009,	0.500
2.20745,	561.6628,	0.000017,	21.955790,	350.000,	0.500
2.20803,	561.5152,	0.000018,	22.064540,	349.990,	0.500
2.20860,	561.3703,	0.000015,	22.193580,	349.985,	0.500
2.20917,	561.2255,	0.000018,	22.322360,	349.964,	0.500
2.20975,	561.0781,	0.000017,	22.464160,	349.954,	0.500
2.21032,	560.9335,	0.000018,	22.588620,	349.947,	0.500
2.21090,	560.7863,	0.000019,	22.739900,	349.937,	0.500
2.21143,	560.6519,	0.000019,	22.897830,	349.918,	0.500
2.21205,	560.4948,	0.000023,	23.041040,	349.912,	0.500
2.21266,	560.3402,	0.000022,	23.200920,	349.901,	0.500
2.21323,	560.1959,	0.000019,	23.364260,	349.889,	0.500
2.21381,	560.0492,	0.000016,	23.511730,	349.874,	0.500
2.21438,	559.9050,	0.000016,	23.653400,	349.864,	0.500
2.21492,	559.7685,	0.000017,	23.807480,	349.855,	0.500
2.21549,	559.6245,	0.000017,	23.980700,	349.845,	0.500
2.21607,	559.4780,	0.000018,	24.115470,	350.170,	0.500
2.21668,	559.3241,	0.000013,	24.257010,	350.160,	0.500
2.21725,	559.1803,	0.000017,	24.393870,	350.152,	0.500
2.21783,	559.0340,	0.000018,	24.524090,	350.144,	0.500
2.21836,	558.9005,	0.000016,	24.636540,	350.126,	0.500
2.21894,	558.7544,	0.000016,	24.759320,	350.117,	0.500
2.21951,	558.6109,	0.000016,	24.880310,	350.109,	0.500
2.22013,	558.4549,	0.000015,	24.999200,	350.102,	0.500
2.22070,	558.3115,	0.000011,	25.106180,	350.082,	0.500
2.22127,	558.1683,	0.000018,	25.211380,	350.073,	0.500
2.22185,	558.0226,	0.000015,	25.315230,	350.066,	0.500
2.22242,	557.8794,	0.000014,	25.410150,	350.055,	0.500
2.22296,	557.7439,	0.000005,	25.511700,	350.037,	0.500
2.22353,	557.6009,	0.000012,	25.616600,	350.029,	0.500
2.22415,	557.4455,	0.000012,	25.706650,	350.017,	0.500
2.22472,	557.3027,	0.000012,	25.811580,	350.010,	0.500
2.22529,	557.1599,	0.000003,	25.914680,	349.993,	0.500
2.22583,	557.0248,	0.000009,	26.013560,	349.983,	0.500
2.22641,	556.8797,	0.000012,	26.121480,	349.973,	0.500
2.22698,	556.7371,	0.000012,	26.229440,	349.965,	0.500
2.22759,	556.5847,	-0.000004,	26.358270,	349.947,	0.500
2.22817,	556.4398,	0.000012,	26.495170,	349.936,	0.500
2.22878,	556.2875,	0.000011,	26.587870,	349.928,	0.500
2.22935,	556.1453,	0.000013,	26.720920,	349.921,	0.500
2.22989,	556.0106,	-0.000003,	26.852700,	349.901,	0.500
2.23046,	555.8685,	0.000010,	26.964680,	349.892,	0.500
2.23100,	555.7339,	0.000608,	27.100350,	349.883,	0.500
2.23161,	555.5820,	0.000410,	27.245970,	349.875,	0.500
2.23219,	555.4377,	0.000190,	27.375310,	349.854,	0.500
2.23276,	555.2959,	0.000076,	27.535760,	349.847,	0.500
2.23334,	555.1517,	0.000016,	27.684920,	349.838,	0.500
2.23387,	555.0200,	-0.000001,	27.791660,	349.827,	0.500
2.23445,	554.8759,	-0.000016,	27.935640,	349.811,	0.500
2.23506,	554.7245,	0.000004,	28.072110,	349.803,	0.500
2.23563,	554.5830,	0.000008,	28.215680,	349.792,	0.500
2.23625,	554.4293,	0.000012,	28.377740,	349.783,	0.500
2.23682,	554.2880,	-0.000006,	28.504380,	350.140,	0.500
2.23736,	554.1542,	0.000011,	28.626280,	350.129,	0.500
2.23793,	554.0131,	0.000010,	28.751460,	350.120,	0.500
2.23850,	553.8720,	0.000008,	28.868800,	350.112,	0.500
2.23908,	553.7285,	-0.000009,	28.933020,	350.095,	0.500
2.23965,	553.5876,	0.000005,	29.032060,	350.087,	0.500
2.24023,	553.4443,	0.000007,	29.159880,	350.078,	0.500
2.24080,	553.3035,	0.000009,	29.288830,	350.071,	0.500
2.24138,	553.1603,	-0.000008,	29.396110,	350.051,	0.500
2.24195,	553.0197,	0.000006,	29.504290,	350.043,	0.500
2.24253,	552.8766,	0.000006,	29.600580,	350.035,	0.500
2.24310,	552.7361,	0.000007,	29.703610,	350.024,	0.500
2.24371,	552.5859,	-0.000006,	29.806280,	350.006,	0.500
2.24429,	552.4431,	0.000007,	29.909390,	350.000,	0.500
2.24486,	552.3028,	0.000005,	30.011680,	349.990,	0.500
2.24540,	552.1700,	0.000005,	30.107700,	349.979,	0.500
2.24597,	552.0298,	0.000002,	30.191600,	349.963,	0.500
2.24655,	551.8873,	0.000006,	30.275170,	349.954,	0.500
2.24712,	551.7473,	0.000005,	30.376650,	349.943,	0.500
2.24773,	551.5976,	0.000004,	30.450930,	349.934,	0.500
2.24831,	551.4553,	0.000001,	30.531330,	349.918,	0.500
2.24884,	551.3253,	0.000002,	30.617630,	349.906,	0.500
2.24942,	551.1832,	0.000003,	30.676080,	349.896,	0.500
2.24999,	551.0435,	0.000004,	30.746660,	349.889,	0.500
2.25057,	550.9015,	0.000003,	30.793760,	349.871,	0.500
2.25118,	550.7522,	0.000003,	30.854480,	349.860,	0.500
2.25175,	550.6128,	0.000003,	30.892820,	349.852,	0.500
2.25233,	550.4710,	0.000004,	30.913460,	349.845,	0.500
2.25286,	550.3415,	0.000002,	30.945850,	349.825,	0.500
2.25344,	550.1999,	0.000001,	30.976130,	349.901,	0.500
2.25401,	550.0608,	0.000000,	30.984610,	350.195,	0.500
2.25459,	549.9192,	-0.000001,	30.969970,	350.186,	0.500
2.25516,	549.7803,	0.000002,	30.947490,	350.167,	0.500
2.25574,	549.6389,	0.000001,	30.925120,	350.161,	0.500
2.25631,	549.5000,	0.000001,	30.886050,	350.151,	0.500
2.25688,	549.3613,	0.000001,	30.848570,	350.141,	0.500
2.25746,	549.2201,	0.000000,	30.790840,	350.124,	0.500
2.25803,	549.0815,	0.000000,	30.733460,	350.115,	0.500
2.25865,	548.9308,	0.000000,	30.683740,	350.105,	0.500
2.25922,	548.7923,	0.000002,	30.615450,	350.095,	0.500
2.25979,	548.6538,	0.000002,	30.556860,	350.079,	0.500
2.26033,	548.5228,	0.000004,	30.516180,	350.069,	0.500
2.26090,	548.3845,	0.000001,	30.461650,	350.060,	0.500
2.26144,	548.2535,	0.000000,	30.434740,	350.052,	0.500
2.26201,	548.1154,	-0.000001,	30.403430,	350.033,	0.500
2.26263,	547.9652,	-0.000003,	30.392900,	350.024,	0.500
2.26320,	547.8272,	-0.000004,	30.421040,	350.015,	0.500
2.26378,	547.6868,	-0.000002,	30.472320,	350.008,	0.500
2.26435,	547.5489,	-0.000001,	30.544070,	349.987,	0.500
2.26492,	547.4111,	-0.000004,	30.657200,	349.980,	0.500
2.26550,	547.2710,	-0.000001,	30.808740,	349.972,	0.500
2.26607,	547.1333,	-0.000003,	30.993410,	349.961,	0.500
2.26669,	546.9837,	-0.000005,	31.197830,	349.943,	0.500
2.26726,	546.8462,	-0.000006,	31.414150,	349.936,	0.500
2.26783,	546.7087,	-0.000005,	31.635860,	349.925,	0.500
2.26837,	546.5786,	-0.000007,	31.853880,	349.915,	0.500
2.26891,	546.4485,	-0.000008,	32.081620,	349.900,	0.500
2.26948,	546.3112,	-0.000008,	32.288130,	349.889,	0.500
2.27006,	546.1717,	-0.000009,	32.514440,	349.880,	0.500
2.27063,	546.0346,	-0.000009,	32.706680,	349.871,	0.500
2.27120,	545.8975,	-0.000010,	32.876910,	349.853,	0.500
2.27178,	545.7581,	-0.000012,	33.031860,	349.843,	0.500
2.27235,	545.6212,	-0.000010,	33.167880,	349.835,	0.500
2.27293,	545.4820,	-0.000011,	33.274830,	349.827,	0.500
2.27350,	545.3453,	-0.000013,	33.360800,	349.807,	0.500
2.27411,	545.1990,	-0.000014,	33.449390,	349.908,	0.500
2.27473,	545.0504,	-0.000011,	33.482180,	350.149,	0.500
2.27526,	544.9234,	-0.000010,	33.463710,	350.140,	0.500
2.27584,	544.7845,	-0.000015,	33.453570,	350.122,	0.500
2.27637,	544.6577,	-0.000015,	33.389630,	350.114,	0.500
2.27695,	544.5190,	-0.000015,	33.286590,	350.106,	0.500
2.27752,	544.3827,	-0.000013,	33.166970,	350.096,	0.500
2.27810,	544.2441,	-0.000011,	32.974420,	350.080,	0.500
2.27871,	544.0984,	-0.000011,	32.784950,	350.072,	0.500
2.27924,	543.9719,	-0.000012,	32.515780,	350.060,	0.500
2.27982,	543.8335,	-0.000010,	32.243770,	350.051,	0.500
2.28039,	543.6975,	-0.000011,	31.910780,	350.035,	0.500
2.28097,	543.5593,	-0.000011,	31.509130,	350.024,	0.500
2.28158,	543.4140,	-0.000007,	31.062440,	350.015,	0.500
2.28215,	543.2782,	-0.000004,	30.555600,	350.006,	0.500
2.28277,	543.1307,	-0.000008,	30.038200,	349.986,	0.500
2.28330,	543.0046,	-0.000005,	29.489960,	349.976,	0.500
2.28384,	542.8762,	-0.000007,	28.937470,	349.969,	0.500
2.28441,	542.7408,	-0.000003,	28.341020,	349.961,	0.500
2.28499,	542.6030,	-0.000002,	27.732080,	349.942,	0.500
2.28560,	542.4582,	-0.000003,	27.114180,	349.933,	0.500
2.28618,	542.3206,	0.000001,	26.587360,	349.927,	0.500
2.28675,	542.1854,	0.000001,	26.117910,	349.916,	0.500
2.28729,	542.0574,	0.000001,	25.753210,	349.897,	0.500
2.28786,	541.9223,	0.000003,	25.468700,	349.890,	0.500
2.28843,	541.7874,	0.000004,	25.314770,	349.881,	0.500
2.28905,	541.6406,	0.000005,	25.259610,	349.870,	0.500
2.28962,	541.5058,	0.000004,	25.299580,	349.855,	0.500
2.29020,	541.3686,	0.000004,	25.419460,	349.845,	0.500
2.29077,	541.2339,	0.000007,	25.594070,	349.835,	0.500
2.29131,	541.1064,	0.000006,	25.830810,	349.826,	0.500
2.29184,	540.9812,	0.000006,	26.051880,	350.201,	0.500
2.29242,	540.8444,	-0.000001,	26.296830,	350.191,	0.500
2.29303,	540.7005,	0.000006,	26.533030,	350.182,	0.500
2.29360,	540.5661,	0.000005,	26.752330,	350.175,	0.500
2.29418,	540.4295,	0.000006,	26.957220,	350.154,	0.500
2.29475,	540.2952,	0.000005,	27.130650,	350.147,	0.500
2.29533,	540.1587,	0.000005,	27.273320,	350.138,	0.500
2.29590,	540.0246,	0.000004,	27.387270,	350.130,	0.500
2.29648,	539.8882,	0.000003,	27.507070,	350.110,	0.500
2.29709,	539.7448,	0.000002,	27.578800,	350.102,	0.500
2.29766,	539.6109,	0.000005,	27.643390,	350.094,	0.500
2.29824,	539.4747,	0.000003,	27.704960,	350.083,	0.500
2.29877,	539.3504,	0.000005,	27.759000,	350.067,	0.500
2.29935,	539.2143,	-0.000008,	27.810700,	350.060,	0.500
2.29988,	539.0901,	0.000003,	27.860010,	350.048,	0.500
2.30050,	538.9448,	0.000007,	27.943330,	350.040,	0.500
2.30107,	538.8113,	0.000006,	28.060000,	350.023,	0.500
2.30164,	538.6778,	-0.000012,	28.188740,	350.013,	0.500
2.30222,	538.5421,	0.000009,	28.344690,	350.003,	0.500
2.30279,	538.4088,	0.000006,	28.541160,	349.994,	0.500
2.30337,	538.2732,	0.000009,	28.790620,	349.977,	0.500
2.30394,	538.1401,	-0.000018,	29.063390,	349.968,	0.500
2.30452,	538.0046,	0.000009,	29.355040,	349.959,	0.500
2.30513,	537.8623,	0.000010,	29.712840,	349.951,	0.500
2.30570,	537.7293,	0.000010,	30.072440,	349.932,	0.500
2.30624,	537.6034,	-0.000017,	30.439710,	349.922,	0.500
2.30678,	537.4775,	0.000009,	30.825180,	349.915,	0.500
2.30735,	537.3448,	0.000007,	31.305840,	349.906,	0.500
2.30792,	537.2121,	0.000005,	31.760390,	349.886,	0.500
2.30854,	537.0678,	-0.000020,	32.252650,	349.878,	0.500
2.30911,	536.9352,	0.000003,	32.737440,	349.869,	0.500
2.30969,	536.8004,	0.000001,	33.187250,	349.859,	0.500
2.31026,	536.6679,	0.000000,	33.667060,	349.843,	0.500
2.31080,	536.5425,	-0.000016,	34.109190,	349.833,	0.500
2.31137,	536.4102,	-0.000002,	34.518670,	349.823,	0.500
2.31198,	536.2687,	-0.000002,	34.960690,	349.813,	0.500
2.31256,	536.1342,	-0.000005,	35.355850,	350.192,	0.500
2.31313,	536.0021,	-0.000020,	35.740250,	350.374,	0.500
2.31371,	535.8677,	-0.000011,	36.071340,	350.557,	0.500
2.31424,	535.7450,	-0.000012,	36.356310,	350.550,	0.500
2.31478,	535.6200,	-0.000014,	36.607210,	350.532,	0.500
2.31539,	535.4789,	-0.000019,	36.796380,	350.521,	0.500
2.31596,	535.3471,	-0.000014,	36.997120,	350.514,	0.500
2.31654,	535.2131,	-0.000017,	37.128340,	350.506,	0.500
2.31711,	535.0814,	-0.000020,	37.190040,	350.485,	0.500
2.31769,	534.9475,	-0.000023,	37.200630,	350.476,	0.500
2.31826,	534.8160,	-0.000019,	37.140790,	350.470,	0.500
2.31884,	534.6822,	-0.000020,	37.005840,	350.461,	0.500
2.31941,	534.5508,	-0.000023,	36.737270,	350.441,	0.500
2.32002,	534.4102,	-0.000022,	36.390310,	350.435,	0.500
2.32060,	534.2767,	-0.000018,	35.955220,	350.425,	0.500
2.32113,	534.1547,	-0.000017,	35.433410,	350.414,	0.500
2.32167,	534.0304,	-0.000016,	34.903880,	350.398,	0.500
2.32224,	533.8994,	-0.000018,	34.355480,	350.389,	0.500
2.32278,	533.7752,	-0.000013,	33.803980,	350.379,	0.500
2.32339,	533.6351,	-0.000012,	33.321090,	350.370,	0.500
2.32397,	533.5019,	-0.000014,	33.046280,	350.353,	0.500
2.32454,	533.3711,	-0.000014,	32.957280,	350.342,	0.500
2.32512,	533.2380,	-0.000013,	33.121260,	350.334,	0.500
2.32569,	533.1074,	-0.000015,	33.508660,	350.326,	0.500
2.32626,	532.9767,	-0.000017,	34.065750,	350.306,	0.500
2.32684,	532.8439,	-0.000021,	34.816890,	350.296,	0.500
2.32741,	532.7134,	-0.000021,	35.621760,	350.288,	0.500
2.32803,	532.5715,	-0.000023,	36.426150,	350.280,	0.500
2.32860,	532.4411,	-0.000024,	37.263770,	350.258,	0.500
2.32914,	532.3177,	-0.000024,	38.001800,	350.250,	0.500
2.32967,	532.1966,	-0.000025,	38.755040,	350.241,	0.500
2.33021,	532.0733,	-0.000022,	39.416760,	350.231,	0.500
2.33082,	531.9340,	-0.000021,	40.081480,	350.213,	0.500
2.33143,	531.7948,	-0.000022,	40.692650,	350.206,	0.500
2.33201,	531.6626,	-0.000015,	41.278550,	350.195,	0.500
2.33258,	531.5327,	-0.000014,	41.784120,	350.186,	0.500
2.33312,	531.4096,	-0.000012,	42.268020,	350.171,	0.500
2.33369,	531.2798,	-0.000010,	42.728550,	350.160,	0.500
2.33427,	531.1478,	-0.000009,	43.151080,	350.151,	0.500
2.33488,	531.0091,	-0.000003,	43.541280,	350.143,	0.500
2.33549,	530.8704,	-0.000003,	43.891510,	350.125,	0.500
2.33607,	530.7386,	-0.000003,	44.215910,	350.114,	0.500
2.33660,	530.6182,	0.000000,	44.459500,	350.106,	0.500
2.33714,	530.4956,	0.000001,	44.682420,	350.098,	0.500
2.33771,	530.3662,	-0.000001,	44.889280,	350.079,	0.500
2.33829,	530.2347,	-0.000001,	45.074230,	350.070,	0.500
2.33886,	530.1055,	-0.000001,	45.233910,	350.061,	0.500
2.33944,	529.9740,	0.000001,	45.382370,	350.053,	0.500
2.34005,	529.8359,	0.000000,	45.502450,	350.034,	0.500
2.34062,	529.7068,	-0.000002,	45.639410,	350.026,	0.500
2.34120,	529.5756,	0.000001,	45.723580,	350.017,	0.500
2.34173,	529.4558,	0.000002,	45.817100,	350.005,	0.500
2.34235,	529.3156,	0.000000,	45.909940,	349.988,	0.500
2.34292,	529.1868,	0.000000,	46.022050,	349.980,	0.500
2.34349,	529.0581,	-0.000001,	46.109740,	349.970,	0.500
2.34407,	528.9272,	-0.000001,	46.173160,	349.961,	0.500
2.34461,	528.8054,	0.000000,	46.252380,	349.944,	0.500
2.34518,	528.6769,	-0.000001,	46.343710,	349.934,	0.500
2.34572,	528.5552,	-0.000002,	46.413400,	349.924,	0.500
2.34633,	528.4178,	0.000001,	46.474500,	349.916,	0.500
2.34690,	528.2894,	-0.000002,	46.571320,	349.898,	0.500
2.34752,	528.1499,	-0.000002,	46.636980,	349.888,	0.500
2.34809,	528.0217,	-0.000004,	46.712040,	349.880,	0.500
2.34863,	527.9003,	-0.000001,	46.791720,	349.871,	0.500
2.34920,	527.7722,	0.000000,	46.853510,	349.852,	0.500
2.34977,	527.6442,	0.000000,	46.944550,	349.844,	0.500
2.35039,	527.5050,	-0.000004,	47.007720,	349.835,	0.500
2.35096,	527.3771,	-0.000002,	47.078440,	349.828,	0.500
2.35150,	527.2560,	-0.000003,	47.170650,	349.808,	0.500
2.35207,	527.1282,	-0.000003,	47.247810,	349.799,	0.500
2.35261,	527.0072,	-0.000009,	47.318120,	349.790,	0.500
2.35314,	526.8885,	0.000000,	47.404950,	349.780,	0.500
2.35376,	526.7497,	-0.000003,	47.480200,	349.763,	0.500
2.35433,	526.6222,	-0.000003,	47.635100,	349.997,	0.500
2.35491,	526.4925,	-0.000021,	47.725980,	350.126,	0.500
2.35552,	526.3562,	-0.000003,	47.821320,	350.119,	0.500
2.35605,	526.2377,	-0.000002,	47.916330,	350.103,	0.500
2.35663,	526.1082,	-0.000004,	48.005100,	350.093,	0.500
2.35720,	525.9810,	-0.000025,	48.106490,	350.083,	0.500
2.35778,	525.8516,	-0.000002,	48.207000,	350.076,	0.500
2.35839,	525.7156,	-0.000004,	48.303500,	350.057,	0.500
2.35896,	525.5886,	-0.000005,	48.429540,	350.048,	0.500
2.35950,	525.4683,	-0.000033,	48.511780,	350.040,	0.500
2.36007,	525.3414,	-0.000003,	48.607660,	350.032,	0.500
2.36061,	525.2212,	-0.000002,	48.716860,	350.013,	0.500
2.36118,	525.0944,	-0.000002,	48.821140,	350.004,	0.500
2.36176,	524.9655,	-0.000032,	48.925620,	349.995,	0.500
2.36237,	524.8299,	-0.000003,	49.025270,	349.985,	0.500
2.36295,	524.7011,	-0.000004,	49.149930,	349.966,	0.500
2.36356,	524.5657,	-0.000008,	49.233390,	349.959,	0.500
2.36409,	524.4481,	-0.000030,	49.335260,	349.949,	0.500
2.36467,	524.3194,	-0.000005,	49.452080,	349.940,	0.500
2.36524,	524.1931,	-0.000006,	49.544770,	349.922,	0.500
2.36586,	524.0557,	-0.000010,	49.634160,	349.913,	0.500
2.36643,	523.9295,	-0.000021,	49.742170,	349.904,	0.500
2.36700,	523.8033,	-0.000003,	49.845000,	349.895,	0.500
2.36754,	523.6838,	-0.000006,	49.916320,	349.878,	0.500
2.36808,	523.5644,	-0.000008,	50.011430,	349.868,	0.500
2.36865,	523.4384,	-0.000016,	50.089740,	349.861,	0.500
2.36926,	523.3037,	-0.000007,	50.176280,	349.851,	0.500
2.36984,	523.1756,	-0.000006,	50.273110,	349.833,	0.500
2.37045,	523.0410,	-0.000007,	50.332720,	349.824,	0.500
2.37103,	522.9130,	-0.000008,	50.404780,	349.816,	0.500
2.37156,	522.7962,	-0.000005,	50.530930,	349.807,	0.500
2.37214,	522.6683,	-0.000006,	50.600500,	350.166,	0.500
2.37271,	522.5428,	-0.000010,	50.660590,	350.158,	0.500
2.37332,	522.4085,	-0.000009,	50.727350,	350.150,	0.500
2.37390,	522.2808,	-0.000006,	50.777300,	350.140,	0.500
2.37447,	522.1554,	-0.000006,	50.830210,	350.122,	0.500
2.37501,	522.0367,	-0.000007,	50.873470,	350.113,	0.500
2.37554,	521.9203,	-0.000010,	50.929430,	350.103,	0.500
2.37612,	521.7929,	-0.000007,	50.981760,	350.094,	0.500
2.37669,	521.6677,	-0.000007,	51.015960,	350.077,	0.500
2.37730,	521.5339,	-0.000012,	51.049060,	350.066,	0.500
2.37788,	521.4066,	-0.000009,	51.095790,	350.058,	0.500
2.37845,	521.2817,	-0.000006,	51.139100,	350.049,	0.500
2.37903,	521.1546,	-0.000008,	51.173070,	350.032,	0.500
2.37956,	521.0385,	-0.000008,	51.206090,	350.020,	0.500
2.38014,	520.9116,	-0.000011,	51.252620,	350.013,	0.500
2.38071,	520.7868,	-0.000008,	51.315300,	350.006,	0.500
2.38133,	520.6512,	-0.000009,	51.351320,	349.986,	0.500
2.38190,	520.5267,	-0.000003,	51.406080,	349.978,	0.500
2.38247,	520.4021,	-0.000006,	51.465060,	349.968,	0.500
2.38301,	520.2842,	-0.000006,	51.533010,	349.959,	0.500
2.38355,	520.1663,	-0.000007,	51.591560,	349.941,	0.500
2.38416,	520.0332,	-0.000012,	51.659120,	349.932,	0.500
2.38473,	519.9089,	-0.000012,	51.743040,	349.923,	0.500
2.38535,	519.7738,	-0.000009,	51.828610,	349.913,	0.500
2.38592,	519.6496,	-0.000009,	51.911740,	349.896,	0.500
2.38649,	519.5255,	-0.000012,	52.005510,	349.889,	0.500
2.38703,	519.4080,	-0.000009,	52.110720,	349.877,	0.500
2.38760,	519.2840,	-0.000009,	52.204490,	349.870,	0.500
2.38818,	519.1579,	-0.000012,	52.315630,	349.851,	0.500
2.38879,	519.0253,	-0.000085,	52.443840,	349.841,	0.500
2.38937,	518.8993,	-0.000053,	52.556810,	349.831,	0.500
2.38994,	518.7756,	-0.000030,	52.664530,	349.822,	0.500
2.39048,	518.6584,	-0.000015,	52.788850,	349.804,	0.500
2.39105,	518.5347,	-0.000011,	52.873580,	349.796,	0.500
2.39163,	518.4090,	-0.000010,	53.020590,	349.786,	0.500
2.39220,	518.2854,	-0.000011,	53.187950,	349.779,	0.500
2.39281,	518.1533,	-0.000007,	53.345380,	350.128,	0.500
2.39339,	518.0278,	-0.000011,	53.491020,	350.118,	0.500
2.39396,	517.9044,	-0.000016,	53.629420,	350.110,	0.500
2.39454,	517.7790,	-0.000014,	53.734900,	350.101,	0.500
2.39511,	517.6557,	-0.000014,	53.864530,	350.081,	0.500
2.39568,	517.5326,	-0.000015,	54.006460,	350.076,	0.500
2.39626,	517.4073,	-0.000014,	54.170150,	350.066,	0.500
2.39687,	517.2756,	-0.000013,	54.289810,	350.057,	0.500
2.39745,	517.1505,	-0.000015,	54.437040,	350.038,	0.500
2.39798,	517.0362,	-0.000015,	54.566300,	350.030,	0.500
2.39852,	516.9198,	-0.000017,	54.684710,	350.019,	0.500
2.39909,	516.7970,	-0.000019,	54.798290,	350.011,	0.500
2.39967,	516.6721,	-0.000016,	54.966060,	349.995,	0.500
2.40028,	516.5408,	-0.000017,	55.088170,	349.984,	0.500
2.40085,	516.4181,	-0.000017,	55.225950,	349.975,	0.500
2.40147,	516.2848,	-0.000018,	55.376680,	349.966,	0.500
2.40200,	516.1709,	-0.000017,	55.499870,	349.948,	0.500
2.40258,	516.0463,	-0.000019,	55.608630,	349.939,	0.500
2.40311,	515.9325,	-0.000017,	55.770630,	349.930,	0.500
2.40372,	515.8015,	-0.000027,	55.878850,	349.923,	0.500
2.40430,	515.6771,	-0.000018,	56.007010,	349.902,	0.500
2.40487,	515.5549,	-0.000019,	56.120230,	349.894,	0.500
2.40545,	515.4306,	-0.000021,	56.246830,	349.886,	0.500
2.40598,	515.3170,	-0.000034,	56.396590,	349.875,	0.500
2.40652,	515.2014,	-0.000018,	56.500230,	349.857,	0.500
2.40709,	515.0794,	-0.000020,	56.630490,	349.850,	0.500
2.40771,	514.9468,	-0.000020,	56.752050,	349.840,	0.500
2.40828,	514.8249,	-0.000052,	56.866950,	349.831,	0.500
2.40889,	514.6945,	-0.000019,	56.969000,	349.814,	0.500
2.40943,	514.5791,	-0.000020,	57.160910,	350.090,	0.500
2.41000,	514.4574,	-0.000022,	57.293460,	350.134,	0.500
2.41054,	514.3422,	-0.000054,	57.399480,	350.126,	0.500
2.41115,	514.2121,	-0.000020,	57.522690,	350.109,	0.500
2.41173,	514.0884,	-0.000023,	57.639160,	350.099,	0.500
2.41230,	513.9669,	-0.000013,	57.758920,	350.090,	0.500
2.41288,	513.8434,	-0.000040,	57.879200,	350.082,	0.500
2.41341,	513.7305,	-0.000017,	57.992270,	350.063,	0.500
2.41395,	513.6156,	-0.000022,	58.095840,	350.056,	0.500
2.41452,	513.4944,	-0.000024,	58.214730,	350.047,	0.500
2.41513,	513.3647,	-0.000037,	58.319130,	350.039,	0.500
2.41571,	513.2414,	-0.000023,	58.454900,	350.019,	0.500
2.41632,	513.1119,	-0.000024,	58.583190,	350.010,	0.500
2.41690,	512.9887,	-0.000023,	58.675950,	350.004,	0.500
2.41743,	512.8763,	-0.000031,	58.783200,	349.993,	0.500
2.41801,	512.7532,	-0.000023,	58.909940,	349.976,	0.500
2.41858,	512.6324,	-0.000026,	59.031780,	349.968,	0.500
2.41916,	512.5095,	-0.000023,	59.126920,	349.956,	0.500
2.41977,	512.3803,	-0.000025,	59.233180,	349.948,	0.500
2.42034,	512.2596,	-0.000025,	59.350950,	349.932,	0.500
2.42088,	512.1454,	-0.000026,	59.462500,	349.921,	0.500
