X, Y, sig,    mon,    Ring,  sec
#lmd,   E,  HOYAX,  Y,  Smpl,  Det, AGC X, Y, Smpl, Det, pps
#13.50012,	91.8394,	12.501,	34.200,	82.900,	167.431,	0.000,	-76.000,	0.000,	29.999,50

-20.010,	34.200,	0.001406,	0.000125,	350.123,	99.780
-19.935,	34.200,	0.001610,	0.006452,	350.102,	0.500
-19.836,	34.200,	0.003151,	0.002163,	350.095,	0.650
-19.764,	34.200,	0.005018,	0.007102,	350.079,	0.490
-19.689,	34.200,	0.006817,	0.006508,	350.066,	0.490
-19.614,	34.200,	0.009407,	0.006452,	350.059,	0.490
-19.539,	34.200,	0.012253,	0.005764,	350.051,	0.500
-19.467,	34.200,	0.014953,	0.006152,	350.043,	0.480
-19.389,	34.200,	0.017672,	0.007234,	350.022,	0.520
-19.317,	34.200,	0.019968,	0.006544,	350.015,	0.500
-19.245,	34.200,	0.021550,	0.006374,	350.007,	0.490
-19.170,	34.200,	0.022133,	0.006135,	349.994,	0.490
-19.098,	34.200,	0.022194,	0.006600,	349.977,	0.490
-19.020,	34.200,	0.021960,	0.005433,	349.970,	0.490
-18.951,	34.200,	0.021755,	0.005896,	349.958,	0.480
-18.876,	34.200,	0.021805,	0.006546,	349.950,	0.490
-18.804,	34.200,	0.022002,	0.006570,	349.934,	0.490
-18.732,	34.200,	0.021548,	0.006992,	349.923,	0.480
-18.657,	34.200,	0.021002,	0.006852,	349.913,	0.490
-18.582,	34.200,	0.020375,	0.006988,	349.906,	0.490
-18.510,	34.200,	0.019703,	0.006977,	349.899,	0.500
-18.435,	34.200,	0.018846,	0.006824,	349.878,	0.500
-18.360,	34.200,	0.038739,	0.008528,	349.870,	0.500
-18.285,	34.200,	0.045915,	0.039762,	349.862,	0.500
-18.210,	34.200,	0.035244,	0.040445,	349.852,	0.500
-18.132,	34.200,	0.027355,	0.039282,	349.834,	0.500
-18.057,	34.200,	0.023226,	0.039529,	349.827,	0.500
-17.982,	34.200,	0.021697,	0.040486,	349.816,	0.500
-17.907,	34.200,	0.021422,	0.040430,	349.804,	0.500
-17.835,	34.200,	0.021743,	0.039435,	350.179,	0.500
-17.760,	34.200,	0.021962,	0.039318,	350.172,	0.500
-17.685,	34.200,	0.022202,	0.039333,	350.161,	0.500
-17.607,	34.200,	0.022169,	0.039043,	350.154,	0.500
-17.535,	34.200,	0.022121,	0.040266,	350.136,	0.500
-17.460,	34.200,	0.022074,	0.039114,	350.125,	0.500
-17.382,	34.200,	0.022104,	0.039424,	350.118,	0.500
-17.310,	34.200,	0.022183,	0.038640,	350.110,	0.500
-17.235,	34.200,	0.022127,	0.039292,	350.090,	0.500
-17.157,	34.200,	0.022123,	0.039376,	350.081,	0.500
-17.082,	34.200,	0.022102,	0.038788,	350.074,	0.500
-17.010,	34.200,	0.022092,	0.038648,	350.066,	0.500
-16.935,	34.200,	0.022114,	0.039437,	350.045,	0.500
-16.860,	34.200,	0.022160,	0.038993,	350.038,	0.500
-16.785,	34.200,	0.022162,	0.038900,	350.030,	0.500
-16.707,	34.200,	0.022151,	0.039084,	350.018,	0.500
-16.635,	34.200,	0.022256,	0.038414,	350.001,	0.500
-16.560,	34.200,	0.022243,	0.040277,	349.994,	0.500
-16.482,	34.200,	0.022308,	0.039555,	349.983,	0.500
-16.407,	34.200,	0.022328,	0.039840,	349.973,	0.500
-16.332,	34.200,	0.022489,	0.040001,	349.957,	0.500
-16.257,	34.200,	0.022474,	0.039913,	349.946,	0.500
-16.185,	34.200,	0.022432,	0.040255,	349.936,	0.500
-16.107,	34.200,	0.022390,	0.041106,	349.928,	0.500
-16.032,	34.200,	0.022252,	0.040908,	349.911,	0.500
-15.960,	34.200,	0.022140,	0.041126,	349.900,	0.500
-15.885,	34.200,	0.022067,	0.039833,	349.892,	0.500
-15.807,	34.200,	0.022058,	0.040277,	349.884,	0.500
-15.732,	34.200,	0.022072,	0.039659,	349.863,	0.500
-15.657,	34.200,	0.022095,	0.041440,	349.856,	0.500
-15.582,	34.200,	0.022106,	0.040822,	349.848,	0.500
-15.507,	34.200,	0.022101,	0.040525,	349.840,	0.500
-15.435,	34.200,	0.022097,	0.042186,	349.820,	0.500
-15.360,	34.200,	0.022112,	0.040115,	349.811,	0.500
-15.282,	34.200,	0.022248,	0.041192,	349.804,	0.500
-15.207,	34.200,	0.022225,	0.039575,	349.791,	0.500
-15.135,	34.200,	0.022201,	0.040990,	350.160,	0.500
-15.057,	34.200,	0.022201,	0.041164,	350.155,	0.500
-14.985,	34.200,	0.022259,	0.040979,	350.143,	0.500
-14.910,	34.200,	0.022248,	0.041557,	350.133,	0.500
-14.832,	34.200,	0.022210,	0.040079,	350.118,	0.500
-14.760,	34.200,	0.022212,	0.041085,	350.107,	0.500
-14.682,	34.200,	0.022174,	0.040613,	350.099,	0.500
-14.610,	34.200,	0.022366,	0.038879,	350.091,	0.500
-14.532,	34.200,	0.022351,	0.039893,	350.072,	0.500
-14.457,	34.200,	0.022363,	0.040137,	350.063,	0.500
-14.385,	34.200,	0.022281,	0.039848,	350.055,	0.500
-14.307,	34.200,	0.022308,	0.039753,	350.046,	0.500
-14.232,	34.200,	0.022367,	0.040012,	350.026,	0.500
-14.157,	34.200,	0.022410,	0.038853,	350.019,	0.500
-14.082,	34.200,	0.022428,	0.040034,	350.011,	0.500
-14.007,	34.200,	0.022430,	0.039376,	350.000,	0.500
-13.932,	34.200,	0.022441,	0.038517,	349.983,	0.500
-13.860,	34.200,	0.022469,	0.038991,	349.974,	0.500
-13.785,	34.200,	0.022489,	0.038870,	349.964,	0.500
-13.710,	34.200,	0.022486,	0.038982,	349.952,	0.500
-13.635,	34.200,	0.022464,	0.038892,	349.937,	0.500
-13.557,	34.200,	0.023071,	0.039282,	349.928,	0.500
-13.482,	34.200,	0.023046,	0.039738,	349.918,	0.500
-13.410,	34.200,	0.022915,	0.038978,	349.910,	0.500
-13.335,	34.200,	0.022814,	0.039116,	349.892,	0.500
-13.257,	34.200,	0.022747,	0.039023,	349.881,	0.500
-13.185,	34.200,	0.022668,	0.038933,	349.874,	0.500
-13.110,	34.200,	0.022628,	0.039314,	349.865,	0.500
-13.035,	34.200,	0.022647,	0.039258,	349.845,	0.500
-12.960,	34.200,	0.022755,	0.039859,	349.838,	0.500
-12.885,	34.200,	0.022875,	0.039144,	350.158,	0.500
-12.810,	34.200,	0.023201,	0.038898,	350.180,	0.500
-12.732,	34.200,	0.023091,	0.039577,	350.160,	0.500
-12.657,	34.200,	0.022950,	0.039801,	350.152,	0.500
-12.585,	34.200,	0.022875,	0.042476,	350.144,	0.510
-12.510,	34.200,	0.022883,	0.039650,	350.134,	0.490
-12.432,	34.200,	0.022915,	0.040428,	350.117,	0.500
-12.360,	34.200,	0.022895,	0.040350,	350.110,	0.500
-12.282,	34.200,	0.022187,	0.040561,	350.099,	0.500
-12.210,	34.200,	0.021665,	0.040587,	350.089,	0.500
-12.135,	34.200,	0.021482,	0.040650,	350.072,	0.500
-12.060,	34.200,	0.021482,	0.039751,	350.064,	0.500
-11.982,	34.200,	0.021552,	0.040064,	350.053,	0.500
-11.910,	34.200,	0.021648,	0.040781,	350.045,	0.500
-11.835,	34.200,	0.021746,	0.040320,	350.027,	0.500
-11.757,	34.200,	0.021841,	0.040740,	350.016,	0.500
-11.685,	34.200,	0.021922,	0.039458,	350.009,	0.500
-11.607,	34.200,	0.022021,	0.039422,	350.000,	0.500
-11.532,	34.200,	0.022106,	0.039598,	349.979,	0.500
-11.457,	34.200,	0.022235,	0.039374,	349.972,	0.500
-11.382,	34.200,	0.022373,	0.038980,	349.963,	0.500
-11.307,	34.200,	0.022379,	0.039053,	349.955,	0.500
-11.235,	34.200,	0.022463,	0.038687,	349.936,	0.500
-11.160,	34.200,	0.022555,	0.039079,	349.927,	0.500
-11.085,	34.200,	0.022607,	0.038954,	349.918,	0.500
-11.010,	34.200,	0.022619,	0.038765,	349.907,	0.500
-10.935,	34.200,	0.022668,	0.038640,	349.891,	0.500
-10.860,	34.200,	0.022737,	0.037595,	349.883,	0.500
-10.782,	34.200,	0.022701,	0.037283,	349.872,	0.500
-10.710,	34.200,	0.022659,	0.038342,	349.863,	0.500
-10.635,	34.200,	0.022706,	0.038795,	349.846,	0.500
-10.557,	34.200,	0.022762,	0.038713,	349.835,	0.500
-10.485,	34.200,	0.022871,	0.038931,	349.826,	0.500
-10.410,	34.200,	0.022956,	0.039454,	349.818,	0.500
-10.335,	34.200,	0.022792,	0.039148,	349.799,	0.500
-10.260,	34.200,	0.022747,	0.038095,	349.789,	0.500
-10.185,	34.200,	0.023000,	0.040979,	350.118,	0.500
-10.110,	34.200,	0.023185,	0.038760,	350.139,	0.500
-10.035,	34.200,	0.023260,	0.038638,	350.120,	0.500
-9.957,	34.200,	0.023126,	0.039398,	350.112,	0.500
-9.885,	34.200,	0.023245,	0.038676,	350.104,	0.500
-9.810,	34.200,	0.023375,	0.040236,	350.094,	0.500
-9.732,	34.200,	0.023463,	0.040085,	350.076,	0.500
-9.660,	34.200,	0.023509,	0.040141,	350.068,	0.500
-9.582,	34.200,	0.023521,	0.035833,	350.059,	0.500
-9.510,	34.200,	0.023538,	0.040507,	350.048,	0.500
-9.435,	34.200,	0.023552,	0.040180,	350.032,	0.500
-9.360,	34.200,	0.023578,	0.039353,	350.024,	0.500
-9.285,	34.200,	0.023610,	0.037905,	350.012,	0.500
-9.207,	34.200,	0.023633,	0.038687,	350.005,	0.500
-9.132,	34.200,	0.023652,	0.038549,	349.988,	0.500
-9.057,	34.200,	0.023650,	0.039224,	349.978,	0.500
-8.982,	34.200,	0.023642,	0.037903,	349.969,	0.500
-8.910,	34.200,	0.023664,	0.037461,	349.961,	0.500
-8.832,	34.200,	0.023695,	0.037899,	349.942,	0.500
-8.760,	34.200,	0.023731,	0.037800,	349.935,	0.500
-8.685,	34.200,	0.023776,	0.038360,	349.925,	0.500
-8.610,	34.200,	0.023733,	0.038146,	349.916,	0.500
-8.535,	34.200,	0.024229,	0.038280,	349.896,	0.500
-8.457,	34.200,	0.024374,	0.037239,	349.888,	0.500
-8.382,	34.200,	0.024657,	0.037112,	349.879,	0.500
-8.307,	34.200,	0.025162,	0.037013,	349.869,	0.500
-8.235,	34.200,	0.025831,	0.037709,	349.852,	0.500
-8.157,	34.200,	0.026571,	0.036893,	349.843,	0.500
-8.085,	34.200,	0.027266,	0.037731,	349.834,	0.500
-8.007,	34.200,	0.027781,	0.037793,	349.823,	0.500
-7.935,	34.200,	0.028246,	0.037601,	350.140,	0.500
-7.860,	34.200,	0.028636,	0.039006,	350.132,	0.491
-7.785,	34.200,	0.028957,	0.039312,	350.122,	0.500
-7.710,	34.200,	0.029155,	0.038112,	350.114,	0.500
-7.635,	34.200,	0.029302,	0.037679,	350.096,	0.500
-7.560,	34.200,	0.029248,	0.037922,	350.087,	0.500
-7.485,	34.200,	0.029220,	0.037345,	350.078,	0.500
-7.410,	34.200,	0.029249,	0.038556,	350.069,	0.500
-7.335,	34.200,	0.029451,	0.039506,	350.051,	0.500
-7.260,	34.200,	0.029799,	0.039467,	350.043,	0.500
-7.185,	34.200,	0.030147,	0.042170,	350.033,	0.500
-7.110,	34.200,	0.030455,	0.037461,	350.024,	0.500
-7.035,	34.200,	0.030721,	0.035624,	350.006,	0.500
-6.960,	34.200,	0.030912,	0.034872,	349.996,	0.500
-6.885,	34.200,	0.031006,	0.035514,	349.988,	0.500
-6.810,	34.200,	0.030995,	0.036218,	349.978,	0.500
-6.735,	34.200,	0.030930,	0.040576,	349.961,	0.500
-6.660,	34.200,	0.030842,	0.040719,	349.953,	0.500
-6.585,	34.200,	0.030549,	0.039874,	349.943,	0.500
-6.510,	34.200,	0.029936,	0.037604,	349.935,	0.500
-6.435,	34.200,	0.029002,	0.037220,	349.916,	0.500
-6.360,	34.200,	0.027870,	0.036438,	349.906,	0.500
-6.285,	34.200,	0.026733,	0.035747,	349.897,	0.500
-6.210,	34.200,	0.025950,	0.036154,	349.889,	0.500
-6.135,	34.200,	0.025537,	0.036223,	349.870,	0.500
-6.060,	34.200,	0.025352,	0.036843,	349.861,	0.500
-5.985,	34.200,	0.025292,	0.036188,	349.852,	0.500
-5.910,	34.200,	0.025246,	0.036432,	349.843,	0.500
-5.835,	34.200,	0.025252,	0.036822,	349.825,	0.500
-5.760,	34.200,	0.025253,	0.038709,	349.817,	0.500
-5.685,	34.200,	0.025271,	0.038121,	350.170,	0.500
-5.610,	34.200,	0.025272,	0.038422,	350.185,	0.500
-5.535,	34.200,	0.025273,	0.038142,	350.168,	0.500
-5.460,	34.200,	0.025285,	0.038480,	350.159,	0.500
-5.385,	34.200,	0.025292,	0.037750,	350.151,	0.500
-5.310,	34.200,	0.025302,	0.038280,	350.141,	0.500
-5.235,	34.200,	0.025316,	0.037860,	350.123,	0.500
-5.160,	34.200,	0.025326,	0.037916,	350.115,	0.500
-5.085,	34.200,	0.025346,	0.036106,	350.105,	0.500
-5.010,	34.200,	0.025360,	0.036666,	350.096,	0.500
-4.935,	34.200,	0.025378,	0.036524,	350.078,	0.500
-4.860,	34.200,	0.025382,	0.037091,	350.069,	0.500
-4.785,	34.200,	0.025393,	0.036274,	350.061,	0.500
-4.710,	34.200,	0.025414,	0.036287,	350.051,	0.500
-4.635,	34.200,	0.025435,	0.036815,	350.034,	0.500
-4.560,	34.200,	0.025459,	0.036475,	350.025,	0.500
-4.485,	34.200,	0.025613,	0.036955,	350.016,	0.500
-4.410,	34.200,	0.025606,	0.036798,	350.006,	0.500
-4.335,	34.200,	0.025592,	0.037653,	349.988,	0.500
-4.260,	34.200,	0.025588,	0.036914,	349.979,	0.500
-4.185,	34.200,	0.025601,	0.038024,	349.970,	0.500
-4.110,	34.200,	0.025612,	0.037130,	349.961,	0.500
-4.035,	34.200,	0.025639,	0.036964,	349.944,	0.500
-3.960,	34.200,	0.025667,	0.038640,	349.934,	0.500
-3.876,	34.200,	0.025677,	0.038489,	349.924,	0.560
-3.804,	34.200,	0.025723,	0.038034,	349.906,	0.480
-3.729,	34.200,	0.025736,	0.038177,	349.897,	0.500
-3.657,	34.200,	0.025742,	0.038065,	349.889,	0.480
-3.585,	34.200,	0.025750,	0.037597,	349.878,	0.490
-3.510,	34.200,	0.025756,	0.036750,	349.870,	0.490
-3.435,	34.200,	0.025762,	0.037761,	349.853,	0.500
-3.360,	34.200,	0.025762,	0.036078,	349.843,	0.500
-3.285,	34.200,	0.025780,	0.036320,	349.834,	0.500
-3.210,	34.200,	0.026581,	0.036921,	349.825,	0.500
-3.135,	34.200,	0.026306,	0.035824,	349.805,	0.500
-3.060,	34.200,	0.026076,	0.035848,	349.798,	0.500
-2.985,	34.200,	0.025952,	0.036253,	350.147,	0.500
-2.910,	34.200,	0.025911,	0.036238,	350.161,	0.500
-2.835,	34.200,	0.025919,	0.035975,	350.143,	0.500
-2.760,	34.200,	0.025948,	0.035749,	350.134,	0.500
-2.685,	34.200,	0.025931,	0.036496,	350.126,	0.500
-2.610,	34.200,	0.025980,	0.036065,	350.117,	0.500
-2.535,	34.200,	0.026025,	0.037349,	350.099,	0.500
-2.460,	34.200,	0.026061,	0.037763,	350.090,	0.500
-2.385,	34.200,	0.026097,	0.037558,	350.081,	0.500
-2.310,	34.200,	0.026113,	0.038168,	350.071,	0.500
-2.235,	34.200,	0.026132,	0.037427,	350.053,	0.500
-2.160,	34.200,	0.026143,	0.037916,	350.045,	0.500
-2.085,	34.200,	0.026163,	0.038071,	350.036,	0.500
-2.010,	34.200,	0.026164,	0.037143,	350.026,	0.500
-1.935,	34.200,	0.026162,	0.037509,	350.009,	0.500
-1.860,	34.200,	0.026167,	0.036626,	349.999,	0.500
-1.785,	34.200,	0.026183,	0.037071,	349.991,	0.500
-1.710,	34.200,	0.026198,	0.035736,	349.981,	0.500
-1.635,	34.200,	0.026198,	0.036617,	349.964,	0.500
-1.560,	34.200,	0.026198,	0.037776,	349.956,	0.500
-1.485,	34.200,	0.026216,	0.035182,	349.945,	0.500
-1.410,	34.200,	0.026249,	0.034482,	349.938,	0.500
-1.335,	34.200,	0.026281,	0.034728,	349.919,	0.500
-1.260,	34.200,	0.027797,	0.035921,	349.910,	0.500
-1.185,	34.200,	0.027306,	0.036744,	349.901,	0.500
-1.110,	34.200,	0.026817,	0.038108,	349.892,	0.510
-1.035,	34.200,	0.026523,	0.036085,	349.873,	0.490
-0.960,	34.200,	0.026365,	0.037963,	349.864,	0.500
-0.885,	34.200,	0.026319,	0.036791,	349.856,	0.500
-0.810,	34.200,	0.026301,	0.036589,	349.847,	0.500
-0.735,	34.200,	0.026359,	0.037825,	350.209,	0.500
-0.660,	34.200,	0.026393,	0.037003,	350.200,	0.500
-0.585,	34.200,	0.026423,	0.037255,	350.191,	0.510
-0.510,	34.200,	0.026438,	0.036669,	350.181,	0.490
-0.435,	34.200,	0.026459,	0.037425,	350.164,	0.500
-0.360,	34.200,	0.026467,	0.036529,	350.154,	0.500
-0.285,	34.200,	0.026472,	0.036231,	350.144,	0.500
-0.210,	34.200,	0.026489,	0.035038,	350.136,	0.500
-0.135,	34.200,	0.026518,	0.037248,	350.116,	0.500
-0.060,	34.200,	0.026537,	0.035779,	350.109,	0.500
0.015,	34.200,	0.026550,	0.036081,	350.100,	0.500
0.090,	34.200,	0.026560,	0.036753,	350.092,	0.500
0.165,	34.200,	0.026589,	0.034922,	350.072,	0.500
0.240,	34.200,	0.026598,	0.035118,	350.064,	0.500
0.315,	34.200,	0.026605,	0.035393,	350.055,	0.500
0.390,	34.200,	0.026610,	0.032948,	350.045,	0.500
0.465,	34.200,	0.026623,	0.036947,	350.028,	0.500
0.540,	34.200,	0.026631,	0.036656,	350.019,	0.500
0.615,	34.200,	0.026644,	0.036929,	350.010,	0.500
0.690,	34.200,	0.026651,	0.036249,	349.999,	0.500
0.765,	34.200,	0.026660,	0.037059,	349.981,	0.500
0.840,	34.200,	0.026665,	0.036093,	349.973,	0.500
0.915,	34.200,	0.026402,	0.037304,	349.964,	0.500
0.990,	34.200,	0.026474,	0.036936,	349.954,	0.500
1.065,	34.200,	0.026539,	0.036914,	349.938,	0.500
1.140,	34.200,	0.026594,	0.037065,	349.927,	0.500
1.215,	34.200,	0.026614,	0.036466,	349.918,	0.500
1.290,	34.200,	0.026630,	0.035913,	349.910,	0.500
1.365,	34.200,	0.026626,	0.034366,	349.891,	0.500
1.440,	34.200,	0.026623,	0.034891,	349.883,	0.500
1.515,	34.200,	0.026635,	0.035962,	349.874,	0.500
1.590,	34.200,	0.026618,	0.034652,	349.866,	0.500
1.665,	34.200,	0.026620,	0.035624,	349.847,	0.500
1.740,	34.200,	0.026592,	0.035126,	349.838,	0.500
1.815,	34.200,	0.026617,	0.035635,	349.831,	0.500
1.890,	34.200,	0.026637,	0.036389,	349.820,	0.500
1.965,	34.200,	0.026680,	0.036934,	350.152,	0.500
2.040,	34.200,	0.026695,	0.036287,	350.146,	0.500
2.115,	34.200,	0.026693,	0.037220,	350.135,	0.500
2.190,	34.200,	0.026687,	0.035891,	350.126,	0.500
2.265,	34.200,	0.026682,	0.037274,	350.110,	0.500
2.340,	34.200,	0.026672,	0.036729,	350.099,	0.500
2.415,	34.200,	0.026657,	0.036205,	350.090,	0.500
2.490,	34.200,	0.026642,	0.036567,	350.080,	0.500
2.565,	34.200,	0.026644,	0.035727,	350.064,	0.500
2.640,	34.200,	0.026640,	0.035167,	350.056,	0.500
2.715,	34.200,	0.026587,	0.034915,	350.045,	0.500
2.790,	34.200,	0.026615,	0.035012,	350.038,	0.500
2.865,	34.200,	0.026640,	0.034639,	350.019,	0.500
2.937,	34.200,	0.026648,	0.034906,	350.010,	0.500
3.015,	34.200,	0.026637,	0.034734,	350.002,	0.500
3.090,	34.200,	0.026607,	0.035691,	349.993,	0.500
3.165,	34.200,	0.026595,	0.035617,	349.974,	0.500
3.237,	34.200,	0.026622,	0.035663,	349.966,	0.500
3.315,	34.200,	0.026641,	0.036923,	349.956,	0.500
3.390,	34.200,	0.026645,	0.035592,	349.946,	0.500
3.465,	34.200,	0.026640,	0.036587,	349.928,	0.500
3.540,	34.200,	0.026639,	0.036083,	349.921,	0.500
3.615,	34.200,	0.026624,	0.036664,	349.911,	0.500
3.690,	34.200,	0.026610,	0.035824,	349.901,	0.500
3.765,	34.200,	0.026487,	0.035492,	349.885,	0.500
3.840,	34.200,	0.026514,	0.034771,	349.874,	0.500
3.915,	34.200,	0.026715,	0.035217,	349.865,	0.500
3.990,	34.200,	0.026726,	0.034530,	349.856,	0.500
4.065,	34.200,	0.026676,	0.035049,	349.839,	0.500
4.140,	34.200,	0.026675,	0.033991,	349.829,	0.500
4.215,	34.200,	0.026633,	0.033832,	350.143,	0.500
4.290,	34.200,	0.026636,	0.034413,	350.147,	0.500
4.365,	34.200,	0.026621,	0.035029,	350.128,	0.500
4.440,	34.200,	0.026576,	0.035042,	350.118,	0.500
4.515,	34.200,	0.026542,	0.035583,	350.112,	0.500
4.590,	34.200,	0.026523,	0.036156,	350.101,	0.500
4.665,	34.200,	0.026577,	0.035564,	350.082,	0.500
4.740,	34.200,	0.026589,	0.036440,	350.074,	0.500
4.815,	34.200,	0.026515,	0.036955,	350.065,	0.500
4.890,	34.200,	0.026489,	0.036399,	350.055,	0.500
4.965,	34.200,	0.026455,	0.036768,	350.040,	0.500
5.040,	34.200,	0.026422,	0.035424,	350.029,	0.500
5.115,	34.200,	0.026416,	0.034682,	350.020,	0.500
5.190,	34.200,	0.026374,	0.034295,	350.010,	0.500
5.265,	34.200,	0.026258,	0.033685,	349.994,	0.500
5.340,	34.200,	0.026239,	0.034056,	349.982,	0.500
5.415,	34.200,	0.026237,	0.034506,	349.972,	0.500
5.490,	34.200,	0.026247,	0.033427,	349.964,	0.500
5.562,	34.200,	0.026264,	0.034680,	349.947,	0.500
5.640,	34.200,	0.026271,	0.035128,	349.937,	0.500
5.715,	34.200,	0.026235,	0.034758,	349.929,	0.500
5.790,	34.200,	0.026245,	0.035077,	349.920,	0.500
5.865,	34.200,	0.026165,	0.035570,	349.901,	0.500
5.940,	34.200,	0.026226,	0.036203,	349.893,	0.500
6.015,	34.200,	0.026278,	0.036208,	349.885,	0.500
6.090,	34.200,	0.026259,	0.035822,	349.874,	0.500
6.165,	34.200,	0.026217,	0.035006,	349.857,	0.500
6.240,	34.200,	0.026140,	0.034478,	349.849,	0.500
6.315,	34.200,	0.026090,	0.034127,	349.837,	0.500
6.396,	34.200,	0.026075,	0.032737,	349.917,	0.550
6.471,	34.200,	0.026063,	0.032203,	350.199,	0.500
6.546,	34.200,	0.026232,	0.032985,	350.190,	0.490
6.618,	34.200,	0.026241,	0.031966,	350.180,	0.490
6.693,	34.200,	0.026111,	0.033758,	350.171,	0.490
6.768,	34.200,	0.026012,	0.032205,	350.155,	0.500
6.840,	34.200,	0.025956,	0.033700,	350.145,	0.480
6.915,	34.200,	0.025912,	0.034678,	350.136,	0.500
6.990,	34.200,	0.025896,	0.034568,	350.130,	0.500
7.065,	34.200,	0.025867,	0.036893,	350.110,	0.500
7.140,	34.200,	0.025869,	0.036081,	350.100,	0.500
7.215,	34.200,	0.025789,	0.035548,	350.092,	0.500
7.290,	34.200,	0.025795,	0.034069,	350.084,	0.500
7.365,	34.200,	0.025740,	0.035146,	350.064,	0.500
7.440,	34.200,	0.025719,	0.033655,	350.057,	0.500
7.515,	34.200,	0.025674,	0.033147,	350.049,	0.500
7.590,	34.200,	0.025687,	0.032270,	350.037,	0.500
7.665,	34.200,	0.025620,	0.031962,	350.020,	0.500
7.737,	34.200,	0.025590,	0.032401,	350.011,	0.500
7.812,	34.200,	0.025554,	0.032998,	350.000,	0.500
7.887,	34.200,	0.025509,	0.033330,	349.992,	0.500
7.965,	34.200,	0.025453,	0.034566,	349.977,	0.500
8.040,	34.200,	0.025449,	0.035014,	349.965,	0.500
8.115,	34.200,	0.025454,	0.034480,	349.955,	0.500
8.190,	34.200,	0.025521,	0.035984,	349.947,	0.500
8.265,	34.200,	0.025549,	0.030865,	349.929,	0.500
8.340,	34.200,	0.025421,	0.035411,	349.920,	0.500
8.415,	34.200,	0.025272,	0.034648,	349.910,	0.500
8.490,	34.200,	0.025188,	0.033894,	349.904,	0.500
8.565,	34.200,	0.025180,	0.032285,	349.883,	0.500
8.637,	34.200,	0.025225,	0.033106,	349.875,	0.500
8.712,	34.200,	0.025233,	0.033224,	349.867,	0.500
8.790,	34.200,	0.025195,	0.032817,	349.858,	0.500
8.865,	34.200,	0.025165,	0.032009,	349.838,	0.500
8.940,	34.200,	0.025128,	0.033577,	349.830,	0.500
9.015,	34.200,	0.025125,	0.034071,	349.822,	0.500
9.090,	34.200,	0.025173,	0.034749,	349.811,	0.500
9.165,	34.200,	0.025078,	0.035322,	350.147,	0.500
9.240,	34.200,	0.025015,	0.035137,	350.140,	0.500
9.315,	34.200,	0.025010,	0.034409,	350.130,	0.500
9.390,	34.200,	0.025269,	0.034797,	350.119,	0.500
9.465,	34.200,	0.025101,	0.032856,	350.103,	0.500
9.537,	34.200,	0.024944,	0.033274,	350.093,	0.500
9.615,	34.200,	0.024834,	0.032011,	350.083,	0.500
9.690,	34.200,	0.024761,	0.031244,	350.076,	0.500
9.765,	34.200,	0.024724,	0.032660,	350.058,	0.500
9.840,	34.200,	0.024683,	0.031397,	350.049,	0.500
9.915,	34.200,	0.024640,	0.032819,	350.040,	0.500
9.990,	34.200,	0.024561,	0.034010,	350.032,	0.500
10.065,	34.200,	0.024497,	0.033980,	350.013,	0.500
10.140,	34.200,	0.024428,	0.034191,	350.004,	0.500
10.215,	34.200,	0.024338,	0.034396,	349.997,	0.500
10.287,	34.200,	0.024302,	0.033903,	349.987,	0.500
10.365,	34.200,	0.024279,	0.033095,	349.968,	0.500
10.440,	34.200,	0.024279,	0.033554,	349.962,	0.500
10.515,	34.200,	0.024358,	0.031720,	349.951,	0.500
10.590,	34.200,	0.024281,	0.030960,	349.942,	0.500
10.665,	34.200,	0.024131,	0.030669,	349.925,	0.500
10.740,	34.200,	0.023990,	0.030452,	349.915,	0.500
10.815,	34.200,	0.023944,	0.032076,	349.905,	0.500
10.890,	34.200,	0.023909,	0.031714,	349.895,	0.500
10.965,	34.200,	0.023912,	0.032321,	349.878,	0.500
11.040,	34.200,	0.023916,	0.032556,	349.869,	0.500
11.112,	34.200,	0.023915,	0.034185,	349.858,	0.500
11.190,	34.200,	0.023842,	0.034122,	349.852,	0.500
11.265,	34.200,	0.023850,	0.034045,	349.832,	0.500
11.340,	34.200,	0.023887,	0.033308,	349.823,	0.500
11.415,	34.200,	0.023747,	0.032645,	350.144,	0.500
11.490,	34.200,	0.023603,	0.031367,	350.141,	0.500
11.565,	34.200,	0.023507,	0.030400,	350.122,	0.500
11.640,	34.200,	0.023503,	0.030083,	350.115,	0.500
11.715,	34.200,	0.023498,	0.030281,	350.107,	0.500
11.790,	34.200,	0.023447,	0.030495,	350.098,	0.500
11.865,	34.200,	0.023403,	0.032046,	350.081,	0.500
11.940,	34.200,	0.023352,	0.032106,	350.073,	0.500
12.015,	34.200,	0.023258,	0.032367,	350.062,	0.500
12.090,	34.200,	0.023212,	0.033015,	350.053,	0.500
12.165,	34.200,	0.023184,	0.031910,	350.037,	0.500
12.240,	34.200,	0.023125,	0.031109,	350.026,	0.500
12.315,	34.200,	0.023038,	0.031501,	350.017,	0.500
12.390,	34.200,	0.022984,	0.030034,	350.007,	0.500
12.465,	34.200,	0.022935,	0.028474,	349.990,	0.500
12.540,	34.200,	0.022825,	0.028552,	349.980,	0.500
12.615,	34.200,	0.022750,	0.029915,	349.972,	0.500
12.690,	34.200,	0.022723,	0.030859,	349.965,	0.500
12.765,	34.200,	0.022678,	0.031604,	349.944,	0.500
12.840,	34.200,	0.022622,	0.031059,	349.935,	0.500
12.915,	34.200,	0.022632,	0.033116,	349.929,	0.500
12.987,	34.200,	0.022541,	0.031025,	349.918,	0.500
