Lmd,  eV,  sig,    mon,    Ring,  sec
#lmd,   E,  HOYAX,  Y,  Smpl,  Det, AGC X, Y, Smpl, Det, pps
#3.27129,	379.0072,	3.159,	34.530,	82.900,	30.000,	0.000,	-76.000,	0.000,	29.999,100

2.77004,	447.5901,	0.024656,	-0.000323,	349.827,	32.920
2.77069,	447.4851,	0.024667,	0.006971,	349.808,	0.500
2.77150,	447.3543,	0.024686,	0.007115,	349.799,	0.500
2.77230,	447.2252,	0.024707,	0.007712,	349.790,	0.500
2.77307,	447.1010,	0.024724,	0.006771,	349.784,	0.500
2.77379,	446.9850,	0.024752,	0.006704,	349.763,	0.500
2.77456,	446.8609,	0.024768,	0.007109,	349.856,	0.500
2.77533,	446.7369,	0.024810,	0.006303,	350.103,	0.500
2.77613,	446.6082,	0.024837,	0.006460,	350.094,	0.500
2.77686,	446.4908,	0.024860,	0.008106,	350.076,	0.500
2.77762,	446.3686,	0.024872,	0.005986,	350.070,	0.500
2.77839,	446.2449,	0.024906,	0.008255,	350.060,	0.500
2.77915,	446.1229,	0.024927,	0.006710,	350.050,	0.500
2.77996,	445.9929,	0.024946,	0.007141,	350.033,	0.500
2.78072,	445.8710,	0.024958,	0.005905,	350.024,	0.500
2.78149,	445.7476,	0.024986,	0.007193,	350.012,	0.500
2.78222,	445.6306,	0.025009,	0.006439,	350.004,	0.500
2.78298,	445.5089,	0.025037,	0.007725,	349.989,	0.500
2.78375,	445.3857,	0.025051,	0.006534,	349.976,	0.500
2.78452,	445.2625,	0.025080,	0.007344,	349.968,	0.500
2.78524,	445.1474,	0.025099,	0.006549,	349.960,	0.500
2.78601,	445.0244,	0.025112,	0.007007,	349.939,	0.500
2.78681,	444.8967,	0.025126,	0.006945,	349.932,	0.500
2.78758,	444.7738,	0.025160,	0.007559,	349.924,	0.500
2.78834,	444.6525,	0.025177,	0.007070,	349.917,	0.500
2.78911,	444.5298,	0.025201,	0.007552,	349.895,	0.500
2.78984,	444.4135,	0.025210,	0.007182,	349.888,	0.500
2.79064,	444.2861,	0.025240,	0.007117,	349.880,	0.500
2.79141,	444.1635,	0.025258,	0.007007,	349.869,	0.500
2.79217,	444.0426,	0.025280,	0.007434,	349.852,	0.500
2.79290,	443.9265,	0.025289,	0.007697,	349.844,	0.500
2.79367,	443.8042,	0.025323,	0.007658,	349.834,	0.500
2.79447,	443.6771,	0.025342,	0.007260,	349.823,	0.500
2.79527,	443.5502,	0.025361,	0.005973,	349.808,	0.500
2.79604,	443.4280,	0.025372,	0.005866,	349.798,	0.500
2.79677,	443.3123,	0.025406,	0.007158,	349.787,	0.500
2.79753,	443.1918,	0.025437,	0.005892,	349.780,	0.500
2.79830,	443.0699,	0.025473,	0.006969,	350.090,	0.500
2.79907,	442.9480,	0.025494,	0.002783,	350.079,	0.500
2.79983,	442.8278,	0.025520,	0.006510,	350.071,	0.500
2.80056,	442.7123,	0.025542,	0.006768,	350.064,	0.500
2.80132,	442.5922,	0.025555,	0.007527,	350.044,	0.500
2.80209,	442.4706,	0.025574,	0.006766,	350.036,	0.500
2.80289,	442.3443,	0.025599,	0.008574,	350.028,	0.500
2.80366,	442.2228,	0.025618,	0.006032,	350.019,	0.500
2.80443,	442.1014,	0.025636,	0.006951,	350.000,	0.500
2.80515,	441.9879,	0.025658,	0.007216,	349.992,	0.500
2.80596,	441.8603,	0.025676,	0.008259,	349.984,	0.500
2.80672,	441.7407,	0.025698,	0.008031,	349.974,	0.500
2.80749,	441.6195,	0.025709,	0.005577,	349.955,	0.500
2.80822,	441.5047,	0.025724,	0.006266,	349.948,	0.500
2.80898,	441.3853,	0.025742,	0.007001,	349.937,	0.500
2.80979,	441.2580,	0.025755,	0.006977,	349.927,	0.500
2.81059,	441.1324,	0.025775,	0.008041,	349.911,	0.500
2.81136,	441.0116,	0.025799,	0.007305,	349.900,	0.500
2.81208,	440.8987,	0.025816,	0.007400,	349.891,	0.500
2.81285,	440.7780,	0.025831,	0.006512,	349.882,	0.500
2.81362,	440.6574,	0.025845,	0.006689,	349.863,	0.500
2.81438,	440.5384,	0.025860,	0.007102,	349.854,	0.500
2.81515,	440.4179,	0.025882,	0.007759,	349.846,	0.500
2.81587,	440.3053,	0.025900,	0.007475,	349.839,	0.500
2.81664,	440.1849,	0.025917,	0.007018,	349.818,	0.500
2.81744,	440.0599,	0.025929,	0.007606,	349.810,	0.500
2.81825,	439.9334,	0.025944,	0.007309,	349.803,	0.500
2.81901,	439.8148,	0.025962,	0.007777,	349.793,	0.500
2.81974,	439.7010,	0.025986,	0.007344,	349.772,	0.500
2.82051,	439.5809,	0.026009,	0.007150,	349.873,	0.500
2.82127,	439.4625,	0.026033,	0.007432,	350.099,	0.500
2.82204,	439.3426,	0.026058,	0.006279,	350.088,	0.500
2.82280,	439.2243,	0.026079,	0.007210,	350.073,	0.500
2.82353,	439.1108,	0.026095,	0.006988,	350.063,	0.500
2.82430,	438.9911,	0.026106,	0.008436,	350.053,	0.500
2.82510,	438.8667,	0.026125,	0.006312,	350.044,	0.500
2.82591,	438.7410,	0.026143,	0.007486,	350.029,	0.500
2.82667,	438.6230,	0.026159,	0.007175,	350.017,	0.500
2.82740,	438.5097,	0.026172,	0.005549,	350.009,	0.500
2.82817,	438.3904,	0.026195,	0.006732,	350.000,	0.500
2.82893,	438.2726,	0.026214,	0.006786,	349.981,	0.500
2.82974,	438.1471,	0.026230,	0.007091,	349.971,	0.500
2.83046,	438.0357,	0.026243,	0.006077,	349.964,	0.500
2.83123,	437.9165,	0.026265,	0.006286,	349.956,	0.500
2.83199,	437.7990,	0.026279,	0.006551,	349.936,	0.500
2.83280,	437.6738,	0.026298,	0.007014,	349.928,	0.500
2.83356,	437.5564,	0.026308,	0.007693,	349.920,	0.500
2.83437,	437.4314,	0.026330,	0.005719,	349.909,	0.500
2.83510,	437.3188,	0.026349,	0.006992,	349.890,	0.500
2.83582,	437.2077,	0.026370,	0.007380,	349.884,	0.500
2.83663,	437.0829,	0.026378,	0.003623,	349.874,	0.500
2.83739,	436.9658,	0.026401,	0.006137,	349.864,	0.500
2.83812,	436.8534,	0.026418,	0.006820,	349.847,	0.500
2.83889,	436.7349,	0.026438,	0.006527,	349.839,	0.500
2.83965,	436.6180,	0.026445,	0.006310,	349.828,	0.500
2.84046,	436.4935,	0.026473,	0.007188,	349.819,	0.500
2.84122,	436.3768,	0.026497,	0.006934,	349.802,	0.500
2.84199,	436.2586,	0.026516,	0.008057,	349.791,	0.500
2.84272,	436.1465,	0.026518,	0.008468,	349.783,	0.500
2.84348,	436.0299,	0.026551,	0.007656,	349.774,	0.500
2.84425,	435.9119,	0.026589,	0.007046,	350.099,	0.500
2.84501,	435.7955,	0.026615,	0.006908,	350.090,	0.500
2.84578,	435.6775,	0.026630,	0.004899,	350.082,	0.500
2.84651,	435.5658,	0.026659,	0.008108,	350.074,	0.500
2.84727,	435.4495,	0.026685,	0.007710,	350.054,	0.500
2.84808,	435.3257,	0.026707,	0.006863,	350.046,	0.500
2.84888,	435.2035,	0.026715,	0.006958,	350.039,	0.500
2.84965,	435.0859,	0.026749,	0.007361,	350.027,	0.500
2.85041,	434.9699,	0.026770,	0.007290,	350.010,	0.500
2.85114,	434.8585,	0.026787,	0.007020,	350.002,	0.500
2.85194,	434.7365,	0.026800,	0.009855,	349.992,	0.500
2.85271,	434.6192,	0.026830,	0.006297,	349.981,	0.500
2.85347,	434.5034,	0.026858,	0.006223,	349.967,	0.500
2.85420,	434.3923,	0.026880,	0.007247,	349.957,	0.500
2.85497,	434.2751,	0.026893,	0.005157,	349.946,	0.500
2.85573,	434.1595,	0.026925,	0.005808,	349.938,	0.500
2.85654,	434.0364,	0.026944,	0.008457,	349.921,	0.500
2.85730,	433.9210,	0.026973,	0.006310,	349.909,	0.500
2.85803,	433.8102,	0.026995,	0.005719,	349.903,	0.500
2.85880,	433.6933,	0.027017,	0.007800,	349.894,	0.500
2.85956,	433.5780,	0.027046,	0.007083,	349.875,	0.500
2.86033,	433.4613,	0.027069,	0.006523,	349.866,	0.500
2.86109,	433.3462,	0.027092,	0.008339,	349.857,	0.500
2.86186,	433.2296,	0.027121,	0.007417,	349.850,	0.500
2.86263,	433.1131,	0.027145,	0.005650,	349.830,	0.500
2.86343,	432.9921,	0.027175,	0.007669,	349.822,	0.500
2.86423,	432.8711,	0.027194,	0.005971,	349.813,	0.500
2.86500,	432.7548,	0.027222,	0.006874,	349.802,	0.500
2.86573,	432.6445,	0.027244,	0.008093,	349.784,	0.500
2.86649,	432.5298,	0.027268,	0.007249,	349.872,	0.500
2.86726,	432.4137,	0.027312,	0.007529,	350.136,	0.500
2.86802,	432.2991,	0.027345,	0.007376,	350.128,	0.500
2.86879,	432.1831,	0.027370,	0.007171,	350.113,	0.500
2.86956,	432.0671,	0.027393,	0.006202,	350.101,	0.500
2.87032,	431.9527,	0.027417,	0.007132,	350.093,	0.500
2.87113,	431.8308,	0.027439,	0.007453,	350.084,	0.500
2.87189,	431.7165,	0.027465,	0.007391,	350.067,	0.500
2.87266,	431.6008,	0.027495,	0.005644,	350.058,	0.500
2.87339,	431.4912,	0.027522,	0.007488,	350.048,	0.500
2.87415,	431.3771,	0.027543,	0.006572,	350.042,	0.500
2.87492,	431.2615,	0.027563,	0.008591,	350.021,	0.500
2.87568,	431.1476,	0.027587,	0.006443,	350.013,	0.500
2.87645,	431.0322,	0.027612,	0.006305,	350.005,	0.500
2.87718,	430.9228,	0.027627,	0.007260,	349.996,	0.500
2.87794,	430.8090,	0.027658,	0.006490,	349.978,	0.500
2.87875,	430.6878,	0.027686,	0.007068,	349.969,	0.500
2.87955,	430.5681,	0.027705,	0.008098,	349.961,	0.500
2.88032,	430.4530,	0.027732,	0.007275,	349.949,	0.500
2.88104,	430.3454,	0.027748,	0.007617,	349.933,	0.500
2.88181,	430.2305,	0.027769,	0.006723,	349.924,	0.500
2.88257,	430.1170,	0.027785,	0.007337,	349.914,	0.500
2.88338,	429.9962,	0.027806,	0.007800,	349.905,	0.500
2.88414,	429.8829,	0.027827,	0.007421,	349.889,	0.500
2.88487,	429.7741,	0.027834,	0.006051,	349.876,	0.500
2.88564,	429.6594,	0.027837,	0.006553,	349.869,	0.500
2.88644,	429.5403,	0.027850,	0.005614,	349.861,	0.500
2.88721,	429.4258,	0.027876,	0.006443,	349.841,	0.500
2.88801,	429.3068,	0.027892,	0.007531,	349.833,	0.500
2.88874,	429.1983,	0.027900,	0.003979,	349.825,	0.500
2.88947,	429.0899,	0.027925,	0.006322,	349.817,	0.500
2.89023,	428.9771,	0.027950,	0.007382,	350.157,	0.500
2.89100,	428.8628,	0.027967,	0.006562,	350.149,	0.500
2.89176,	428.7501,	0.027972,	0.008576,	350.142,	0.500
2.89249,	428.6419,	0.028003,	0.006816,	350.131,	0.500
2.89330,	428.5219,	0.028010,	0.007970,	350.114,	0.500
2.89406,	428.4094,	0.028021,	0.006083,	350.106,	0.500
2.89487,	428.2895,	0.028013,	0.007914,	350.096,	0.500
2.89563,	428.1771,	0.028030,	0.006663,	350.086,	0.500
2.89636,	428.0692,	0.028037,	0.007201,	350.071,	0.500
2.89709,	427.9613,	0.028038,	0.006712,	350.061,	0.500
2.89789,	427.8432,	0.028037,	0.006799,	350.052,	0.500
2.89866,	427.7295,	0.028054,	0.006536,	350.045,	0.500
2.89942,	427.6174,	0.028053,	0.006501,	350.027,	0.500
2.90015,	427.5098,	0.028052,	0.006842,	350.016,	0.500
2.90092,	427.3963,	0.028046,	0.007408,	350.007,	0.500
2.90172,	427.2785,	0.028059,	0.007236,	350.000,	0.500
2.90249,	427.1651,	0.028050,	0.007501,	349.979,	0.500
2.90329,	427.0474,	0.028046,	0.007789,	349.971,	0.500
2.90402,	426.9400,	0.028032,	0.006473,	349.963,	0.500
2.90474,	426.8342,	0.028047,	0.005986,	349.955,	0.500
2.90551,	426.7211,	0.028039,	0.006818,	349.936,	0.500
2.90631,	426.6036,	0.028025,	0.007328,	349.926,	0.500
2.90708,	426.4907,	0.028000,	0.008330,	349.919,	0.500
2.90781,	426.3836,	0.027999,	0.006913,	349.908,	0.500
2.90857,	426.2722,	0.027993,	0.006872,	349.890,	0.500
2.90938,	426.1535,	0.027985,	0.006327,	349.883,	0.500
2.91018,	426.0363,	0.027967,	0.007460,	349.872,	0.500
2.91095,	425.9236,	0.027972,	0.006839,	349.863,	0.500
2.91168,	425.8169,	0.027960,	0.006995,	349.847,	0.500
2.91244,	425.7057,	0.027946,	0.007076,	349.835,	0.500
2.91321,	425.5932,	0.027930,	0.003673,	349.827,	0.500
2.91401,	425.4764,	0.027929,	0.006131,	349.818,	0.500
2.91474,	425.3698,	0.027921,	0.007178,	349.800,	0.500
2.91550,	425.2589,	0.027908,	0.007447,	349.791,	0.500
2.91627,	425.1467,	0.027898,	0.006249,	349.782,	0.500
2.91704,	425.0344,	0.027893,	0.007436,	349.774,	0.500
2.91784,	424.9179,	0.027900,	0.006740,	350.105,	0.500
2.91861,	424.8058,	0.027893,	0.008156,	350.098,	0.500
2.91933,	424.7010,	0.027890,	0.006157,	350.089,	0.500
2.92006,	424.5949,	0.027880,	0.006917,	350.081,	0.500
2.92086,	424.4786,	0.027870,	0.007128,	350.062,	0.500
2.92163,	424.3667,	0.027862,	0.007367,	350.055,	0.500
2.92240,	424.2549,	0.027849,	0.007264,	350.046,	0.500
2.92312,	424.1504,	0.027842,	0.006652,	350.036,	0.500
2.92389,	424.0387,	0.027837,	0.006788,	350.019,	0.500
2.92469,	423.9227,	0.027831,	0.006512,	350.011,	0.500
2.92550,	423.8053,	0.027823,	0.007535,	349.999,	0.500
2.92626,	423.6952,	0.027815,	0.008033,	349.991,	0.500
2.92699,	423.5896,	0.027817,	0.006527,	349.974,	0.500
2.92776,	423.4782,	0.027809,	0.006951,	349.963,	0.500
2.92852,	423.3683,	0.027802,	0.006876,	349.955,	0.500
2.92933,	423.2512,	0.027796,	0.006551,	349.947,	0.500
2.93009,	423.1414,	0.027796,	0.007923,	349.928,	0.500
2.93082,	423.0360,	0.027798,	0.006129,	349.917,	0.500
2.93159,	422.9249,	0.027800,	0.007389,	349.909,	0.500
2.93235,	422.8153,	0.027793,	0.007048,	349.901,	0.500
2.93316,	422.6985,	0.027799,	0.006790,	349.881,	0.500
2.93392,	422.5890,	0.027804,	0.006473,	349.872,	0.500
2.93465,	422.4839,	0.027810,	0.008530,	349.864,	0.500
2.93541,	422.3745,	0.027819,	0.007557,	349.854,	0.500
2.93618,	422.2638,	0.027828,	0.007251,	349.837,	0.500
2.93698,	422.1488,	0.027837,	0.007688,	349.829,	0.500
2.93771,	422.0439,	0.027849,	0.006450,	349.819,	0.500
2.93848,	421.9333,	0.027856,	0.007914,	349.809,	0.500
2.93924,	421.8242,	0.027882,	0.008059,	349.793,	0.500
2.94001,	421.7137,	0.027904,	0.007654,	349.910,	0.500
2.94081,	421.5990,	0.027931,	0.006801,	350.154,	0.500
2.94158,	421.4886,	0.027952,	0.005859,	350.148,	0.500
2.94231,	421.3840,	0.027987,	0.007143,	350.131,	0.500
2.94307,	421.2752,	0.028020,	0.006880,	350.121,	0.500
2.94384,	421.1650,	0.028042,	0.008009,	350.112,	0.500
2.94464,	421.0506,	0.028062,	0.006958,	350.105,	0.500
2.94537,	420.9462,	0.028109,	0.006661,	350.086,	0.500
2.94614,	420.8362,	0.028144,	0.006995,	350.078,	0.500
2.94690,	420.7277,	0.028179,	0.007428,	350.069,	0.500
2.94771,	420.6121,	0.028204,	0.006893,	350.062,	0.500
2.94847,	420.5037,	0.028263,	0.007899,	350.042,	0.500
2.94924,	420.3939,	0.028309,	0.006615,	350.034,	0.500
2.94996,	420.2913,	0.028355,	0.006536,	350.026,	0.500
2.95073,	420.1816,	0.028396,	0.006434,	350.015,	0.500
2.95150,	420.0720,	0.028462,	0.006943,	349.997,	0.500
2.95230,	419.9581,	0.028518,	0.007563,	349.989,	0.500
2.95303,	419.8543,	0.028584,	0.007684,	349.979,	0.500
2.95379,	419.7463,	0.028635,	0.007977,	349.971,	0.500
2.95456,	419.6369,	0.028714,	0.006755,	349.954,	0.500
2.95536,	419.5233,	0.028785,	0.007167,	349.945,	0.500
2.95613,	419.4140,	0.028848,	0.006133,	349.935,	0.500
2.95690,	419.3048,	0.028910,	0.008199,	349.925,	0.500
2.95762,	419.2028,	0.028993,	0.007072,	349.908,	0.491
2.95839,	419.0936,	0.029066,	0.006846,	349.898,	0.500
2.95915,	418.9860,	0.029143,	0.007425,	349.890,	0.500
2.95992,	418.8770,	0.029214,	0.002609,	349.880,	0.500
2.96069,	418.7681,	0.029296,	0.007311,	349.862,	0.500
2.96141,	418.6663,	0.029368,	0.006389,	349.854,	0.500
2.96218,	418.5574,	0.029435,	0.007677,	349.845,	0.500
2.96298,	418.4444,	0.029508,	0.005881,	349.837,	0.500
2.96375,	418.3357,	0.029592,	0.007731,	349.818,	0.500
2.96451,	418.2285,	0.029665,	0.007001,	349.806,	0.500
2.96524,	418.1255,	0.029739,	0.007033,	349.799,	0.500
2.96601,	418.0169,	0.029801,	0.007104,	349.788,	0.500
2.96677,	417.9099,	0.029868,	0.006827,	349.772,	0.500
2.96758,	417.7958,	0.029945,	0.007645,	349.890,	0.500
2.96834,	417.6888,	0.030032,	0.006790,	350.128,	0.500
2.96907,	417.5861,	0.030116,	0.007268,	350.120,	0.500
2.96984,	417.4779,	0.030194,	0.007417,	350.105,	0.500
2.97064,	417.3654,	0.030266,	0.007537,	350.093,	0.500
2.97141,	417.2573,	0.030344,	0.006712,	350.085,	0.500
2.97217,	417.1506,	0.030428,	0.006915,	350.075,	0.500
2.97294,	417.0425,	0.030512,	0.006695,	350.058,	0.500
2.97367,	416.9402,	0.030594,	0.006342,	350.048,	0.500
2.97447,	416.8280,	0.030680,	0.007027,	350.040,	0.500
2.97524,	416.7201,	0.030762,	0.006568,	350.033,	0.500
2.97600,	416.6137,	0.030859,	0.007419,	350.013,	0.500
2.97673,	416.5116,	0.030942,	0.006740,	350.003,	0.500
2.97750,	416.4038,	0.031035,	0.007400,	349.995,	0.500
2.97830,	416.2920,	0.031124,	0.006751,	349.986,	0.500
2.97906,	416.1858,	0.031216,	0.007188,	349.968,	0.500
2.97983,	416.0782,	0.031294,	0.007966,	349.961,	0.500
2.98060,	415.9708,	0.031370,	0.006542,	349.952,	0.500
2.98132,	415.8703,	0.031435,	0.007152,	349.941,	0.500
2.98209,	415.7629,	0.031495,	0.007363,	349.925,	0.500
2.98289,	415.6514,	0.031548,	0.007602,	349.915,	0.500
2.98366,	415.5441,	0.031597,	0.006771,	349.905,	0.500
2.98439,	415.4425,	0.031634,	0.007141,	349.896,	0.500
2.98515,	415.3367,	0.031668,	0.007777,	349.879,	0.500
2.98596,	415.2241,	0.031691,	0.007100,	349.869,	0.500
2.98676,	415.1128,	0.031713,	0.006732,	349.860,	0.500
2.98753,	415.0059,	0.031713,	0.008343,	349.850,	0.500
2.98825,	414.9059,	0.031726,	0.006247,	349.831,	0.500
2.98902,	414.7990,	0.031728,	0.006954,	349.824,	0.500
2.98979,	414.6921,	0.031724,	0.006893,	349.814,	0.500
2.99055,	414.5868,	0.031703,	0.005375,	349.807,	0.500
2.99132,	414.4800,	0.031719,	0.008257,	350.166,	0.500
2.99205,	414.3789,	0.031717,	0.007117,	350.159,	0.500
2.99281,	414.2737,	0.031699,	0.007001,	350.151,	0.500
2.99361,	414.1630,	0.031660,	0.006017,	350.140,	0.500
2.99438,	414.0565,	0.031648,	0.007016,	350.122,	0.500
2.99515,	413.9500,	0.031623,	0.007410,	350.115,	0.500
2.99591,	413.8450,	0.031595,	0.007341,	350.106,	0.500
2.99664,	413.7442,	0.031555,	0.006111,	350.096,	0.500
2.99741,	413.6379,	0.031536,	0.007632,	350.079,	0.500
2.99821,	413.5276,	0.031509,	0.007096,	350.069,	0.500
2.99898,	413.4214,	0.031488,	0.007184,	350.060,	0.500
2.99970,	413.3221,	0.031459,	0.004323,	350.051,	0.500
3.00047,	413.2161,	0.031445,	0.007169,	350.035,	0.500
3.00127,	413.1059,	0.031427,	0.006861,	350.025,	0.500
3.00208,	412.9945,	0.031417,	0.006219,	350.016,	0.500
3.00284,	412.8899,	0.031404,	0.006299,	350.008,	0.500
3.00357,	412.7896,	0.031408,	0.007294,	349.988,	0.500
3.00430,	412.6893,	0.031415,	0.007081,	349.980,	0.500
3.00510,	412.5794,	0.031421,	0.007843,	349.972,	0.500
3.00587,	412.4737,	0.031425,	0.007615,	349.963,	0.500
3.00663,	412.3695,	0.031433,	0.007003,	349.944,	0.500
3.00740,	412.2639,	0.031443,	0.007152,	349.935,	0.500
3.00817,	412.1584,	0.031462,	0.007158,	349.927,	0.500
3.00893,	412.0543,	0.031484,	0.007337,	349.916,	0.500
3.00973,	411.9447,	0.031498,	0.007410,	349.899,	0.500
3.01050,	411.8394,	0.031512,	0.007324,	349.892,	0.500
3.01123,	411.7395,	0.031512,	0.007055,	349.881,	0.500
3.01199,	411.6356,	0.031519,	0.006646,	349.874,	0.500
3.01276,	411.5304,	0.031524,	0.006630,	349.855,	0.500
3.01356,	411.4212,	0.031532,	0.006895,	349.846,	0.500
3.01429,	411.3216,	0.031530,	0.007451,	349.837,	0.500
3.01506,	411.2165,	0.031518,	0.006723,	349.827,	0.500
3.01582,	411.1129,	0.031505,	0.007563,	349.809,	0.500
3.01659,	411.0079,	0.031491,	0.007611,	349.800,	0.500
3.01739,	410.8990,	0.031460,	0.006751,	349.791,	0.500
3.01816,	410.7941,	0.031432,	0.007313,	349.783,	0.500
3.01889,	410.6948,	0.031409,	0.007518,	350.128,	0.500
3.01961,	410.5969,	0.031386,	0.007309,	350.119,	0.500
3.02038,	410.4922,	0.031345,	0.007400,	350.112,	0.500
3.02115,	410.3876,	0.031294,	0.006406,	350.103,	0.500
3.02191,	410.2844,	0.031224,	0.008272,	350.084,	0.500
3.02268,	410.1799,	0.031175,	0.006361,	350.076,	0.500
3.02344,	410.0767,	0.031106,	0.008421,	350.067,	0.500
3.02421,	409.9723,	0.031033,	0.008229,	350.057,	0.500
3.02501,	409.8639,	0.030941,	0.006932,	350.039,	0.500
3.02578,	409.7596,	0.030867,	0.007796,	350.033,	0.500
3.02651,	409.6608,	0.030786,	0.006557,	350.022,	0.500
3.02727,	409.5579,	0.030700,	0.006682,	350.012,	0.500
3.02804,	409.4538,	0.030600,	0.008711,	349.996,	0.500
3.02884,	409.3456,	0.030519,	0.006949,	349.985,	0.500
3.02961,	409.2416,	0.030418,	0.007007,	349.977,	0.500
3.03033,	409.1444,	0.030317,	0.005609,	349.967,	0.500
3.03110,	409.0404,	0.030211,	0.004093,	349.950,	0.500
3.03190,	408.9325,	0.030116,	0.006846,	349.940,	0.500
3.03267,	408.8287,	0.030007,	0.007471,	349.931,	0.500
3.03347,	408.7209,	0.029898,	0.005991,	349.924,	0.500
3.03420,	408.6225,	0.029796,	0.006064,	349.904,	0.500
3.03493,	408.5242,	0.029701,	0.007048,	349.894,	0.500
3.03570,	408.4206,	0.029601,	0.007300,	349.887,	0.500
3.03650,	408.3130,	0.029506,	0.007040,	349.877,	0.500
3.03727,	408.2095,	0.029418,	0.006118,	349.858,	0.500
3.03799,	408.1127,	0.029329,	0.007260,	349.851,	0.500
3.03876,	408.0093,	0.029249,	0.007988,	349.841,	0.500
3.03956,	407.9019,	0.029170,	0.007147,	349.832,	0.500
3.04033,	407.7986,	0.029095,	0.006941,	349.815,	0.500
3.04109,	407.6967,	0.029033,	0.006704,	349.921,	0.500
3.04182,	407.5989,	0.028981,	0.007423,	350.176,	0.500
3.04259,	407.4957,	0.028934,	0.007070,	350.167,	0.500
3.04335,	407.3940,	0.028887,	0.008347,	350.152,	0.500
3.04416,	407.2856,	0.028840,	0.006497,	350.142,	0.500
3.04492,	407.1839,	0.028791,	0.007697,	350.134,	0.500
3.04565,	407.0863,	0.028743,	0.005493,	350.124,	0.500
3.04642,	406.9834,	0.028704,	0.005674,	350.106,	0.500
3.04722,	406.8766,	0.028665,	0.007451,	350.097,	0.500
3.04799,	406.7738,	0.028631,	0.005836,	350.088,	0.500
3.04875,	406.6724,	0.028598,	0.007201,	350.080,	0.500
3.04948,	406.5750,	0.028568,	0.008031,	350.062,	0.500
3.05021,	406.4777,	0.028539,	0.007636,	350.054,	0.500
3.05097,	406.3765,	0.028511,	0.007512,	350.045,	0.500
3.05178,	406.2686,	0.028490,	0.006383,	350.037,	0.500
3.05254,	406.1675,	0.028467,	0.006902,	350.018,	0.500
3.05327,	406.0704,	0.028451,	0.007201,	350.010,	0.500
3.05404,	405.9680,	0.028445,	0.007322,	349.999,	0.500
3.05484,	405.8617,	0.028440,	0.006652,	349.989,	0.500
3.05564,	405.7554,	0.028442,	0.007031,	349.973,	0.500
3.05641,	405.6532,	0.028460,	0.007107,	349.964,	0.500
3.05714,	405.5563,	0.028490,	0.006217,	349.953,	0.500
3.05786,	405.4608,	0.028516,	0.006325,	349.944,	0.500
3.05867,	405.3535,	0.028553,	0.007673,	349.927,	0.500
3.05943,	405.2528,	0.028609,	0.006594,	349.917,	0.500
3.06020,	405.1508,	0.028671,	0.007479,	349.908,	0.500
3.06097,	405.0489,	0.028746,	0.008250,	349.899,	0.500
3.06173,	404.9483,	0.028808,	0.007684,	349.881,	0.500
3.06254,	404.8412,	0.028917,	0.007468,	349.873,	0.500
3.06330,	404.7408,	0.029019,	0.007751,	349.864,	0.500
3.06407,	404.6391,	0.029136,	0.006911,	349.855,	0.500
3.06480,	404.5427,	0.029244,	0.006432,	349.837,	0.500
3.06552,	404.4477,	0.029395,	0.006366,	349.828,	0.500
3.06633,	404.3408,	0.029539,	0.007494,	349.820,	0.500
3.06709,	404.2406,	0.029693,	0.007518,	349.810,	0.500
3.06790,	404.1339,	0.029854,	0.007774,	349.791,	0.500
3.06862,	404.0391,	0.030043,	0.007557,	349.900,	0.500
3.06939,	403.9377,	0.030233,	0.006725,	350.159,	0.500
3.07019,	403.8325,	0.030422,	0.007057,	350.151,	0.500
3.07096,	403.7312,	0.030596,	0.005325,	350.136,	0.500
3.07173,	403.6300,	0.030797,	0.006712,	350.125,	0.500
3.07245,	403.5354,	0.030977,	0.006055,	350.116,	0.500
3.07318,	403.4396,	0.031150,	0.007807,	350.107,	0.500
3.07395,	403.3385,	0.031326,	0.003197,	350.090,	0.500
3.07475,	403.2336,	0.031513,	0.005973,	350.081,	0.500
3.07552,	403.1326,	0.031692,	0.006163,	350.071,	0.500
3.07628,	403.0330,	0.031876,	0.007158,	350.065,	0.500
3.07701,	402.9374,	0.032057,	0.008184,	350.046,	0.500
3.07781,	402.8327,	0.032247,	0.007423,	350.036,	0.500
3.07858,	402.7319,	0.032452,	0.006426,	350.027,	0.500
3.07935,	402.6312,	0.032661,	0.006665,	350.020,	0.500
3.08007,	402.5371,	0.032891,	0.007563,	349.999,	0.500
3.08080,	402.4417,	0.033131,	0.006014,	349.991,	0.500
3.08160,	402.3372,	0.033381,	0.008524,	349.982,	0.500
3.08237,	402.2367,	0.033612,	0.006723,	349.973,	0.500
3.08314,	402.1363,	0.033787,	0.007471,	349.954,	0.500
3.08390,	402.0372,	0.033864,	0.006503,	349.945,	0.500
3.08467,	401.9368,	0.033813,	0.007542,	349.936,	0.500
3.08543,	401.8378,	0.033610,	0.006799,	349.926,	0.500
3.08624,	401.7323,	0.033300,	0.007419,	349.912,	0.500
3.08700,	401.6334,	0.032941,	0.006452,	349.901,	0.500
3.08773,	401.5385,	0.032601,	0.007882,	349.891,	0.500
3.08846,	401.4436,	0.032321,	0.006915,	349.882,	0.500
3.08922,	401.3448,	0.032117,	0.006904,	349.866,	0.500
3.09003,	401.2396,	0.031973,	0.003836,	349.856,	0.500
3.09079,	401.1410,	0.031899,	0.007970,	349.847,	0.500
3.09156,	401.0410,	0.031859,	0.006829,	349.840,	0.500
3.09233,	400.9412,	0.031858,	0.006928,	349.820,	0.500
3.09309,	400.8427,	0.031882,	0.007285,	349.812,	0.500
3.09390,	400.7377,	0.031982,	0.007053,	349.805,	0.500
3.09462,	400.6445,	0.032104,	0.007156,	349.794,	0.500
3.09535,	400.5500,	0.032259,	0.006885,	349.775,	0.500
3.09612,	400.4504,	0.032423,	0.006075,	349.885,	0.500
3.09688,	400.3521,	0.032635,	0.006988,	350.108,	0.500
3.09769,	400.2474,	0.032818,	0.005941,	350.098,	0.500
3.09845,	400.1492,	0.032980,	0.006861,	350.082,	0.500
3.09918,	400.0550,	0.033093,	0.007098,	350.073,	0.500
3.09995,	399.9556,	0.033213,	0.006814,	350.062,	0.500
3.10071,	399.8576,	0.033301,	0.006829,	350.053,	0.500
3.10152,	399.7532,	0.033398,	0.007119,	350.037,	0.500
3.10228,	399.6552,	0.033497,	0.007376,	350.026,	0.500
3.10297,	399.5664,	0.033642,	0.007094,	350.018,	0.500
3.10374,	399.4672,	0.033796,	0.005685,	350.009,	0.500
3.10450,	399.3694,	0.033974,	0.006824,	349.992,	0.500
3.10531,	399.2653,	0.034157,	0.004067,	349.982,	0.500
3.10607,	399.1676,	0.034352,	0.006174,	349.973,	0.500
3.10684,	399.0686,	0.034517,	0.007169,	349.965,	0.500
3.10760,	398.9711,	0.034655,	0.007440,	349.945,	0.500
3.10837,	398.8722,	0.034736,	0.006152,	349.937,	0.500
3.10917,	398.7696,	0.034763,	0.007221,	349.930,	0.500
3.10990,	398.6760,	0.034731,	0.006941,	349.920,	0.500
3.11063,	398.5824,	0.034635,	0.007438,	349.900,	0.500
3.11136,	398.4889,	0.034491,	0.006824,	349.894,	0.500
3.11216,	398.3865,	0.034287,	0.007955,	349.883,	0.500
3.11293,	398.2879,	0.034020,	0.007176,	349.873,	0.500
3.11373,	398.1856,	0.033691,	0.007552,	349.857,	0.500
3.11446,	398.0923,	0.033331,	0.007074,	349.849,	0.500
3.11522,	397.9951,	0.032934,	0.006663,	349.837,	0.500
3.11603,	397.8917,	0.032501,	0.006635,	349.827,	0.500
3.11679,	397.7947,	0.032059,	0.007150,	349.812,	0.500
3.11756,	397.6964,	0.031616,	0.008216,	349.801,	0.500
3.11829,	397.6033,	0.031208,	0.007574,	349.792,	0.500
3.11901,	397.5115,	0.030841,	0.007682,	349.784,	0.500
3.11982,	397.4083,	0.030511,	0.007882,	350.110,	0.500
3.12058,	397.3115,	0.030204,	0.007115,	350.101,	0.500
3.12135,	397.2135,	0.029925,	0.007309,	350.094,	0.500
3.12212,	397.1156,	0.029678,	0.006159,	350.087,	0.500
3.12288,	397.0189,	0.029464,	0.007025,	350.065,	0.500
3.12365,	396.9211,	0.029265,	0.007376,	350.057,	0.500
3.12445,	396.8194,	0.029077,	0.007546,	350.051,	0.500
3.12522,	396.7217,	0.028894,	0.007811,	350.040,	0.500
3.12594,	396.6303,	0.028717,	0.007393,	350.021,	0.500
3.12667,	396.5377,	0.028544,	0.006842,	350.013,	0.500
3.12748,	396.4350,	0.028369,	0.007858,	350.004,	0.500
3.12824,	396.3387,	0.028187,	0.007514,	349.994,	0.500
3.12905,	396.2361,	0.027994,	0.006760,	349.979,	0.500
3.12977,	396.1449,	0.027804,	0.006577,	349.968,	0.500
3.13054,	396.0475,	0.027629,	0.006159,	349.957,	0.500
3.13134,	395.9463,	0.027456,	0.006105,	349.948,	0.500
3.13211,	395.8489,	0.027278,	0.007109,	349.931,	0.500
3.13287,	395.7529,	0.027093,	0.008677,	349.921,	0.500
3.13360,	395.6607,	0.026939,	0.007917,	349.912,	0.500
3.13433,	395.5686,	0.026784,	0.007137,	349.905,	0.500
3.13510,	395.4714,	0.026634,	0.006934,	349.886,	0.500
3.13590,	395.3705,	0.026478,	0.008089,	349.876,	0.500
3.13667,	395.2735,	0.026355,	0.006391,	349.868,	0.500
3.13743,	395.1777,	0.026232,	0.007169,	349.861,	0.500
3.13816,	395.0858,	0.026117,	0.006540,	349.840,	0.500
3.13896,	394.9851,	0.025986,	0.007033,	349.833,	0.500
3.13973,	394.8882,	0.025901,	0.007216,	349.823,	0.500
3.14049,	394.7927,	0.025804,	0.006658,	349.813,	0.500
3.14122,	394.7009,	0.025713,	0.007598,	349.796,	0.500
3.14199,	394.6042,	0.025622,	0.007600,	349.939,	0.500
3.14275,	394.5088,	0.025572,	0.007764,	350.139,	0.500
3.14356,	394.4071,	0.025506,	0.006712,	350.131,	0.500
3.14432,	394.3118,	0.025441,	0.006146,	350.116,	0.500
3.14509,	394.2152,	0.025371,	0.008154,	350.105,	0.500
3.14582,	394.1238,	0.025330,	0.006258,	350.095,	0.500
3.14662,	394.0236,	0.025274,	0.006891,	350.087,	0.500
3.14739,	393.9272,	0.025226,	0.006898,	350.069,	0.500
3.14815,	393.8321,	0.025171,	0.003862,	350.059,	0.500
3.14888,	393.7408,	0.025145,	0.007331,	350.050,	0.500
3.14961,	393.6495,	0.025108,	0.007100,	350.044,	0.500
3.15041,	393.5496,	0.025070,	0.007035,	350.023,	0.500
3.15122,	393.4484,	0.025038,	0.005299,	350.013,	0.500
3.15198,	393.3535,	0.025004,	0.006633,	350.008,	0.500
3.15271,	393.2624,	0.024971,	0.008069,	349.996,	0.500
3.15347,	393.1677,	0.024945,	0.007408,	349.978,	0.500
3.15428,	393.0667,	0.024915,	0.006284,	349.972,	0.500
3.15504,	392.9720,	0.024891,	0.007544,	349.962,	0.500
3.15581,	392.8761,	0.024868,	0.006844,	349.951,	0.500
3.15650,	392.7903,	0.024846,	0.006637,	349.935,	0.500
3.15726,	392.6957,	0.024830,	0.007240,	349.926,	0.500
3.15807,	392.5950,	0.024814,	0.007374,	349.916,	0.500
3.15883,	392.5005,	0.024799,	0.006891,	349.906,	0.500
3.15964,	392.3999,	0.024780,	0.007339,	349.890,	0.500
3.16037,	392.3093,	0.024769,	0.007031,	349.880,	0.500
3.16113,	392.2149,	0.024754,	0.006544,	349.870,	0.500
3.16194,	392.1145,	0.024741,	0.006697,	349.862,	0.500
3.16270,	392.0202,	0.024729,	0.007805,	349.844,	0.500
3.16347,	391.9248,	0.024717,	0.008343,	349.834,	0.500
3.16420,	391.8344,	0.024691,	0.007363,	349.826,	0.500
3.16492,	391.7453,	0.024701,	0.006342,	349.819,	0.500
3.16573,	391.6450,	0.024701,	0.006693,	350.155,	0.500
3.16653,	391.5461,	0.024705,	0.006865,	350.146,	0.500
3.16734,	391.4460,	0.024687,	0.007104,	350.141,	0.500
3.16806,	391.3570,	0.024701,	0.006783,	350.129,	0.500
3.16883,	391.2619,	0.024693,	0.006652,	350.110,	0.500
3.16959,	391.1681,	0.024687,	0.007061,	350.105,	0.500
3.17036,	391.0731,	0.024665,	0.007038,	350.094,	0.500
3.17113,	390.9781,	0.024674,	0.006891,	350.084,	0.500
3.17185,	390.8894,	0.024671,	0.007783,	350.069,	0.500
3.17258,	390.7994,	0.024665,	0.006544,	350.058,	0.500
3.17338,	390.7009,	0.024651,	0.003634,	350.048,	0.500
3.17415,	390.6061,	0.024656,	0.007701,	350.039,	0.500
3.17495,	390.5077,	0.024652,	0.006611,	350.022,	0.500
3.17568,	390.4179,	0.024646,	0.007283,	350.013,	0.500
3.17645,	390.3233,	0.024647,	0.006648,	350.002,	0.500
3.17721,	390.2299,	0.024648,	0.006256,	349.996,	0.500
3.17798,	390.1354,	0.024650,	0.006743,	349.977,	0.500
3.17875,	390.0409,	0.024650,	0.006273,	349.966,	0.500
3.17947,	389.9526,	0.024649,	0.007277,	349.960,	0.500
3.18024,	389.8581,	0.024647,	0.006734,	349.951,	0.500
3.18100,	389.7650,	0.024644,	0.007244,	349.929,	0.500
3.18181,	389.6658,	0.024642,	0.007311,	349.923,	0.500
3.18261,	389.5678,	0.024646,	0.007895,	349.915,	0.500
3.18334,	389.4785,	0.024655,	0.008173,	349.903,	0.500
3.18411,	389.3843,	0.024652,	0.006788,	349.886,	0.500
3.18487,	389.2914,	0.024650,	0.007889,	349.880,	0.500
3.18568,	389.1924,	0.024653,	0.008067,	349.868,	0.500
3.18644,	389.0996,	0.024654,	0.006262,	349.858,	0.500
3.18717,	389.0105,	0.024655,	0.007341,	349.844,	0.500
3.18790,	388.9214,	0.024661,	0.007434,	349.832,	0.500
3.18870,	388.8238,	0.024657,	0.006665,	349.822,	0.500
3.18947,	388.7299,	0.024660,	0.006992,	349.813,	0.500
3.19027,	388.6324,	0.024663,	0.007621,	349.796,	0.500
3.19100,	388.5435,	0.024667,	0.006191,	349.786,	0.500
3.19173,	388.4547,	0.024667,	0.007712,	349.776,	0.500
3.19253,	388.3573,	0.024666,	0.007018,	349.771,	0.500
3.19330,	388.2637,	0.024686,	0.006844,	350.126,	0.500
3.19406,	388.1713,	0.024692,	0.006954,	350.117,	0.500
3.19479,	388.0826,	0.024696,	0.006706,	350.112,	0.500
3.19555,	387.9903,	0.024704,	0.007460,	350.102,	0.500
3.19632,	387.8968,	0.024707,	0.006908,	350.081,	0.500
3.19712,	387.7998,	0.024711,	0.007277,	350.076,	0.500
3.19789,	387.7064,	0.024700,	0.009000,	350.066,	0.500
3.19866,	387.6131,	0.024719,	0.006898,	350.057,	0.500
3.19938,	387.5258,	0.024721,	0.007035,	350.039,	0.500
3.20019,	387.4278,	0.024726,	0.007923,	350.030,	0.500
3.20095,	387.3358,	0.024713,	0.006301,	350.019,	0.500
3.20176,	387.2378,	0.024737,	0.007124,	350.009,	0.500
3.20248,	387.1507,	0.024741,	0.007593,	349.995,	0.500
3.20321,	387.0625,	0.024742,	0.006208,	349.984,	0.500
3.20402,	386.9646,	0.024731,	0.005680,	349.974,	0.500
3.20478,	386.8729,	0.024763,	0.007514,	349.965,	0.500
3.20555,	386.7799,	0.024768,	0.007430,	349.947,	0.500
3.20631,	386.6883,	0.024770,	0.006682,	349.937,	0.500
3.20704,	386.6002,	0.024759,	0.007408,	349.929,	0.500
3.20785,	386.5026,	0.024781,	0.007035,	349.923,	0.500
3.20861,	386.4111,	0.024783,	0.006251,	349.901,	0.500
3.20938,	386.3184,	0.024788,	0.007626,	349.893,	0.500
3.21010,	386.2317,	0.024778,	0.004153,	349.887,	0.500
3.21083,	386.1439,	0.024805,	0.008132,	349.876,	0.500
3.21164,	386.0465,	0.024814,	0.006559,	349.858,	0.500
3.21244,	385.9504,	0.024818,	0.006969,	349.853,	0.500
3.21321,	385.8579,	0.024816,	0.002559,	349.842,	0.500
3.21393,	385.7715,	0.024828,	0.006721,	349.830,	0.500
3.21466,	385.6838,	0.024830,	0.006906,	349.816,	0.500
3.21547,	385.5867,	0.024839,	0.007561,	349.978,	0.500
3.21627,	385.4908,	0.024860,	0.006195,	350.176,	0.500
3.21704,	385.3985,	0.024873,	0.007195,	350.168,	0.500
3.21776,	385.3123,	0.024882,	0.007524,	350.153,	0.500
3.21849,	385.2249,	0.024886,	0.006488,	350.142,	0.500
3.21929,	385.1292,	0.024893,	0.007781,	350.133,	0.500
3.22006,	385.0371,	0.024902,	0.007481,	350.127,	0.500
3.22086,	384.9414,	0.024915,	0.006906,	350.108,	0.500
3.22159,	384.8542,	0.024915,	0.007158,	350.098,	0.500
3.22232,	384.7670,	0.024913,	0.007238,	350.091,	0.500
3.22312,	384.6715,	0.024909,	0.009091,	350.083,	0.500
3.22393,	384.5749,	0.024925,	0.006633,	350.062,	0.500
3.22465,	384.4890,	0.024930,	0.007264,	350.056,	0.500
3.22542,	384.3972,	0.024936,	0.008313,	350.048,	0.500
3.22615,	384.3102,	0.024927,	0.007608,	350.037,	0.500
3.22695,	384.2150,	0.024949,	0.006889,	350.018,	0.500
3.22776,	384.1185,	0.024955,	0.005836,	350.011,	0.500
3.22852,	384.0281,	0.024962,	0.006902,	349.999,	0.500
3.22925,	383.9413,	0.024955,	0.006947,	349.988,	0.500
3.22998,	383.8545,	0.024975,	0.006413,	349.975,	0.500
3.23078,	383.7595,	0.024980,	0.006934,	349.964,	0.500
3.23155,	383.6680,	0.024989,	0.007680,	349.954,	0.500
3.23231,	383.5778,	0.024980,	0.007356,	349.946,	0.500
3.23304,	383.4912,	0.025005,	0.006676,	349.930,	0.500
3.23381,	383.3999,	0.025006,	0.008401,	349.919,	0.500
3.23461,	383.3051,	0.025011,	0.007014,	349.909,	0.500
3.23541,	383.2103,	0.025012,	0.003016,	349.905,	0.500
3.23618,	383.1191,	0.025032,	0.006749,	349.883,	0.500
3.23691,	383.0327,	0.025041,	0.007143,	349.875,	0.500
3.23767,	382.9428,	0.025041,	0.006602,	349.869,	0.500
3.23844,	382.8518,	0.025055,	0.006906,	349.859,	0.500
3.23924,	382.7572,	0.025059,	0.006447,	349.838,	0.500
3.24001,	382.6662,	0.025066,	0.006338,	349.832,	0.500
3.24074,	382.5800,	0.025072,	0.007591,	349.823,	0.500
3.24146,	382.4951,	0.025076,	0.006949,	349.812,	0.500
3.24227,	382.3995,	0.025090,	0.007542,	349.796,	0.500
3.24307,	382.3052,	0.025094,	0.006385,	349.952,	0.500
3.24384,	382.2144,	0.025114,	0.006740,	350.130,	0.500
3.24457,	382.1284,	0.025127,	0.007415,	350.119,	0.500
3.24529,	382.0437,	0.025135,	0.007518,	350.106,	0.500
3.24610,	381.9483,	0.025146,	0.006342,	350.094,	0.500
3.24686,	381.8589,	0.025152,	0.007680,	350.083,	0.500
3.24763,	381.7684,	0.025157,	0.007400,	350.078,	0.500
3.24836,	381.6826,	0.025162,	0.007507,	350.058,	0.500
3.24912,	381.5933,	0.025165,	0.007535,	350.048,	0.500
3.24989,	381.5029,	0.025174,	0.006971,	350.040,	0.500
3.25069,	381.4090,	0.025175,	0.006895,	350.035,	0.500
3.25146,	381.3187,	0.025183,	0.007826,	350.012,	0.500
3.25218,	381.2343,	0.025193,	0.007372,	350.006,	0.500
3.25291,	381.1487,	0.025199,	0.007007,	350.000,	0.500
3.25372,	381.0538,	0.025201,	0.007055,	349.988,	0.500
3.25448,	380.9648,	0.025209,	0.007104,	349.971,	0.500
3.25525,	380.8747,	0.025220,	0.006855,	349.965,	0.500
3.25598,	380.7893,	0.025226,	0.008752,	349.954,	0.500
3.25674,	380.7005,	0.025215,	0.008946,	349.943,	0.500
3.25751,	380.6105,	0.025236,	0.006992,	349.928,	0.500
3.25831,	380.5170,	0.025246,	0.007684,	349.919,	0.500
3.25908,	380.4271,	0.025252,	0.007462,	349.907,	0.500
3.25980,	380.3431,	0.025234,	0.005967,	349.897,	0.500
3.26057,	380.2533,	0.025258,	0.006891,	349.883,	0.500
3.26134,	380.1635,	0.025265,	0.008003,	349.872,	0.500
3.26214,	380.0703,	0.025266,	0.007621,	349.862,	0.500
3.26291,	379.9806,	0.025257,	0.007548,	349.857,	0.500
3.26363,	379.8968,	0.025281,	0.007968,	349.835,	0.500
3.26440,	379.8071,	0.025287,	0.006247,	349.824,	0.500
3.26517,	379.7176,	0.025296,	0.005736,	349.819,	0.500
3.26597,	379.6246,	0.025300,	0.002938,	349.811,	0.500
3.26674,	379.5351,	0.025323,	0.006665,	350.118,	0.500
3.26746,	379.4515,	0.025332,	0.006967,	350.112,	0.500
3.26823,	379.3621,	0.025338,	0.007182,	350.105,	0.500
3.26899,	379.2739,	0.025345,	0.007268,	350.094,	0.500
3.26980,	379.1799,	0.025349,	0.007001,	350.076,	0.500
3.27056,	379.0918,	0.025357,	0.006674,	350.069,	0.500
3.27129,	379.0072,	0.025365,	0.007703,	350.058,	0.500
