Lmd,  eV,  sig,    mon,    Ring,  sec
#lmd,   E,  HOYAX,  Y,  Smpl,  Det, AGC X, Y, Smpl, Det, pps
#2.42084,	512.1538,	0.000,	94.000,	82.900,	-0.259,	0.000,	-76.000,	0.000,	29.999,100

2.76997,	447.6014,	-0.000035,	85.092750,	350.048,	28.190
2.77065,	447.4915,	-0.000018,	85.116040,	350.038,	0.500
2.77142,	447.3672,	-0.000012,	85.118400,	350.028,	0.500
2.77222,	447.2381,	-0.000012,	85.129480,	350.012,	0.500
2.77299,	447.1139,	-0.000020,	85.154090,	350.002,	0.500
2.77372,	446.9963,	-0.000013,	85.144450,	349.991,	0.500
2.77448,	446.8738,	-0.000012,	85.155530,	349.985,	0.500
2.77525,	446.7498,	-0.000012,	85.180060,	349.965,	0.500
2.77601,	446.6275,	-0.000021,	85.173380,	349.955,	0.500
2.77678,	446.5037,	-0.000012,	85.180130,	349.947,	0.500
2.77751,	446.3863,	-0.000011,	85.201210,	349.939,	0.500
2.77827,	446.2642,	-0.000009,	85.205880,	349.919,	0.500
2.77908,	446.1341,	-0.000021,	85.221710,	349.912,	0.500
2.77988,	446.0057,	-0.000013,	85.232040,	349.904,	0.500
2.78069,	445.8758,	-0.000010,	85.237410,	349.892,	0.500
2.78141,	445.7604,	-0.000014,	85.262860,	349.874,	0.500
2.78218,	445.6370,	-0.000022,	85.259790,	349.867,	0.500
2.78295,	445.5137,	-0.000014,	85.270270,	349.856,	0.500
2.78375,	445.3857,	-0.000012,	85.283740,	349.847,	0.500
2.78452,	445.2625,	-0.000014,	85.278660,	349.831,	0.500
2.78524,	445.1474,	-0.000021,	85.295610,	349.819,	0.500
2.78601,	445.0244,	-0.000016,	85.308780,	349.810,	0.500
2.78681,	444.8967,	-0.000010,	85.295970,	349.801,	0.500
2.78758,	444.7738,	-0.000009,	85.325450,	349.784,	0.500
2.78834,	444.6525,	-0.000018,	85.348950,	349.775,	0.500
2.78907,	444.5362,	-0.000023,	85.340010,	349.765,	0.500
2.78984,	444.4135,	-0.000010,	85.440530,	349.760,	0.500
2.79060,	444.2924,	-0.000012,	85.457220,	350.073,	0.500
2.79137,	444.1699,	-0.000013,	85.458790,	350.062,	0.500
2.79213,	444.0490,	-0.000022,	85.470310,	350.056,	0.500
2.79286,	443.9329,	-0.000014,	85.475340,	350.046,	0.500
2.79363,	443.8105,	-0.000013,	85.507570,	350.027,	0.500
2.79443,	443.6835,	-0.000014,	85.507870,	350.020,	0.500
2.79520,	443.5613,	-0.000021,	85.497930,	350.012,	0.500
2.79596,	443.4407,	-0.000012,	85.525870,	350.002,	0.500
2.79673,	443.3186,	-0.000011,	85.550280,	349.985,	0.500
2.79746,	443.2029,	-0.000015,	85.547970,	349.977,	0.500
2.79822,	443.0825,	-0.000023,	85.561110,	349.967,	0.500
2.79903,	442.9543,	-0.000011,	85.565890,	349.957,	0.500
2.79975,	442.8404,	-0.000015,	85.581660,	349.942,	0.500
2.80048,	442.7250,	-0.000014,	85.598810,	349.930,	0.500
2.80125,	442.6033,	-0.000024,	85.597360,	349.920,	0.500
2.80205,	442.4769,	-0.000014,	85.631850,	349.912,	0.500
2.80286,	442.3490,	-0.000014,	85.638750,	349.894,	0.500
2.80362,	442.2291,	-0.000015,	85.646650,	349.886,	0.500
2.80439,	442.1077,	-0.000022,	85.672150,	349.877,	0.500
2.80512,	441.9927,	-0.000014,	85.683040,	349.870,	0.500
2.80588,	441.8729,	-0.000014,	85.694570,	349.850,	0.500
2.80668,	441.7470,	-0.000015,	85.693810,	349.840,	0.500
2.80741,	441.6321,	-0.000022,	85.712780,	349.835,	0.500
2.80818,	441.5110,	-0.000012,	85.735980,	349.823,	0.500
2.80891,	441.3963,	-0.000014,	85.740280,	349.803,	0.500
2.80971,	441.2706,	-0.000016,	85.732910,	349.798,	0.500
2.81051,	441.1450,	-0.000020,	85.754810,	349.786,	0.500
2.81128,	441.0242,	-0.000013,	85.754290,	349.776,	0.500
2.81201,	440.9097,	-0.000015,	85.767880,	349.760,	0.500
2.81277,	440.7906,	-0.000016,	85.843450,	349.750,	0.500
2.81354,	440.6699,	-0.000015,	85.856070,	350.079,	0.500
2.81430,	440.5509,	-0.000015,	85.828990,	350.071,	0.500
2.81507,	440.4304,	-0.000014,	85.854330,	350.057,	0.500
2.81580,	440.3162,	-0.000015,	85.821550,	350.047,	0.500
2.81656,	440.1974,	-0.000014,	85.878670,	350.037,	0.500
2.81737,	440.0709,	-0.000013,	85.883390,	350.030,	0.500
2.81817,	439.9459,	-0.000015,	85.959150,	350.012,	0.500
2.81894,	439.8258,	-0.000016,	85.942820,	350.001,	0.500
2.81967,	439.7119,	-0.000015,	85.932310,	349.995,	0.500
2.82043,	439.5934,	-0.000014,	85.947950,	349.988,	0.500
2.82120,	439.4734,	-0.000017,	85.940410,	349.966,	0.500
2.82196,	439.3551,	-0.000016,	85.946080,	349.958,	0.500
2.82273,	439.2352,	-0.000012,	85.958430,	349.951,	0.500
2.82346,	439.1217,	-0.000012,	85.956830,	349.939,	0.500
2.82422,	439.0035,	-0.000013,	85.988460,	349.921,	0.500
2.82503,	438.8776,	-0.000016,	85.984810,	349.915,	0.500
2.82583,	438.7534,	-0.000018,	85.992770,	349.904,	0.500
2.82660,	438.6338,	-0.000016,	85.994590,	349.895,	0.500
2.82736,	438.5159,	-0.000016,	86.062490,	349.879,	0.500
2.82809,	438.4028,	-0.000015,	86.043140,	349.868,	0.500
2.82889,	438.2788,	-0.000016,	86.063780,	349.858,	0.500
2.82966,	438.1595,	-0.000013,	86.087570,	349.849,	0.500
2.83042,	438.0419,	-0.000016,	86.056370,	349.833,	0.500
2.83115,	437.9289,	-0.000016,	86.062580,	349.823,	0.500
2.83192,	437.8098,	-0.000017,	86.082720,	349.811,	0.500
2.83272,	437.6862,	-0.000015,	86.091860,	349.807,	0.500
2.83353,	437.5611,	-0.000016,	86.112170,	349.787,	0.500
2.83429,	437.4437,	-0.000019,	86.124940,	349.778,	0.500
2.83502,	437.3311,	-0.000018,	86.136030,	349.770,	0.500
2.83579,	437.2124,	-0.000017,	86.246020,	349.761,	0.500
2.83655,	437.0952,	-0.000017,	86.245370,	350.119,	0.500
2.83732,	436.9766,	-0.000016,	86.261670,	350.112,	0.500
2.83808,	436.8596,	-0.000016,	86.293380,	350.103,	0.500
2.83881,	436.7472,	-0.000017,	86.281550,	350.094,	0.500
2.83958,	436.6288,	-0.000016,	86.314850,	350.076,	0.500
2.84038,	436.5058,	-0.000018,	86.320800,	350.069,	0.500
2.84118,	436.3829,	-0.000020,	86.320820,	350.058,	0.500
2.84195,	436.2647,	-0.000016,	86.349300,	350.049,	0.500
2.84272,	436.1465,	-0.000016,	86.348140,	350.034,	0.500
2.84348,	436.0299,	-0.000018,	86.367900,	350.024,	0.500
2.84425,	435.9119,	-0.000017,	86.382560,	350.014,	0.500
2.84505,	435.7893,	-0.000017,	86.411300,	350.005,	0.500
2.84578,	435.6775,	-0.000019,	86.400600,	349.986,	0.500
2.84651,	435.5658,	-0.000018,	86.409070,	349.977,	0.500
2.84731,	435.4434,	-0.000019,	86.437100,	349.969,	0.500
2.84808,	435.3257,	-0.000018,	86.442940,	349.961,	0.500
2.84888,	435.2035,	-0.000017,	86.451830,	349.941,	0.500
2.84965,	435.0859,	-0.000018,	86.473610,	349.932,	0.500
2.85041,	434.9699,	-0.000020,	86.489680,	349.927,	0.500
2.85114,	434.8585,	-0.000019,	86.476800,	349.915,	0.500
2.85190,	434.7426,	-0.000020,	86.503540,	349.896,	0.500
2.85271,	434.6192,	-0.000021,	86.522980,	349.890,	0.500
2.85344,	434.5080,	-0.000021,	86.519000,	349.881,	0.500
2.85416,	434.3984,	-0.000017,	86.533300,	349.869,	0.500
2.85493,	434.2812,	-0.000020,	86.563760,	349.854,	0.500
2.85573,	434.1595,	-0.000019,	86.561130,	349.843,	0.500
2.85654,	434.0364,	-0.000021,	86.580680,	349.834,	0.500
2.85730,	433.9210,	-0.000018,	86.588270,	349.825,	0.500
2.85803,	433.8102,	-0.000020,	86.594130,	349.808,	0.500
2.85876,	433.6994,	-0.000021,	86.681680,	349.798,	0.500
2.85956,	433.5780,	-0.000020,	86.690570,	350.104,	0.500
2.86033,	433.4613,	-0.000021,	86.714960,	350.097,	0.500
2.86109,	433.3462,	-0.000021,	86.728630,	350.079,	0.500
2.86182,	433.2356,	-0.000022,	86.706970,	350.070,	0.500
2.86259,	433.1191,	-0.000022,	86.729320,	350.063,	0.500
2.86339,	432.9981,	-0.000021,	86.748210,	350.055,	0.500
2.86420,	432.8757,	-0.000020,	86.752930,	350.034,	0.500
2.86496,	432.7608,	-0.000021,	86.769830,	350.025,	0.500
2.86569,	432.6506,	-0.000023,	86.772690,	350.018,	0.500
2.86646,	432.5344,	-0.000022,	86.780270,	350.008,	0.500
2.86722,	432.4197,	-0.000021,	86.810220,	349.989,	0.500
2.86799,	432.3036,	-0.000021,	86.813520,	349.984,	0.500
2.86875,	432.1891,	-0.000023,	86.813370,	349.972,	0.500
2.86948,	432.0791,	-0.000021,	86.823740,	349.963,	0.500
2.87025,	431.9632,	-0.000020,	86.844020,	349.947,	0.500
2.87105,	431.8429,	-0.000021,	86.855140,	349.937,	0.500
2.87182,	431.7271,	-0.000024,	86.855600,	349.928,	0.500
2.87258,	431.6128,	-0.000020,	86.867450,	349.918,	0.500
2.87335,	431.4972,	-0.000020,	86.879630,	349.900,	0.500
2.87407,	431.3891,	-0.000021,	86.895530,	349.891,	0.500
2.87488,	431.2675,	-0.000029,	86.900310,	349.882,	0.500
2.87564,	431.1536,	-0.000021,	86.903020,	349.876,	0.500
2.87641,	431.0381,	-0.000021,	86.914380,	349.854,	0.500
2.87714,	430.9288,	-0.000020,	86.929880,	349.845,	0.500
2.87790,	430.8150,	-0.000033,	86.920370,	349.838,	0.500
2.87871,	430.6938,	-0.000023,	86.944250,	349.829,	0.500
2.87951,	430.5741,	-0.000021,	86.949530,	349.808,	0.500
2.88028,	430.4590,	-0.000023,	86.962260,	349.801,	0.500
2.88101,	430.3499,	-0.000033,	86.968900,	349.794,	0.500
2.88177,	430.2364,	-0.000022,	87.078930,	349.782,	0.500
2.88254,	430.1215,	-0.000020,	87.070720,	350.154,	0.500
2.88334,	430.0022,	-0.000021,	87.085650,	350.147,	0.500
2.88407,	429.8933,	-0.000032,	87.096040,	350.136,	0.500
2.88483,	429.7801,	-0.000023,	87.103320,	350.127,	0.500
2.88560,	429.6654,	-0.000022,	87.106660,	350.112,	0.500
2.88637,	429.5508,	-0.000023,	87.112950,	350.100,	0.500
2.88717,	429.4317,	-0.000034,	87.115690,	350.092,	0.500
2.88794,	429.3172,	-0.000024,	87.121620,	350.084,	0.500
2.88866,	429.2102,	-0.000020,	87.136870,	350.066,	0.500
2.88943,	429.0959,	-0.000018,	87.144600,	350.055,	0.500
2.89019,	428.9830,	-0.000033,	87.159360,	350.048,	0.500
2.89100,	428.8628,	-0.000023,	87.161200,	350.041,	0.500
2.89173,	428.7546,	-0.000018,	87.162950,	350.020,	0.500
2.89249,	428.6419,	-0.000021,	87.173770,	350.011,	0.500
2.89326,	428.5278,	-0.000032,	87.197270,	350.005,	0.500
2.89402,	428.4153,	-0.000027,	87.193890,	349.995,	0.500
2.89483,	428.2954,	-0.000021,	87.243430,	349.977,	0.500
2.89559,	428.1830,	-0.000019,	87.267840,	349.969,	0.500
2.89632,	428.0751,	-0.000030,	87.269410,	349.960,	0.500
2.89705,	427.9672,	-0.000030,	87.308630,	349.949,	0.500
2.89785,	427.8491,	-0.000018,	87.303060,	349.932,	0.500
2.89862,	427.7354,	-0.000021,	87.287880,	349.924,	0.500
2.89938,	427.6233,	-0.000028,	87.288070,	349.913,	0.500
2.90011,	427.5157,	-0.000034,	87.244980,	349.902,	0.500
2.90088,	427.4022,	-0.000019,	87.229910,	349.887,	0.500
2.90168,	427.2843,	-0.000021,	87.210000,	349.876,	0.500
2.90249,	427.1651,	-0.000020,	87.167890,	349.867,	0.500
2.90325,	427.0533,	-0.000034,	87.168020,	349.860,	0.500
2.90398,	426.9459,	-0.000022,	87.141880,	349.842,	0.500
2.90474,	426.8342,	-0.000020,	87.150130,	349.831,	0.500
2.90551,	426.7211,	-0.000021,	87.129810,	349.822,	0.500
2.90628,	426.6080,	-0.000032,	87.120590,	349.816,	0.500
2.90704,	426.4965,	-0.000019,	87.116450,	349.797,	0.500
2.90777,	426.3894,	-0.000020,	87.122450,	349.787,	0.500
2.90854,	426.2766,	-0.000022,	87.098880,	349.780,	0.500
2.90934,	426.1593,	-0.000032,	87.184110,	349.769,	0.500
2.91011,	426.0466,	-0.000020,	87.182350,	350.126,	0.500
2.91091,	425.9295,	-0.000022,	87.145060,	350.119,	0.500
2.91164,	425.8227,	-0.000021,	87.164520,	350.108,	0.500
2.91240,	425.7116,	-0.000033,	87.127020,	350.099,	0.500
2.91317,	425.5991,	-0.000021,	87.112320,	350.083,	0.500
2.91393,	425.4881,	-0.000021,	87.129960,	350.074,	0.500
2.91470,	425.3757,	-0.000021,	87.105960,	350.064,	0.500
2.91543,	425.2692,	-0.000032,	87.083540,	350.055,	0.500
2.91619,	425.1583,	-0.000021,	87.084140,	350.038,	0.500
2.91700,	425.0403,	-0.000022,	87.063010,	350.028,	0.500
2.91780,	424.9237,	-0.000023,	87.050670,	350.019,	0.500
2.91857,	424.8116,	-0.000026,	87.025230,	350.012,	0.500
2.91929,	424.7068,	-0.000020,	87.018460,	349.993,	0.500
2.92002,	424.6007,	-0.000022,	87.010360,	349.983,	0.500
2.92083,	424.4829,	-0.000023,	86.981840,	349.976,	0.500
2.92159,	424.3725,	-0.000021,	86.977780,	349.968,	0.500
2.92236,	424.2607,	-0.000022,	86.962640,	349.947,	0.500
2.92309,	424.1547,	-0.000022,	86.936710,	349.939,	0.500
2.92385,	424.0445,	-0.000023,	86.918170,	349.931,	0.500
2.92466,	423.9270,	-0.000023,	86.909490,	349.921,	0.500
2.92546,	423.8111,	-0.000021,	86.866440,	349.902,	0.500
2.92623,	423.6996,	-0.000023,	86.864870,	349.896,	0.500
2.92695,	423.5954,	-0.000022,	86.845460,	349.884,	0.500
2.92772,	423.4840,	-0.000023,	86.818960,	349.875,	0.500
2.92848,	423.3741,	-0.000022,	86.787520,	349.861,	0.500
2.92925,	423.2628,	-0.000021,	86.779620,	349.849,	0.500
2.93002,	423.1515,	-0.000021,	86.752790,	349.839,	0.500
2.93074,	423.0476,	-0.000021,	86.723810,	349.830,	0.500
2.93151,	422.9365,	-0.000023,	86.703040,	349.814,	0.500
2.93231,	422.8211,	-0.000022,	86.773750,	349.815,	0.500
2.93312,	422.7043,	-0.000022,	86.741660,	350.186,	0.500
2.93388,	422.5948,	-0.000023,	86.720420,	350.180,	0.500
2.93461,	422.4897,	-0.000021,	86.689960,	350.159,	0.500
2.93538,	422.3789,	-0.000021,	86.666730,	350.151,	0.500
2.93614,	422.2695,	-0.000024,	86.637630,	350.145,	0.500
2.93691,	422.1588,	-0.000022,	86.622460,	350.135,	0.500
2.93767,	422.0496,	-0.000022,	86.566110,	350.115,	0.500
2.93844,	421.9390,	-0.000023,	86.560750,	350.108,	0.500
2.93921,	421.8285,	-0.000023,	86.537810,	350.101,	0.500
2.93997,	421.7194,	-0.000024,	86.499700,	350.089,	0.500
2.94078,	421.6033,	0.000108,	86.455180,	350.072,	0.500
2.94154,	421.4943,	0.000067,	86.426270,	350.064,	0.500
2.94227,	421.3898,	0.000024,	86.412450,	350.055,	0.500
2.94303,	421.2809,	-0.000007,	86.362160,	350.045,	0.500
2.94380,	421.1707,	-0.000023,	86.349440,	350.030,	0.500
2.94457,	421.0606,	-0.000028,	86.292200,	350.018,	0.500
2.94533,	420.9520,	-0.000027,	86.269470,	350.009,	0.500
2.94610,	420.8419,	-0.000026,	86.236870,	350.000,	0.500
2.94686,	420.7334,	-0.000024,	86.200000,	349.984,	0.500
2.94767,	420.6178,	-0.000024,	86.154190,	349.973,	0.500
2.94843,	420.5094,	-0.000025,	86.138510,	349.965,	0.500
2.94920,	420.3996,	-0.000025,	86.098350,	349.958,	0.500
2.94996,	420.2913,	-0.000025,	86.045080,	349.937,	0.500
2.95069,	420.1873,	-0.000023,	86.016800,	349.927,	0.500
2.95146,	420.0777,	-0.000024,	85.982930,	349.921,	0.500
2.95226,	419.9638,	-0.000025,	85.938200,	349.911,	0.500
2.95299,	419.8600,	-0.000023,	85.906050,	349.892,	0.500
2.95376,	419.7506,	-0.000018,	85.861170,	349.884,	0.500
2.95448,	419.6483,	-0.000022,	85.829140,	349.874,	0.500
2.95529,	419.5333,	-0.000024,	85.790800,	349.865,	0.500
2.95605,	419.4254,	-0.000024,	85.741940,	349.847,	0.500
2.95682,	419.3162,	-0.000024,	85.710560,	349.839,	0.500
2.95758,	419.2084,	-0.000021,	85.674050,	349.828,	0.500
2.95831,	419.1050,	-0.000026,	85.627460,	349.819,	0.500
2.95912,	418.9903,	-0.000026,	85.593480,	349.802,	0.500
2.95988,	418.8827,	-0.000024,	85.634260,	349.814,	0.500
2.96065,	418.7737,	-0.000026,	85.602670,	350.150,	0.500
2.96141,	418.6663,	-0.000035,	85.552350,	350.143,	0.510
2.96214,	418.5631,	-0.000025,	85.526560,	350.124,	0.490
2.96294,	418.4501,	-0.000023,	85.468790,	350.116,	0.500
2.96375,	418.3357,	-0.000026,	85.450390,	350.108,	0.500
2.96451,	418.2285,	-0.000040,	85.398020,	350.101,	0.500
2.96524,	418.1255,	-0.000023,	85.348440,	350.080,	0.500
2.96597,	418.0226,	-0.000023,	85.325360,	350.072,	0.500
2.96674,	417.9141,	-0.000026,	85.272050,	350.066,	0.500
2.96754,	417.8014,	-0.000040,	85.231520,	350.055,	0.500
2.96827,	417.6987,	-0.000025,	85.204290,	350.037,	0.500
2.96903,	417.5918,	-0.000026,	85.151360,	350.031,	0.500
2.96980,	417.4835,	-0.000026,	85.122890,	350.019,	0.500
2.97056,	417.3767,	-0.000041,	85.075350,	350.009,	0.500
2.97137,	417.2629,	-0.000026,	85.018960,	349.996,	0.500
2.97213,	417.1562,	-0.000026,	84.986630,	349.985,	0.500
2.97286,	417.0538,	-0.000026,	84.946920,	349.975,	0.500
2.97363,	416.9458,	-0.000033,	84.899610,	349.966,	0.500
2.97439,	416.8392,	-0.000026,	84.868470,	349.950,	0.500
2.97520,	416.7257,	-0.000027,	84.822900,	349.939,	0.500
2.97596,	416.6193,	-0.000026,	84.781050,	349.931,	0.500
2.97669,	416.5172,	-0.000027,	84.721030,	349.923,	0.500
2.97746,	416.4094,	-0.000029,	84.683100,	349.903,	0.500
2.97822,	416.3032,	-0.000025,	84.651710,	349.894,	0.500
2.97903,	416.1900,	-0.000026,	84.605240,	349.887,	0.500
2.97979,	416.0838,	-0.000026,	84.561420,	349.878,	0.500
2.98052,	415.9819,	-0.000026,	84.518410,	349.859,	0.500
2.98129,	415.8745,	-0.000026,	84.467430,	349.851,	0.500
2.98205,	415.7685,	-0.000028,	84.424360,	349.843,	0.500
2.98286,	415.6556,	-0.000028,	84.378410,	349.832,	0.500
2.98358,	415.5553,	-0.000030,	84.335370,	349.814,	0.500
2.98435,	415.4481,	-0.000026,	84.289970,	349.807,	0.500
2.98511,	415.3423,	-0.000027,	84.254210,	349.795,	0.500
2.98592,	415.2296,	-0.000027,	84.189430,	349.786,	0.500
2.98668,	415.1240,	-0.000036,	84.152140,	349.771,	0.500
2.98745,	415.0170,	-0.000027,	84.194590,	349.790,	0.500
2.98822,	414.9100,	-0.000028,	84.150460,	350.129,	0.500
2.98894,	414.8101,	-0.000029,	84.101320,	350.122,	0.500
2.98971,	414.7032,	-0.000038,	84.054310,	350.103,	0.500
2.99051,	414.5923,	-0.000027,	83.995770,	350.095,	0.500
2.99124,	414.4911,	-0.000028,	83.962520,	350.087,	0.500
2.99201,	414.3845,	-0.000029,	83.903830,	350.081,	0.500
2.99277,	414.2792,	-0.000036,	83.855240,	350.059,	0.500
2.99358,	414.1671,	-0.000022,	83.799300,	350.053,	0.500
2.99438,	414.0565,	-0.000027,	83.745900,	350.046,	0.500
2.99515,	413.9500,	-0.000027,	83.699890,	350.035,	0.500
2.99587,	413.8505,	-0.000043,	83.659370,	350.016,	0.500
2.99664,	413.7442,	-0.000030,	83.601970,	350.009,	0.500
2.99741,	413.6379,	-0.000024,	83.540930,	350.000,	0.500
2.99821,	413.5276,	-0.000027,	83.507840,	349.989,	0.500
2.99898,	413.4214,	-0.000029,	83.437670,	349.973,	0.500
2.99970,	413.3221,	-0.000029,	83.392040,	349.965,	0.500
3.00047,	413.2161,	-0.000029,	83.338210,	349.953,	0.500
3.00127,	413.1059,	-0.000031,	83.278210,	349.945,	0.500
3.00208,	412.9945,	-0.000031,	83.232840,	349.930,	0.500
3.00284,	412.8899,	-0.000030,	83.163000,	349.919,	0.500
3.00357,	412.7896,	-0.000033,	83.129310,	349.909,	0.500
3.00430,	412.6893,	-0.000032,	83.038500,	349.902,	0.491
3.00506,	412.5849,	-0.000032,	82.972010,	349.882,	0.500
3.00587,	412.4737,	-0.000032,	82.935610,	349.873,	0.500
3.00660,	412.3736,	-0.000031,	82.875620,	349.865,	0.500
3.00736,	412.2694,	-0.000033,	82.826400,	349.857,	0.500
3.00813,	412.1638,	-0.000033,	82.764590,	349.836,	0.500
3.00889,	412.0597,	-0.000035,	82.697370,	349.828,	0.500
3.00970,	411.9488,	-0.000036,	82.666540,	349.823,	0.500
3.01046,	411.8448,	-0.000036,	82.703220,	349.811,	0.500
3.01119,	411.7450,	-0.000034,	82.624410,	350.159,	0.500
3.01192,	411.6452,	-0.000034,	82.574960,	350.152,	0.500
3.01272,	411.5359,	-0.000034,	82.529430,	350.142,	0.500
3.01349,	411.4307,	-0.000038,	82.482790,	350.131,	0.500
3.01421,	411.3325,	-0.000041,	82.409360,	350.115,	0.500
3.01498,	411.2274,	-0.000036,	82.351040,	350.106,	0.500
3.01575,	411.1224,	-0.000035,	82.287860,	350.095,	0.500
3.01651,	411.0188,	-0.000036,	82.263280,	350.087,	0.500
3.01732,	410.9085,	-0.000038,	82.217420,	350.071,	0.500
3.01808,	410.8050,	-0.000038,	82.140320,	350.060,	0.500
3.01885,	410.7002,	-0.000037,	82.061280,	350.051,	0.500
3.01958,	410.6010,	-0.000038,	82.012400,	350.045,	0.500
3.02034,	410.4976,	-0.000039,	81.917700,	350.025,	0.500
3.02115,	410.3876,	-0.000037,	81.871240,	350.016,	0.500
3.02191,	410.2844,	-0.000037,	81.791100,	350.009,	0.500
3.02264,	410.1853,	-0.000037,	81.688240,	350.001,	0.500
3.02340,	410.0822,	-0.000040,	81.625330,	349.981,	0.500
3.02421,	409.9723,	-0.000036,	81.516130,	349.974,	0.500
3.02501,	409.8639,	-0.000035,	81.456820,	349.967,	0.500
3.02578,	409.7596,	-0.000036,	81.365370,	349.954,	0.500
3.02651,	409.6608,	-0.000043,	81.254140,	349.937,	0.500
3.02723,	409.5633,	-0.000038,	81.170950,	349.929,	0.500
3.02800,	409.4592,	-0.000038,	81.061440,	349.917,	0.500
3.02880,	409.3510,	-0.000036,	80.960040,	349.908,	0.500
3.02957,	409.2470,	-0.000051,	80.858290,	349.894,	0.500
3.03030,	409.1484,	-0.000037,	80.759570,	349.883,	0.500
3.03106,	409.0458,	-0.000035,	80.650890,	349.872,	0.500
3.03187,	408.9365,	-0.000036,	80.534700,	349.865,	0.500
3.03263,	408.8341,	-0.000052,	80.435750,	349.846,	0.500
3.03340,	408.7303,	-0.000035,	80.335600,	349.836,	0.500
3.03413,	408.6319,	-0.000034,	80.242990,	349.828,	0.500
3.03489,	408.5296,	-0.000034,	80.144940,	349.821,	0.500
3.03566,	408.4260,	-0.000049,	80.056630,	349.799,	0.500
3.03642,	408.3238,	-0.000033,	79.991420,	349.790,	0.500
3.03719,	408.2202,	-0.000034,	79.919920,	349.784,	0.500
3.03795,	408.1181,	-0.000035,	79.941490,	349.775,	0.500
3.03872,	408.0147,	-0.000047,	79.900450,	350.102,	0.500
3.03952,	407.9073,	-0.000037,	79.885540,	350.094,	0.500
3.04029,	407.8040,	-0.000035,	79.863390,	350.087,	0.500
3.04106,	407.7007,	-0.000035,	79.869210,	350.075,	0.500
3.04178,	407.6042,	-0.000041,	79.866640,	350.060,	0.500
3.04255,	407.5011,	-0.000037,	79.916830,	350.051,	0.500
3.04331,	407.3993,	-0.000032,	79.963430,	350.041,	0.500
3.04408,	407.2963,	-0.000031,	80.019930,	350.031,	0.500
3.04485,	407.1933,	-0.000032,	80.091180,	350.016,	0.500
3.04561,	407.0917,	-0.000033,	80.181240,	350.005,	0.500
3.04638,	406.9888,	-0.000033,	80.280670,	349.996,	0.500
3.04714,	406.8873,	-0.000031,	80.394240,	349.989,	0.500
3.04795,	406.7791,	-0.000034,	80.504470,	349.970,	0.500
3.04871,	406.6777,	-0.000038,	80.645140,	349.961,	0.500
3.04944,	406.5804,	-0.000033,	80.764430,	349.952,	0.500
3.05017,	406.4831,	-0.000032,	80.903590,	349.946,	0.500
3.05097,	406.3765,	-0.000035,	81.066400,	349.926,	0.500
3.05174,	406.2739,	-0.000046,	81.214870,	349.915,	0.500
3.05254,	406.1675,	-0.000032,	81.368380,	349.910,	0.500
3.05327,	406.0704,	-0.000032,	81.507200,	349.897,	0.500
3.05404,	405.9680,	-0.000035,	81.670360,	349.880,	0.500
3.05484,	405.8617,	-0.000048,	81.824450,	349.873,	0.500
3.05561,	405.7594,	-0.000033,	81.994470,	349.863,	0.500
3.05637,	405.6585,	-0.000034,	82.145110,	349.853,	0.500
3.05710,	405.5616,	-0.000034,	82.282400,	349.837,	0.500
3.05786,	405.4608,	-0.000042,	82.424510,	349.827,	0.500
3.05863,	405.3588,	-0.000025,	82.574280,	349.817,	0.500
3.05943,	405.2528,	-0.000030,	82.713280,	349.809,	0.500
3.06020,	405.1508,	-0.000029,	82.852080,	349.793,	0.500
3.06093,	405.0542,	-0.000044,	83.068020,	349.830,	0.500
3.06169,	404.9536,	-0.000030,	83.185260,	350.128,	0.500
3.06250,	404.8465,	-0.000032,	83.318660,	350.121,	0.500
3.06326,	404.7461,	-0.000031,	83.432110,	350.101,	0.500
3.06403,	404.6444,	-0.000036,	83.532100,	350.094,	0.500
3.06476,	404.5480,	-0.000031,	83.622900,	350.087,	0.500
3.06548,	404.4530,	-0.000030,	83.714160,	350.078,	0.500
3.06629,	404.3461,	-0.000028,	83.792320,	350.059,	0.500
3.06705,	404.2459,	-0.000028,	83.851330,	350.051,	0.500
3.06786,	404.1392,	-0.000027,	83.916770,	350.044,	0.500
3.06859,	404.0430,	-0.000029,	83.953180,	350.032,	0.500
3.06935,	403.9430,	-0.000030,	83.975700,	350.016,	0.500
3.07016,	403.8364,	-0.000029,	84.001730,	350.007,	0.500
3.07092,	403.7365,	-0.000027,	84.019810,	349.996,	0.500
3.07169,	403.6353,	-0.000027,	84.018370,	349.987,	0.500
3.07242,	403.5394,	-0.000030,	84.019030,	349.972,	0.500
3.07314,	403.4448,	-0.000028,	83.994610,	349.962,	0.500
3.07391,	403.3438,	-0.000029,	83.969060,	349.950,	0.500
3.07471,	403.2388,	-0.000029,	83.907840,	349.943,	0.500
3.07548,	403.1379,	-0.000029,	83.833970,	349.925,	0.500
3.07624,	403.0383,	-0.000032,	83.756770,	349.915,	0.500
3.07701,	402.9374,	-0.000030,	83.655040,	349.906,	0.500
3.07778,	402.8366,	-0.000033,	83.521760,	349.900,	0.500
3.07858,	402.7319,	-0.000032,	83.371650,	349.879,	0.500
3.07935,	402.6312,	-0.000034,	83.222080,	349.869,	0.500
3.08007,	402.5371,	-0.000034,	83.043700,	349.864,	0.500
3.08080,	402.4417,	-0.000034,	82.880290,	349.855,	0.500
3.08157,	402.3412,	-0.000035,	82.722250,	349.834,	0.500
3.08237,	402.2367,	-0.000037,	82.590230,	349.827,	0.500
3.08314,	402.1363,	-0.000037,	82.512150,	349.817,	0.500
3.08390,	402.0372,	-0.000036,	82.571390,	349.805,	0.500
3.08467,	401.9368,	-0.000040,	82.591280,	350.130,	0.500
3.08543,	401.8378,	-0.000041,	82.673120,	350.122,	0.500
3.08620,	401.7376,	-0.000038,	82.793750,	350.111,	0.500
3.08697,	401.6373,	-0.000036,	82.892970,	350.101,	0.500
3.08769,	401.5437,	-0.000040,	82.991450,	350.087,	0.500
3.08842,	401.4488,	-0.000040,	83.042450,	350.075,	0.500
3.08922,	401.3448,	-0.000036,	83.062860,	350.066,	0.500
3.08999,	401.2448,	-0.000037,	83.007240,	350.058,	0.500
3.09076,	401.1448,	-0.000036,	82.918100,	350.039,	0.500
3.09152,	401.0462,	-0.000041,	82.802200,	350.029,	0.500
3.09229,	400.9464,	-0.000036,	82.693570,	350.022,	0.500
3.09305,	400.8478,	-0.000034,	82.629640,	350.014,	0.500
3.09386,	400.7429,	-0.000035,	82.620210,	349.993,	0.500
3.09462,	400.6445,	-0.000050,	82.655720,	349.986,	0.500
3.09535,	400.5500,	-0.000032,	82.714680,	349.978,	0.500
3.09608,	400.4556,	-0.000030,	82.773180,	349.968,	0.500
3.09684,	400.3573,	-0.000033,	82.764910,	349.949,	0.500
3.09765,	400.2526,	-0.000047,	82.669270,	349.942,	0.500
3.09841,	400.1544,	-0.000031,	82.513100,	349.932,	0.500
3.09918,	400.0550,	-0.000030,	82.283600,	349.921,	0.500
3.09995,	399.9556,	-0.000031,	82.015100,	349.906,	0.500
3.10071,	399.8576,	-0.000046,	81.738630,	349.898,	0.500
3.10152,	399.7532,	-0.000032,	81.515050,	349.885,	0.500
3.10228,	399.6552,	-0.000028,	81.381790,	349.877,	0.500
3.10301,	399.5612,	-0.000030,	81.329560,	349.861,	0.500
3.10374,	399.4672,	-0.000036,	81.361970,	349.849,	0.500
3.10450,	399.3694,	-0.000034,	81.484500,	349.841,	0.500
3.10531,	399.2653,	-0.000032,	81.640650,	349.833,	0.500
3.10607,	399.1676,	-0.000036,	81.832850,	349.813,	0.500
3.10680,	399.0738,	-0.000036,	82.036600,	349.804,	0.500
3.10756,	398.9762,	-0.000038,	82.268410,	349.797,	0.500
3.10833,	398.8774,	-0.000033,	82.383470,	349.789,	0.500
3.10913,	398.7747,	-0.000036,	82.648170,	349.768,	0.500
3.10990,	398.6760,	-0.000037,	82.857890,	349.760,	0.500
3.11063,	398.5824,	-0.000038,	83.081680,	349.752,	0.500
3.11136,	398.4889,	-0.000033,	83.385840,	349.739,	0.500
3.11212,	398.3916,	-0.000035,	83.621610,	350.044,	0.500
3.11293,	398.2879,	-0.000034,	83.832220,	350.037,	0.500
3.11369,	398.1907,	-0.000051,	84.039240,	350.025,	0.500
3.11442,	398.0974,	-0.000032,	84.238020,	350.016,	0.500
3.11518,	398.0003,	-0.000032,	84.447360,	350.001,	0.500
3.11599,	397.8968,	-0.000031,	84.632790,	349.990,	0.500
3.11675,	397.7998,	-0.000043,	84.808980,	349.981,	0.500
3.11752,	397.7015,	-0.000027,	84.955080,	349.973,	0.500
3.11825,	397.6084,	-0.000028,	85.076780,	349.956,	0.500
3.11898,	397.5154,	-0.000026,	85.197840,	349.945,	0.500
3.11978,	397.4134,	-0.000039,	85.286250,	349.938,	0.500
3.12055,	397.3154,	-0.000021,	85.360850,	349.930,	0.500
3.12131,	397.2186,	-0.000020,	85.446780,	349.909,	0.500
3.12208,	397.1207,	-0.000021,	85.528480,	349.901,	0.500
3.12284,	397.0240,	-0.000026,	85.594020,	349.894,	0.500
3.12361,	396.9261,	-0.000018,	85.673780,	349.885,	0.500
3.12441,	396.8245,	-0.000018,	85.726700,	349.866,	0.500
3.12518,	396.7267,	-0.000019,	85.779740,	349.858,	0.500
3.12591,	396.6341,	-0.000018,	85.815720,	349.849,	0.500
3.12663,	396.5427,	-0.000016,	85.863870,	349.838,	0.500
3.12744,	396.4400,	-0.000017,	85.877240,	349.822,	0.500
3.12824,	396.3387,	-0.000007,	85.895240,	349.814,	0.500
3.12901,	396.2411,	-0.000012,	85.930610,	349.803,	0.500
3.12973,	396.1500,	-0.000014,	86.015490,	349.793,	0.500
3.13050,	396.0525,	-0.000018,	86.029780,	350.074,	0.500
3.13127,	395.9551,	-0.000018,	86.067920,	350.063,	0.500
3.13207,	395.8540,	-0.000020,	86.068790,	350.054,	0.500
3.13284,	395.7567,	-0.000016,	86.080630,	350.045,	0.500
3.13356,	395.6658,	-0.000019,	86.085020,	350.028,	0.500
3.13429,	395.5736,	-0.000021,	86.090340,	350.018,	0.500
3.13510,	395.4714,	-0.000019,	86.114690,	350.010,	0.500
3.13586,	395.3756,	-0.000018,	86.111700,	350.004,	0.500
3.13667,	395.2735,	-0.000018,	86.125920,	349.983,	0.500
3.13739,	395.1828,	-0.000019,	86.122450,	349.975,	0.500
3.13816,	395.0858,	-0.000021,	86.125130,	349.967,	0.500
3.13892,	394.9901,	-0.000018,	86.134430,	349.957,	0.500
3.13973,	394.8882,	-0.000018,	86.133810,	349.938,	0.500
3.14049,	394.7927,	-0.000019,	86.132750,	349.932,	0.500
3.14122,	394.7009,	-0.000018,	86.140100,	349.921,	0.500
3.14195,	394.6092,	-0.000017,	86.138410,	349.909,	0.500
3.14275,	394.5088,	-0.000020,	86.131470,	349.894,	0.500
3.14352,	394.4121,	-0.000021,	86.141790,	349.886,	0.500
3.14428,	394.3168,	-0.000021,	86.144130,	349.874,	0.500
3.14505,	394.2203,	-0.000018,	86.126660,	349.865,	0.500
3.14582,	394.1238,	-0.000018,	86.138780,	349.850,	0.500
3.14658,	394.0286,	-0.000020,	86.135960,	349.838,	0.500
3.14739,	393.9272,	-0.000024,	86.135710,	349.830,	0.500
3.14811,	393.8371,	-0.000019,	86.223400,	349.822,	0.500
3.14884,	393.7458,	-0.000017,	86.220850,	350.136,	0.500
3.14961,	393.6495,	-0.000018,	86.220030,	350.127,	0.500
3.15037,	393.5545,	-0.000038,	86.209400,	350.119,	0.500
3.15118,	393.4534,	-0.000019,	86.209160,	350.111,	0.500
3.15194,	393.3585,	-0.000018,	86.211870,	350.091,	0.500
3.15271,	393.2624,	-0.000020,	86.216520,	350.082,	0.500
3.15347,	393.1677,	-0.000037,	86.210850,	350.075,	0.500
3.15424,	393.0717,	-0.000020,	86.206820,	350.064,	0.500
3.15504,	392.9720,	-0.000016,	86.199580,	350.047,	0.500
3.15581,	392.8761,	-0.000017,	86.201350,	350.039,	0.500
3.15650,	392.7903,	-0.000034,	86.203680,	350.028,	0.500
3.15726,	392.6957,	-0.000018,	86.197950,	350.018,	0.500
3.15807,	392.5950,	-0.000017,	86.198760,	350.003,	0.500
3.15883,	392.5005,	-0.000019,	86.197520,	349.993,	0.500
3.15964,	392.3999,	-0.000038,	86.198130,	349.982,	0.500
3.16037,	392.3093,	-0.000021,	86.196610,	349.975,	0.500
3.16113,	392.2149,	-0.000022,	86.195520,	349.957,	0.500
3.16190,	392.1194,	-0.000021,	86.191410,	349.947,	0.500
3.16270,	392.0202,	-0.000031,	86.190620,	349.938,	0.500
3.16347,	391.9248,	-0.000022,	86.201420,	349.931,	0.500
3.16420,	391.8344,	-0.000020,	86.184950,	349.910,	0.500
3.16492,	391.7453,	-0.000019,	86.175200,	349.901,	0.500
3.16569,	391.6500,	-0.000024,	86.183470,	349.894,	0.500
3.16649,	391.5510,	-0.000023,	86.181760,	349.886,	0.500
3.16726,	391.4558,	-0.000019,	86.180780,	349.866,	0.500
3.16802,	391.3619,	-0.000020,	86.189890,	349.858,	0.500
3.16875,	391.2718,	-0.000021,	86.181920,	349.850,	0.500
3.16956,	391.1718,	-0.000038,	86.195250,	349.838,	0.500
3.17032,	391.0780,	-0.000023,	86.171990,	349.821,	0.500
3.17109,	390.9830,	-0.000020,	86.278820,	349.924,	0.500
3.17181,	390.8943,	-0.000022,	86.276080,	350.148,	0.500
3.17254,	390.8044,	-0.000038,	86.265710,	350.140,	0.500
3.17335,	390.7046,	-0.000016,	86.273370,	350.126,	0.500
3.17415,	390.6061,	-0.000019,	86.281860,	350.114,	0.500
3.17492,	390.5114,	-0.000023,	86.269570,	350.105,	0.500
3.17568,	390.4179,	-0.000036,	86.276040,	350.097,	0.500
3.17641,	390.3282,	-0.000020,	86.267380,	350.078,	0.500
3.17721,	390.2299,	-0.000018,	86.264240,	350.068,	0.500
3.17798,	390.1354,	-0.000020,	86.275330,	350.061,	0.500
3.17875,	390.0409,	-0.000024,	86.259090,	350.053,	0.500
3.17947,	389.9526,	-0.000019,	86.271430,	350.033,	0.500
3.18020,	389.8630,	-0.000020,	86.270330,	350.024,	0.500
3.18100,	389.7650,	-0.000021,	86.266640,	350.017,	0.500
3.18181,	389.6658,	-0.000020,	86.276360,	350.007,	0.500
3.18257,	389.5727,	-0.000019,	86.273410,	349.988,	0.500
3.18334,	389.4785,	-0.000021,	86.271010,	349.980,	0.500
3.18407,	389.3892,	-0.000024,	86.281690,	349.971,	0.500
3.18487,	389.2914,	-0.000021,	86.273940,	349.960,	0.500
3.18564,	389.1973,	-0.000019,	86.269240,	349.945,	0.500
3.18640,	389.1045,	-0.000021,	86.280590,	349.935,	0.500
3.18713,	389.0153,	-0.000021,	86.273790,	349.924,	0.500
3.18786,	388.9263,	-0.000021,	86.279510,	349.917,	0.500
3.18866,	388.8287,	-0.000021,	86.287900,	349.900,	0.500
3.18947,	388.7299,	-0.000024,	86.273800,	349.889,	0.500
3.19023,	388.6373,	-0.000021,	86.285720,	349.882,	0.500
3.19100,	388.5435,	-0.000023,	86.285000,	349.874,	0.500
3.19173,	388.4547,	-0.000019,	86.288810,	349.854,	0.500
3.19253,	388.3573,	-0.000020,	86.279250,	349.845,	0.500
3.19330,	388.2637,	-0.000024,	86.286530,	349.837,	0.500
3.19406,	388.1713,	-0.000023,	86.285030,	349.830,	0.500
3.19479,	388.0826,	-0.000022,	86.292700,	349.809,	0.500
3.19552,	387.9940,	-0.000022,	86.292570,	349.801,	0.500
3.19632,	387.8968,	-0.000020,	86.304510,	349.793,	0.500
3.19712,	387.7998,	-0.000026,	86.296370,	349.781,	0.500
3.19789,	387.7064,	-0.000023,	86.292980,	349.764,	0.500
3.19866,	387.6131,	-0.000019,	86.390170,	349.877,	0.500
3.19938,	387.5258,	-0.000019,	86.389680,	350.128,	0.500
3.20019,	387.4278,	-0.000023,	86.397030,	350.118,	0.500
3.20095,	387.3358,	-0.000020,	86.397600,	350.103,	0.500
3.20172,	387.2426,	-0.000019,	86.402020,	350.094,	0.500
3.20245,	387.1543,	-0.000022,	86.402620,	350.083,	0.500
3.20317,	387.0673,	-0.000037,	86.398300,	350.074,	0.500
3.20398,	386.9695,	-0.000022,	86.406000,	350.059,	0.500
3.20474,	386.8777,	-0.000023,	86.389940,	350.048,	0.500
3.20555,	386.7799,	-0.000021,	86.399490,	350.039,	0.500
3.20628,	386.6919,	-0.000042,	86.409290,	350.032,	0.500
3.20700,	386.6051,	-0.000024,	86.393880,	350.012,	0.500
3.20781,	386.5074,	-0.000021,	86.408380,	350.003,	0.500
3.20857,	386.4159,	-0.000022,	86.403270,	349.997,	0.500
3.20934,	386.3232,	-0.000041,	86.402950,	349.988,	0.500
3.21007,	386.2353,	-0.000024,	86.412380,	349.968,	0.500
3.21083,	386.1439,	-0.000022,	86.408190,	349.959,	0.500
3.21160,	386.0513,	-0.000024,	86.415520,	349.952,	0.500
3.21240,	385.9552,	-0.000038,	86.402150,	349.940,	0.500
3.21317,	385.8627,	-0.000024,	86.411400,	349.925,	0.500
3.21393,	385.7715,	-0.000021,	86.398370,	349.917,	0.500
3.21466,	385.6838,	-0.000022,	86.393190,	349.905,	0.500
3.21543,	385.5915,	-0.000026,	86.372180,	349.896,	0.500
3.21623,	385.4956,	-0.000033,	86.368410,	349.881,	0.500
3.21700,	385.4033,	-0.000021,	86.368630,	349.868,	0.500
3.21772,	385.3171,	-0.000022,	86.358940,	349.860,	0.500
3.21845,	385.2297,	-0.000025,	86.333250,	349.851,	0.500
3.21926,	385.1327,	-0.000041,	86.398290,	349.832,	0.500
3.22006,	385.0371,	-0.000021,	86.398780,	349.823,	0.500
3.22083,	384.9450,	-0.000023,	86.371040,	349.815,	0.500
3.22155,	384.8590,	-0.000022,	86.467810,	349.807,	0.500
3.22232,	384.7670,	-0.000042,	86.460200,	350.164,	0.500
3.22308,	384.6763,	-0.000023,	86.434130,	350.156,	0.500
3.22389,	384.5796,	-0.000023,	86.440040,	350.148,	0.500
3.22465,	384.4890,	-0.000024,	86.420780,	350.138,	0.500
3.22534,	384.4067,	-0.000039,	86.410660,	350.119,	0.500
3.22611,	384.3150,	-0.000024,	86.447560,	350.113,	0.500
3.22691,	384.2197,	-0.000023,	86.462080,	350.103,	0.500
3.22768,	384.1281,	-0.000022,	86.438180,	350.091,	0.500
3.22848,	384.0329,	-0.000023,	86.442170,	350.074,	0.500
3.22921,	383.9461,	-0.000023,	86.425750,	350.067,	0.500
3.22998,	383.8545,	-0.000024,	86.421320,	350.056,	0.500
3.23074,	383.7642,	-0.000021,	86.414690,	350.048,	0.500
3.23155,	383.6680,	-0.000022,	86.384830,	350.031,	0.500
3.23231,	383.5778,	-0.000022,	86.384250,	350.020,	0.500
3.23304,	383.4912,	-0.000025,	86.417470,	350.012,	0.500
3.23377,	383.4046,	-0.000023,	86.412200,	350.002,	0.500
3.23457,	383.3098,	-0.000023,	86.400800,	349.983,	0.500
3.23538,	383.2139,	-0.000021,	86.406390,	349.976,	0.500
3.23614,	383.1239,	-0.000023,	86.416510,	349.967,	0.500
3.23691,	383.0327,	-0.000024,	86.385100,	349.958,	0.500
3.23763,	382.9475,	-0.000025,	86.343690,	349.938,	0.500
3.23844,	382.8518,	-0.000024,	86.317130,	349.930,	0.500
3.23920,	382.7619,	-0.000024,	86.317250,	349.925,	0.500
3.23997,	382.6710,	-0.000024,	86.306580,	349.911,	0.500
3.24066,	382.5895,	-0.000023,	86.315870,	349.896,	0.500
3.24143,	382.4986,	-0.000024,	86.313090,	349.887,	0.500
3.24219,	382.4089,	-0.000026,	86.326100,	349.878,	0.500
3.24300,	382.3134,	-0.000025,	86.308920,	349.867,	0.500
3.24376,	382.2239,	-0.000025,	86.314940,	349.850,	0.500
3.24449,	382.1379,	-0.000023,	86.310850,	349.841,	0.500
3.24525,	382.0484,	-0.000022,	86.304670,	349.830,	0.500
3.24602,	381.9577,	-0.000024,	86.310160,	349.822,	0.500
3.24682,	381.8636,	-0.000024,	86.312760,	349.805,	0.500
3.24759,	381.7731,	-0.000025,	86.301860,	349.792,	0.500
3.24832,	381.6873,	-0.000027,	86.297040,	349.785,	0.500
3.24905,	381.6015,	-0.000026,	86.384770,	349.776,	0.500
3.24985,	381.5076,	-0.000028,	86.380220,	350.121,	0.500
3.25065,	381.4137,	-0.000025,	86.387170,	350.114,	0.500
3.25142,	381.3234,	-0.000021,	86.365120,	350.105,	0.500
3.25215,	381.2378,	-0.000026,	86.364950,	350.098,	0.500
3.25287,	381.1534,	-0.000027,	86.370650,	350.078,	0.500
3.25368,	381.0585,	-0.000024,	86.368270,	350.071,	0.500
3.25444,	380.9695,	-0.000028,	86.358330,	350.063,	0.500
3.25521,	380.8794,	-0.000025,	86.361180,	350.051,	0.500
3.25594,	380.7940,	-0.000027,	86.346330,	350.033,	0.500
3.25670,	380.7051,	-0.000024,	86.340750,	350.026,	0.500
3.25751,	380.6105,	-0.000026,	86.350910,	350.015,	0.500
3.25827,	380.5217,	-0.000028,	86.338240,	350.005,	0.500
3.25908,	380.4271,	-0.000042,	86.333050,	349.990,	0.500
3.25980,	380.3431,	-0.000026,	86.332590,	349.980,	0.500
3.26053,	380.2579,	-0.000026,	86.324460,	349.971,	0.500
3.26134,	380.1635,	-0.000026,	86.322790,	349.961,	0.500
3.26214,	380.0703,	-0.000044,	86.312130,	349.943,	0.500
3.26287,	379.9852,	-0.000026,	86.307220,	349.934,	0.500
3.26360,	379.9002,	-0.000025,	86.304840,	349.925,	0.500
3.26436,	379.8118,	-0.000026,	86.300170,	349.918,	0.500
3.26513,	379.7222,	-0.000047,	86.288540,	349.897,	0.500
3.26593,	379.6292,	-0.000029,	86.282330,	349.890,	0.500
3.26670,	379.5397,	-0.000027,	86.276760,	349.882,	0.500
3.26742,	379.4561,	-0.000027,	86.273480,	349.872,	0.500
3.26819,	379.3667,	-0.000037,	86.263940,	349.854,	0.500
3.26896,	379.2773,	-0.000046,	86.258720,	349.846,	0.500
3.26976,	379.1845,	-0.000026,	86.253180,	349.837,	0.500
3.27053,	379.0953,	-0.000026,	86.235850,	349.825,	0.500
3.27125,	379.0118,	-0.000027,	86.231630,	349.811,	0.500
