Smpl, Det, sig,    mon,    Ring,  sec
#lmd,   E,  HOYAX,  Y,  Smpl,  Det, AGC X, Y, Smpl, Det, pps
#4.65006,	266.6293,	2.001,	94.000,	82.900,	-0.581,	0.000,	-76.000,	0.000,	29.999,50

82.900,	-1.999,	-0.000078,	0.140262,	349.843,	575.461
82.900,	-1.970,	-0.000053,	0.152561,	350.124,	0.510
82.900,	-1.937,	-0.000075,	0.156699,	350.192,	0.540
82.900,	-1.908,	-0.000056,	0.164711,	350.187,	0.500
82.900,	-1.877,	-0.000058,	0.170751,	350.176,	0.490
82.900,	-1.841,	-0.000083,	0.181681,	350.157,	0.600
82.900,	-1.812,	-0.000053,	0.189363,	350.150,	0.510
82.900,	-1.781,	-0.000057,	0.198372,	350.139,	0.490
82.900,	-1.752,	-0.000056,	0.208527,	350.129,	0.500
82.900,	-1.723,	-0.000064,	0.219550,	350.114,	0.490
82.900,	-1.692,	-0.000057,	0.231663,	350.104,	0.490
82.900,	-1.663,	-0.000058,	0.245984,	350.093,	0.500
82.900,	-1.634,	-0.000072,	0.462205,	350.085,	0.490
82.900,	-1.603,	-0.000109,	0.584848,	350.067,	0.500
82.900,	-1.574,	-0.000132,	0.630418,	350.058,	0.490
82.900,	-1.546,	-0.000138,	0.722508,	350.048,	0.490
82.900,	-1.517,	-0.000121,	0.959596,	350.042,	0.490
82.900,	-1.486,	-0.000068,	1.351293,	350.021,	0.500
82.900,	-1.457,	-0.000035,	1.452879,	350.013,	0.490
82.900,	-1.426,	-0.000014,	11.425880,	350.005,	0.490
82.900,	-1.397,	-0.000001,	29.740090,	349.997,	0.490
82.900,	-1.368,	0.000008,	49.352580,	349.985,	0.500
82.900,	-1.339,	0.000010,	71.226960,	349.969,	0.490
82.900,	-1.308,	0.000015,	81.379280,	349.961,	0.500
82.900,	-1.277,	0.000013,	81.587270,	349.950,	0.490
82.900,	-1.248,	0.000013,	81.593050,	349.941,	0.490
82.900,	-1.219,	0.000014,	81.630460,	349.924,	0.500
82.900,	-1.190,	0.000008,	81.658220,	349.914,	0.490
82.900,	-1.159,	0.000007,	81.677410,	349.904,	0.490
82.900,	-1.130,	0.000007,	81.662440,	349.895,	0.500
82.900,	-1.099,	0.000002,	81.646700,	349.878,	0.500
82.900,	-1.070,	0.000004,	81.681110,	349.869,	0.500
82.900,	-1.039,	0.000000,	81.702240,	349.859,	0.500
82.900,	-1.010,	0.000000,	81.660710,	349.853,	0.500
82.900,	-0.979,	-0.000007,	81.683660,	349.832,	0.500
82.900,	-0.950,	-0.000003,	81.709730,	349.825,	0.500
82.900,	-0.919,	-0.000006,	81.782680,	349.817,	0.500
82.900,	-0.890,	-0.000006,	81.785330,	350.055,	0.500
82.900,	-0.859,	-0.000011,	81.769400,	350.130,	0.500
82.900,	-0.830,	-0.000011,	81.828280,	350.123,	0.500
82.900,	-0.799,	-0.000013,	81.790080,	350.113,	0.500
82.900,	-0.770,	-0.000014,	81.761630,	350.102,	0.500
82.900,	-0.739,	-0.000020,	81.793910,	350.087,	0.500
82.900,	-0.710,	-0.000019,	81.777980,	350.079,	0.500
82.900,	-0.679,	-0.000020,	81.779250,	350.067,	0.500
82.900,	-0.650,	-0.000020,	81.796840,	350.058,	0.500
82.900,	-0.619,	-0.000020,	81.776080,	350.043,	0.500
82.900,	-0.590,	-0.000019,	81.776060,	350.031,	0.500
82.900,	-0.559,	-0.000021,	81.806480,	350.021,	0.500
82.900,	-0.530,	-0.000023,	81.774800,	350.013,	0.500
82.900,	-0.502,	-0.000022,	81.779430,	349.996,	0.500
82.900,	-0.470,	-0.000018,	81.774310,	349.986,	0.500
82.900,	-0.439,	-0.000020,	81.777930,	349.978,	0.500
82.900,	-0.410,	-0.000017,	81.814330,	349.970,	0.500
82.900,	-0.379,	-0.000019,	81.854050,	349.951,	0.500
82.900,	-0.350,	-0.000013,	81.874460,	349.942,	0.500
82.900,	-0.319,	-0.000015,	81.976400,	349.935,	0.500
82.900,	-0.290,	-0.000013,	82.004010,	349.924,	0.500
82.900,	-0.259,	-0.000012,	82.136860,	349.906,	0.500
82.900,	-0.230,	-0.000010,	82.208470,	349.898,	0.500
82.900,	-0.202,	-0.000011,	82.240530,	349.888,	0.500
82.900,	-0.170,	-0.000007,	82.344670,	349.879,	0.500
82.900,	-0.139,	-0.000008,	82.384780,	349.863,	0.500
82.900,	-0.110,	-0.000005,	82.333270,	349.852,	0.500
82.900,	-0.079,	-0.000006,	82.270280,	349.842,	0.500
82.900,	-0.050,	-0.000004,	82.080110,	349.834,	0.500
82.900,	-0.019,	-0.000007,	81.942490,	349.815,	0.500
82.900,	0.010,	-0.000005,	81.866330,	350.171,	0.500
82.900,	0.041,	-0.000003,	81.817860,	350.162,	0.500
82.900,	0.070,	0.000000,	81.771470,	350.156,	0.500
82.900,	0.101,	-0.000001,	81.740720,	350.137,	0.500
82.900,	0.130,	0.000000,	81.723550,	350.128,	0.500
82.900,	0.161,	-0.000002,	81.743310,	350.120,	0.500
82.900,	0.190,	-0.000001,	81.733450,	350.111,	0.500
82.900,	0.221,	-0.000003,	81.708830,	350.093,	0.500
82.900,	0.250,	0.000000,	81.750980,	350.085,	0.500
82.900,	0.278,	0.000003,	81.736450,	350.077,	0.500
82.900,	0.310,	0.000004,	81.740850,	350.067,	0.500
82.900,	0.341,	0.000004,	81.720520,	350.049,	0.500
82.900,	0.370,	0.000009,	81.698590,	350.041,	0.500
82.900,	0.401,	0.000004,	81.682780,	350.030,	0.500
82.900,	0.430,	0.000008,	81.662390,	350.021,	0.500
82.900,	0.461,	0.000006,	81.628760,	350.005,	0.510
82.900,	0.490,	0.000009,	81.612610,	349.995,	0.490
82.900,	0.521,	0.000007,	81.527790,	349.985,	0.500
82.900,	0.550,	0.000010,	81.510120,	349.976,	0.500
82.900,	0.581,	0.000009,	81.470760,	349.959,	0.510
82.900,	0.610,	0.000010,	81.441470,	349.948,	0.490
82.900,	0.641,	0.000011,	81.407770,	349.939,	0.500
82.900,	0.670,	0.000012,	81.386470,	349.932,	0.500
82.900,	0.698,	0.000013,	81.322720,	349.913,	0.500
82.900,	0.730,	0.000015,	81.322920,	349.903,	0.500
82.900,	0.761,	0.000016,	81.198230,	349.896,	0.500
82.900,	0.790,	0.000020,	80.855070,	349.886,	0.500
82.900,	0.821,	0.000020,	69.670360,	349.866,	0.500
82.900,	0.850,	0.000018,	49.649050,	349.859,	0.500
82.900,	0.878,	0.000016,	29.285780,	349.851,	0.500
82.900,	0.910,	0.000006,	7.680486,	349.839,	0.500
82.900,	0.941,	-0.000055,	1.515666,	349.822,	0.500
82.900,	0.970,	-0.000097,	1.348494,	349.814,	0.500
82.900,	0.998,	-0.000128,	0.978976,	349.803,	0.500
82.900,	1.030,	-0.000129,	0.313228,	349.794,	0.500
82.900,	1.061,	-0.000095,	0.250554,	349.779,	0.510
82.900,	1.090,	-0.000067,	0.229274,	350.117,	0.490
82.900,	1.121,	-0.000057,	0.214218,	350.110,	0.500
82.900,	1.150,	-0.000054,	0.199604,	350.102,	0.500
82.900,	1.181,	-0.000055,	0.187795,	350.084,	0.500
82.900,	1.210,	-0.000054,	0.178881,	350.074,	0.500
82.900,	1.241,	-0.000051,	0.169073,	350.065,	0.500
82.900,	1.270,	-0.000050,	0.160641,	350.058,	0.500
82.900,	1.301,	-0.000053,	0.152972,	350.037,	0.500
82.900,	1.330,	-0.000050,	0.146650,	350.028,	0.500
82.900,	1.361,	-0.000052,	0.138569,	350.022,	0.500
82.900,	1.390,	-0.000052,	0.133341,	350.012,	0.500
82.900,	1.421,	-0.000052,	0.127098,	349.993,	0.500
82.900,	1.450,	-0.000049,	0.121984,	349.986,	0.500
82.900,	1.481,	-0.000049,	0.117049,	349.976,	0.500
82.900,	1.510,	-0.000047,	0.113462,	349.966,	0.500
82.900,	1.541,	-0.000049,	0.108068,	349.950,	0.500
82.900,	1.570,	-0.000048,	0.104369,	349.940,	0.500
82.900,	1.601,	-0.000052,	0.100390,	349.930,	0.500
82.900,	1.630,	-0.000051,	0.097609,	349.921,	0.500
82.900,	1.661,	-0.000055,	0.093402,	349.904,	0.500
82.900,	1.690,	-0.000054,	0.090808,	349.894,	0.500
82.900,	1.718,	-0.000057,	0.087519,	349.885,	0.500
82.900,	1.750,	-0.000054,	0.085686,	349.877,	0.500
82.900,	1.781,	-0.000057,	0.083755,	349.858,	0.500
82.900,	1.810,	-0.000053,	0.079443,	349.849,	0.500
82.900,	1.838,	-0.000055,	0.077254,	349.842,	0.500
82.900,	1.870,	-0.000052,	0.074320,	349.834,	0.500
82.900,	1.901,	-0.000059,	0.073611,	349.813,	0.500
82.900,	1.930,	-0.000050,	0.070081,	349.804,	0.500
82.900,	1.958,	-0.000049,	0.068644,	349.798,	0.500
82.900,	1.990,	-0.000043,	0.066330,	349.979,	0.500
82.900,	2.021,	-0.000050,	0.062754,	350.097,	0.500
