Num, Lmd, sig,    mon,    Ring,  sec
#lmd,   E,  HOYAX,  Y,  Smpl,  Det, AGC X, Y, Smpl, Det
#2.42084,	512.1538,	0.000,	94.000,	82.900,	30.000,	0.000,	-76.000,	0.000,	29.999

1,	2.42084,	0.000047,	0.000168,	350.012,	16.990
2,	2.42084,	0.000066,	0.005015,	350.002,	0.500
3,	2.42084,	0.000055,	0.004433,	349.984,	0.500
4,	2.42084,	0.000060,	0.004220,	349.975,	0.500
5,	2.42084,	0.000059,	0.004412,	349.965,	0.510
6,	2.42084,	0.000059,	0.004239,	349.956,	0.490
7,	2.42084,	0.000051,	0.004522,	349.941,	0.500
8,	2.42084,	0.000059,	0.006135,	349.931,	0.500
9,	2.42084,	0.000060,	0.003849,	349.920,	0.500
10,	2.42084,	0.000059,	0.004666,	349.911,	0.500
11,	2.42084,	0.000051,	0.005338,	349.893,	0.500
12,	2.42084,	0.000056,	0.007637,	349.884,	0.510
13,	2.42084,	0.000020,	0.004698,	349.875,	0.490
14,	2.42084,	0.000035,	0.005011,	349.868,	0.500
15,	2.42084,	0.000044,	0.004472,	349.848,	0.500
16,	2.42084,	0.000086,	0.005228,	349.839,	0.500
17,	2.42084,	0.000086,	0.004584,	349.833,	0.500
18,	2.42084,	0.000072,	0.005030,	349.822,	0.500
19,	2.42084,	0.000057,	-0.000039,	349.802,	0.500
20,	2.42084,	0.000050,	0.003576,	349.795,	0.500
21,	2.42084,	0.000060,	0.005243,	350.132,	0.500
22,	2.42084,	0.000059,	0.005818,	350.127,	0.510
23,	2.42084,	0.000060,	0.004640,	350.111,	0.490
24,	2.42084,	0.000060,	0.004705,	350.102,	0.500
25,	2.42084,	0.000066,	0.005217,	350.093,	0.500
26,	2.42084,	0.000062,	0.005941,	350.083,	0.500
27,	2.42084,	0.000066,	0.005941,	350.067,	0.500
28,	2.42084,	0.000054,	0.005140,	350.056,	0.500
29,	2.42084,	0.000061,	0.004866,	350.048,	0.500
30,	2.42084,	0.000059,	0.004190,	350.039,	0.500
31,	2.42084,	0.000058,	0.004715,	350.023,	0.500
32,	2.42084,	0.000051,	0.002680,	350.013,	0.510
33,	2.42084,	0.000062,	0.005633,	350.004,	0.490
34,	2.42084,	0.000061,	0.005349,	349.996,	0.500
35,	2.42084,	0.000059,	0.004073,	349.977,	0.500
36,	2.42084,	0.000053,	0.004606,	349.967,	0.500
37,	2.42084,	0.000062,	0.005700,	349.960,	0.500
38,	2.42084,	0.000065,	0.004468,	349.951,	0.500
39,	2.42084,	0.000061,	0.005013,	349.932,	0.500
40,	2.42084,	0.000055,	0.005594,	349.925,	0.500
41,	2.42084,	0.000061,	0.004685,	349.914,	0.500
42,	2.42084,	0.000060,	0.004321,	349.905,	0.500
43,	2.42084,	0.000061,	0.004948,	349.889,	0.500
44,	2.42084,	0.000054,	0.000090,	349.879,	0.500
45,	2.42084,	0.000061,	0.004866,	349.869,	0.500
46,	2.42084,	0.000060,	0.004640,	349.860,	0.500
47,	2.42084,	0.000060,	0.005545,	349.843,	0.510
48,	2.42084,	0.000059,	0.003026,	349.832,	0.490
49,	2.42084,	0.000058,	0.003582,	349.823,	0.500
50,	2.42084,	0.000060,	0.003897,	349.817,	0.500
51,	2.42084,	0.000058,	0.004418,	350.170,	0.500
52,	2.42084,	0.000059,	0.004381,	350.162,	0.500
53,	2.42084,	0.000061,	0.005295,	350.153,	0.510
54,	2.42084,	0.000062,	0.004847,	350.146,	0.490
55,	2.42084,	0.000061,	0.004160,	350.127,	0.500
56,	2.42084,	0.000061,	0.003951,	350.118,	0.500
57,	2.42084,	0.000060,	0.003235,	350.111,	0.500
58,	2.42084,	0.000061,	0.005146,	350.100,	0.500
59,	2.42084,	0.000062,	0.005235,	350.082,	0.500
60,	2.42084,	0.000059,	0.004226,	350.075,	0.500
61,	2.42084,	0.000059,	0.005469,	350.063,	0.500
62,	2.42084,	0.000061,	0.004983,	350.055,	0.500
63,	2.42084,	0.000062,	0.005323,	350.039,	0.500
64,	2.42084,	0.000062,	0.004282,	350.028,	0.500
65,	2.42084,	0.000062,	0.004427,	350.019,	0.500
66,	2.42084,	0.000060,	0.004177,	350.010,	0.500
67,	2.42084,	0.000058,	0.003462,	349.992,	0.500
68,	2.42084,	0.000060,	0.004097,	349.983,	0.500
69,	2.42084,	0.000060,	0.005640,	349.974,	0.500
70,	2.42084,	0.000060,	0.003972,	349.968,	0.500
71,	2.42084,	0.000060,	0.004459,	349.949,	0.500
72,	2.42084,	0.000061,	0.004881,	349.938,	0.500
73,	2.42084,	0.000061,	0.004722,	349.931,	0.500
74,	2.42084,	0.000061,	0.004310,	349.921,	0.510
75,	2.42084,	0.000059,	0.004336,	349.901,	0.490
76,	2.42084,	0.000060,	0.004233,	349.895,	0.500
77,	2.42084,	0.000060,	0.004188,	349.885,	0.500
78,	2.42084,	0.000061,	0.004218,	349.875,	0.500
79,	2.42084,	0.000061,	0.005002,	349.858,	0.500
80,	2.42084,	0.000060,	0.005275,	349.849,	0.500
81,	2.42084,	0.000060,	0.005532,	349.840,	0.500
82,	2.42084,	0.000060,	0.004147,	349.830,	0.500
83,	2.42084,	0.000060,	0.003905,	349.814,	0.500
84,	2.42084,	0.000059,	0.005672,	349.803,	0.500
85,	2.42084,	0.000060,	0.004862,	349.793,	0.510
86,	2.42084,	0.000059,	0.004000,	349.786,	0.490
87,	2.42084,	0.000059,	0.004257,	350.110,	0.500
88,	2.42084,	0.000061,	0.003673,	350.102,	0.500
89,	2.42084,	0.000060,	0.004746,	350.093,	0.500
90,	2.42084,	0.000060,	0.004386,	350.087,	0.500
91,	2.42084,	0.000058,	0.004509,	350.066,	0.510
92,	2.42084,	0.000059,	0.005489,	350.059,	0.490
93,	2.42084,	0.000060,	0.003737,	350.051,	0.500
94,	2.42084,	0.000060,	0.003852,	350.040,	0.500
95,	2.42084,	0.000059,	0.004967,	350.022,	0.510
96,	2.42084,	0.000059,	0.003365,	350.016,	0.490
97,	2.42084,	0.000059,	0.004166,	350.005,	0.500
98,	2.42084,	0.000060,	0.005241,	349.994,	0.500
99,	2.42084,	0.000060,	0.003645,	349.980,	0.500
100,	2.42084,	0.000059,	0.003057,	349.969,	0.500
