Lmd,  eV,  sig,    mon,    Ring,  sec
#lmd,   E,  HOYAX,  Y,  Smpl,  Det, AGC X, Y, Smpl, Det, pps
#2.42088,	512.1454,	-6.840,	34.530,	82.900,	30.000,	0.000,	-76.000,	0.000,	29.999,75

2.11904,	585.0963,	0.003087,	-0.000830,	349.775,	52.070
2.11954,	584.9583,	0.003099,	0.007453,	349.767,	0.500
2.12007,	584.8120,	0.003116,	0.007428,	350.097,	0.500
2.12065,	584.6521,	0.003140,	0.007046,	350.089,	0.500
2.12126,	584.4840,	0.003160,	0.006835,	350.085,	0.500
2.12184,	584.3242,	0.003183,	0.007055,	350.073,	0.500
2.12241,	584.1673,	0.003196,	0.007089,	350.056,	0.500
2.12295,	584.0187,	0.003211,	0.007191,	350.049,	0.500
2.12352,	583.8619,	0.003232,	0.006499,	350.039,	0.500
2.12410,	583.7025,	0.003248,	0.007546,	350.030,	0.500
2.12467,	583.5459,	0.003265,	0.007309,	350.014,	0.500
2.12524,	583.3894,	0.003281,	0.007040,	350.004,	0.500
2.12578,	583.2412,	0.003295,	0.007710,	349.994,	0.500
2.12635,	583.0848,	0.003315,	0.006288,	349.985,	0.500
2.12689,	582.9368,	0.003334,	0.007063,	349.968,	0.500
2.12746,	582.7806,	0.003349,	0.006928,	349.958,	0.500
2.12808,	582.6108,	0.003369,	0.006839,	349.948,	0.500
2.12869,	582.4439,	0.003388,	0.007139,	349.941,	0.500
2.12926,	582.2879,	0.003405,	0.007206,	349.923,	0.500
2.12984,	582.1294,	0.003422,	0.007227,	349.914,	0.500
2.13037,	581.9846,	0.003437,	0.007303,	349.904,	0.500
2.13095,	581.8262,	0.003450,	0.007236,	349.898,	0.500
2.13152,	581.6706,	0.003465,	0.006831,	349.876,	0.500
2.13210,	581.5123,	0.003474,	0.007285,	349.868,	0.500
2.13267,	581.3569,	0.003490,	0.007591,	349.860,	0.500
2.13325,	581.1988,	0.003506,	0.006553,	349.850,	0.500
2.13382,	581.0436,	0.003516,	0.008477,	349.830,	0.500
2.13440,	580.8857,	0.003528,	0.007104,	349.825,	0.500
2.13497,	580.7306,	0.003543,	0.006635,	349.814,	0.500
2.13554,	580.5756,	0.003561,	0.007505,	349.804,	0.500
2.13616,	580.4071,	0.003569,	0.006753,	349.787,	0.500
2.13673,	580.2523,	0.003582,	0.007468,	349.778,	0.500
2.13731,	580.0948,	0.003591,	0.007160,	350.024,	0.500
2.13788,	579.9401,	0.003600,	0.006551,	350.132,	0.500
2.13842,	579.7937,	0.003609,	0.006486,	350.120,	0.500
2.13899,	579.6392,	0.003623,	0.006820,	350.109,	0.500
2.13956,	579.4848,	0.003632,	0.007464,	350.099,	0.500
2.14018,	579.3169,	0.003649,	0.007182,	350.092,	0.500
2.14075,	579.1626,	0.003661,	0.006934,	350.074,	0.500
2.14129,	579.0166,	0.003672,	0.007139,	350.065,	0.500
2.14186,	578.8625,	0.003683,	0.007311,	350.058,	0.500
2.14240,	578.7166,	0.003699,	0.008186,	350.049,	0.500
2.14301,	578.5519,	0.003709,	0.007389,	350.028,	0.500
2.14362,	578.3872,	0.003726,	0.006885,	350.021,	0.500
2.14420,	578.2308,	0.003740,	0.007303,	350.013,	0.500
2.14477,	578.0771,	0.003758,	0.006885,	350.003,	0.500
2.14535,	577.9208,	0.003771,	0.007456,	349.985,	0.500
2.14588,	577.7781,	0.003784,	0.006902,	349.979,	0.500
2.14646,	577.6220,	0.003796,	0.008434,	349.967,	0.500
2.14703,	577.4686,	0.003819,	0.006271,	349.957,	0.500
2.14764,	577.3046,	0.003832,	0.007520,	349.942,	0.500
2.14822,	577.1487,	0.003848,	0.006010,	349.931,	0.500
2.14875,	577.0064,	0.003858,	0.008675,	349.920,	0.500
2.14933,	576.8507,	0.003887,	0.006310,	349.912,	0.500
2.14990,	576.6977,	0.003904,	0.007374,	349.894,	0.500
2.15048,	576.5422,	0.003923,	0.006583,	349.885,	0.500
2.15105,	576.3894,	0.003933,	0.006893,	349.875,	0.500
2.15166,	576.2260,	0.003963,	0.007182,	349.869,	0.500
2.15224,	576.0707,	0.003981,	0.008281,	349.848,	0.500
2.15281,	575.9182,	0.003998,	0.007141,	349.840,	0.500
2.15335,	575.7738,	0.004008,	0.006518,	349.832,	0.500
2.15392,	575.6214,	0.004037,	0.006814,	349.822,	0.500
2.15450,	575.4664,	0.004054,	0.007150,	350.181,	0.500
2.15507,	575.3142,	0.004074,	0.007249,	350.176,	0.500
2.15565,	575.1594,	0.004086,	0.007160,	350.167,	0.500
2.15622,	575.0074,	0.004117,	0.007242,	350.157,	0.500
2.15679,	574.8554,	0.004134,	0.006844,	350.141,	0.500
2.15737,	574.7009,	0.004153,	0.007596,	350.134,	0.500
2.15794,	574.5491,	0.004165,	0.006695,	350.122,	0.500
2.15852,	574.3947,	0.004195,	0.008296,	350.112,	0.500
2.15913,	574.2324,	0.004217,	0.007300,	350.097,	0.500
2.15970,	574.0809,	0.004235,	0.007046,	350.087,	0.500
2.16028,	573.9267,	0.004250,	0.006712,	350.077,	0.500
2.16085,	573.7753,	0.004282,	0.007576,	350.070,	0.500
2.16139,	573.6320,	0.004302,	0.006549,	350.051,	0.500
2.16196,	573.4807,	0.004325,	0.007598,	350.041,	0.500
2.16254,	573.3269,	0.004339,	0.007914,	350.032,	0.500
2.16315,	573.1653,	0.004372,	0.008246,	350.026,	0.500
2.16373,	573.0116,	0.004393,	0.007833,	350.005,	0.500
2.16430,	572.8607,	0.004416,	0.006471,	349.996,	0.500
2.16484,	572.7178,	0.004433,	0.004961,	349.991,	0.500
2.16541,	572.5671,	0.004469,	0.007167,	349.979,	0.500
2.16602,	572.4058,	0.004494,	0.007010,	349.960,	0.500
2.16660,	572.2526,	0.004517,	0.006814,	349.953,	0.500
2.16721,	572.0915,	0.004545,	0.005831,	349.944,	0.500
2.16778,	571.9411,	0.004574,	0.007255,	349.933,	0.500
2.16836,	571.7881,	0.004598,	0.006693,	349.917,	0.500
2.16889,	571.6484,	0.004621,	0.005338,	349.908,	0.500
2.16947,	571.4955,	0.004646,	0.006581,	349.897,	0.500
2.17004,	571.3454,	0.004671,	0.007432,	349.888,	0.500
2.17062,	571.1928,	0.004696,	0.007742,	349.872,	0.500
2.17119,	571.0428,	0.004725,	0.006850,	349.860,	0.500
2.17177,	570.8903,	0.004748,	0.007634,	349.851,	0.500
2.17234,	570.7405,	0.004769,	0.008039,	349.845,	0.500
2.17291,	570.5908,	0.004793,	0.007899,	349.823,	0.500
2.17349,	570.4385,	0.004814,	0.006366,	349.815,	0.500
2.17410,	570.2785,	0.004835,	0.007384,	350.024,	0.500
2.17468,	570.1264,	0.004864,	0.006730,	350.158,	0.500
2.17529,	569.9665,	0.004885,	0.007318,	350.517,	0.500
2.17582,	569.8277,	0.004908,	0.006710,	350.513,	0.500
2.17640,	569.6758,	0.004929,	0.007682,	350.507,	0.500
2.17694,	569.5345,	0.004952,	0.007415,	350.496,	0.500
2.17755,	569.3750,	0.004975,	0.007873,	350.479,	0.500
2.17812,	569.2260,	0.004996,	0.006911,	350.472,	0.500
2.17870,	569.0744,	0.005018,	0.006947,	350.461,	0.500
2.17927,	568.9256,	0.005042,	0.007647,	350.451,	0.500
2.17985,	568.7742,	0.005061,	0.006771,	350.436,	0.500
2.18038,	568.6359,	0.005081,	0.006777,	350.425,	0.500
2.18096,	568.4847,	0.005097,	0.006846,	350.415,	0.500
2.18157,	568.3258,	0.005114,	0.007527,	350.406,	0.500
2.18214,	568.1773,	0.005135,	0.007561,	350.389,	0.500
2.18272,	568.0263,	0.005155,	0.007372,	350.380,	0.500
2.18329,	567.8780,	0.005171,	0.005967,	350.371,	0.500
2.18387,	567.7272,	0.005190,	0.007410,	350.365,	0.500
2.18440,	567.5895,	0.005208,	0.007210,	350.344,	0.500
2.18498,	567.4388,	0.005225,	0.008009,	350.334,	0.500
2.18555,	567.2908,	0.005242,	0.006786,	350.328,	0.500
2.18612,	567.1429,	0.005260,	0.007216,	350.319,	0.500
2.18670,	566.9925,	0.005278,	0.007387,	350.298,	0.500
2.18727,	566.8447,	0.005293,	0.006904,	350.292,	0.500
2.18785,	566.6944,	0.005301,	0.006559,	350.282,	0.500
2.18838,	566.5572,	0.005318,	0.007438,	350.272,	0.500
2.18900,	566.3967,	0.005329,	0.007923,	350.255,	0.500
2.18961,	566.2389,	0.005343,	0.006596,	350.247,	0.500
2.19018,	566.0916,	0.005346,	0.007985,	350.234,	0.500
2.19076,	565.9417,	0.005362,	0.006157,	350.224,	0.500
2.19133,	565.7945,	0.005368,	0.007020,	350.210,	0.500
2.19187,	565.6551,	0.005374,	0.007027,	350.198,	0.500
2.19244,	565.5080,	0.005370,	0.007555,	350.188,	0.500
2.19302,	565.3585,	0.005385,	0.006419,	350.181,	0.500
2.19363,	565.2013,	0.005388,	0.007430,	350.163,	0.500
2.19420,	565.0544,	0.005415,	0.007652,	350.153,	0.500
2.19478,	564.9051,	0.005397,	0.006872,	350.145,	0.500
2.19535,	564.7584,	0.005399,	0.006654,	350.137,	0.500
2.19593,	564.6093,	0.005395,	0.007499,	350.116,	0.500
2.19650,	564.4628,	0.005393,	0.007216,	350.107,	0.500
2.19708,	564.3137,	0.005384,	0.006630,	350.101,	0.500
2.19769,	564.1571,	0.005395,	0.006913,	350.089,	0.500
2.19826,	564.0108,	0.005397,	0.006939,	350.071,	0.500
2.19884,	563.8621,	0.005401,	0.007038,	350.065,	0.500
2.19941,	563.7159,	0.005393,	0.007126,	350.055,	0.500
2.19995,	563.5776,	0.005401,	0.007001,	350.044,	0.500
2.20052,	563.4316,	0.005397,	0.006411,	350.029,	0.500
2.20110,	563.2831,	0.005397,	0.007186,	350.019,	0.500
2.20167,	563.1373,	0.005392,	0.007130,	350.008,	0.500
2.20224,	562.9915,	0.005412,	0.006460,	349.999,	0.500
2.20282,	562.8433,	0.005420,	0.006221,	349.982,	0.500
2.20335,	562.7079,	0.005430,	0.006919,	349.972,	0.500
2.20393,	562.5598,	0.005430,	0.007998,	349.961,	0.500
2.20454,	562.4041,	0.005453,	0.007152,	349.955,	0.500
2.20512,	562.2562,	0.005465,	0.007880,	349.935,	0.500
2.20573,	562.1007,	0.005483,	0.006400,	349.926,	0.500
2.20630,	561.9555,	0.005494,	0.003974,	349.918,	0.500
2.20684,	561.8180,	0.005525,	0.006997,	349.910,	0.500
2.20741,	561.6729,	0.005543,	0.006725,	349.889,	0.500
2.20799,	561.5254,	0.005567,	0.007257,	349.881,	0.500
2.20856,	561.3805,	0.005586,	0.003218,	349.872,	0.500
2.20914,	561.2331,	0.005621,	0.006704,	349.860,	0.500
2.20971,	561.0883,	0.005647,	0.007768,	349.841,	0.500
2.21029,	560.9411,	0.005673,	0.007199,	349.835,	0.500
2.21086,	560.7965,	0.005713,	0.005851,	349.824,	0.500
2.21143,	560.6519,	0.005740,	0.007272,	349.813,	0.500
2.21201,	560.5049,	0.005768,	0.007886,	350.168,	0.500
2.21262,	560.3504,	0.005803,	0.006863,	350.160,	0.500
2.21320,	560.2035,	0.005837,	0.006006,	350.151,	0.500
2.21377,	560.0593,	0.005873,	0.007225,	350.142,	0.500
2.21434,	559.9151,	0.005909,	0.008164,	350.125,	0.500
2.21488,	559.7786,	0.005944,	0.006189,	350.115,	0.500
2.21545,	559.6346,	0.005977,	0.007001,	350.105,	0.500
2.21603,	559.4881,	0.006010,	0.007191,	350.100,	0.500
2.21660,	559.3442,	0.006046,	0.006628,	350.079,	0.500
2.21718,	559.1979,	0.006080,	0.006587,	350.069,	0.500
2.21775,	559.0542,	0.006112,	0.006721,	350.063,	0.500
2.21829,	558.9181,	0.006138,	0.007593,	350.054,	0.500
2.21886,	558.7745,	0.006164,	0.007316,	350.034,	0.500
2.21944,	558.6285,	0.006192,	0.007440,	350.027,	0.500
2.22005,	558.4750,	0.006220,	0.006241,	350.018,	0.500
2.22062,	558.3317,	0.006246,	0.007227,	350.007,	0.500
2.22120,	558.1859,	0.006273,	0.006883,	349.992,	0.500
2.22177,	558.0427,	0.006298,	0.007488,	349.983,	0.500
2.22231,	557.9071,	0.006322,	0.006689,	349.972,	0.500
2.22288,	557.7640,	0.006343,	0.007335,	349.963,	0.500
2.22346,	557.6185,	0.006367,	0.006818,	349.947,	0.500
2.22407,	557.4656,	0.006388,	0.007023,	349.936,	0.500
2.22464,	557.3227,	0.006413,	0.006536,	349.926,	0.500
2.22522,	557.1775,	0.006435,	0.007634,	349.919,	0.500
2.22579,	557.0348,	0.006461,	0.007281,	349.899,	0.500
2.22633,	556.8997,	0.006484,	0.006842,	349.890,	0.500
2.22694,	556.7471,	0.006509,	0.007348,	349.882,	0.500
2.22752,	556.6022,	0.006534,	0.007294,	349.875,	0.500
2.22813,	556.4498,	0.006562,	0.008214,	349.855,	0.500
2.22870,	556.3075,	0.006593,	0.007363,	349.845,	0.500
2.22928,	556.1627,	0.006628,	0.006736,	350.025,	0.500
2.22985,	556.0206,	0.006655,	0.007854,	350.185,	0.500
2.23039,	555.8859,	0.006699,	0.007272,	350.167,	0.500
2.23096,	555.7439,	0.006729,	0.006861,	350.159,	0.500
2.23154,	555.5995,	0.006762,	0.006475,	350.150,	0.500
2.23211,	555.4576,	0.006785,	0.008688,	350.139,	0.500
2.23272,	555.3058,	0.006832,	0.008156,	350.124,	0.500
2.23326,	555.1716,	0.006867,	0.006605,	350.115,	0.500
2.23383,	555.0299,	0.006903,	0.006932,	350.104,	0.500
2.23441,	554.8858,	0.006926,	0.006361,	350.094,	0.500
2.23498,	554.7443,	0.006975,	0.007100,	350.079,	0.500
2.23559,	554.5929,	0.007015,	0.006684,	350.067,	0.500
2.23617,	554.4491,	0.007052,	0.006471,	350.058,	0.500
2.23674,	554.3078,	0.007080,	0.005937,	350.052,	0.500
2.23732,	554.1641,	0.007125,	0.007512,	350.032,	0.500
2.23785,	554.0329,	0.007158,	0.006956,	350.021,	0.500
2.23843,	553.8893,	0.007192,	0.007143,	350.015,	0.500
2.23900,	553.7483,	0.007214,	0.006592,	350.007,	0.500
2.23958,	553.6049,	0.007256,	0.006070,	349.985,	0.500
2.24015,	553.4640,	0.007289,	0.007947,	349.979,	0.500
2.24073,	553.3208,	0.007324,	0.006997,	349.971,	0.500
2.24130,	553.1800,	0.007348,	0.007820,	349.960,	0.500
2.24187,	553.0394,	0.007393,	0.006534,	349.942,	0.500
2.24241,	552.9062,	0.007424,	0.006887,	349.936,	0.500
2.24302,	552.7559,	0.007452,	0.006034,	349.924,	0.500
2.24360,	552.6130,	0.007477,	0.006816,	349.914,	0.500
2.24421,	552.4628,	0.007520,	0.007716,	349.899,	0.500
2.24475,	552.3299,	0.007551,	0.008587,	349.888,	0.500
2.24532,	552.1896,	0.007584,	0.006010,	349.878,	0.500
2.24586,	552.0569,	0.007604,	0.004207,	349.868,	0.500
2.24647,	551.9070,	0.007648,	0.008104,	349.852,	0.500
2.24704,	551.7670,	0.007680,	0.007038,	349.841,	0.500
2.24762,	551.6246,	0.007712,	0.007234,	349.832,	0.500
2.24819,	551.4847,	0.007735,	0.003108,	349.825,	0.500
2.24877,	551.3425,	0.007770,	0.007712,	349.805,	0.500
2.24934,	551.2028,	0.007801,	0.007025,	349.796,	0.500
2.24992,	551.0607,	0.007830,	0.007204,	350.015,	0.500
2.25049,	550.9211,	0.007859,	0.007150,	350.167,	0.500
2.25110,	550.7718,	0.007892,	0.005732,	350.147,	0.500
2.25171,	550.6226,	0.007920,	0.007160,	350.141,	0.500
2.25225,	550.4906,	0.007940,	0.006273,	350.133,	0.500
2.25283,	550.3489,	0.007962,	0.008668,	350.121,	0.500
2.25336,	550.2194,	0.007983,	0.006908,	350.105,	0.500
2.25394,	550.0778,	0.007996,	0.006915,	350.098,	0.500
2.25451,	549.9388,	0.008012,	0.006493,	350.086,	0.500
2.25512,	549.7900,	0.008029,	0.006738,	350.076,	0.500
2.25570,	549.6486,	0.008042,	0.008091,	350.062,	0.500
2.25623,	549.5195,	0.008054,	0.006678,	350.050,	0.500
2.25681,	549.3783,	0.008059,	0.006766,	350.041,	0.500
2.25738,	549.2396,	0.008066,	0.008311,	350.032,	0.500
2.25796,	549.0985,	0.008077,	0.008214,	350.014,	0.500
2.25857,	548.9502,	0.008090,	0.006712,	350.003,	0.500
2.25914,	548.8117,	0.008095,	0.006338,	349.996,	0.500
2.25972,	548.6708,	0.008100,	0.007249,	349.991,	0.500
2.26029,	548.5325,	0.008109,	0.006962,	349.968,	0.500
2.26083,	548.4014,	0.008118,	0.007216,	349.960,	0.500
2.26140,	548.2632,	0.008127,	0.006684,	349.955,	0.500
2.26198,	548.1226,	0.008140,	0.007484,	349.944,	0.500
2.26255,	547.9845,	0.008160,	0.007255,	349.925,	0.500
2.26316,	547.8368,	0.008181,	0.006714,	349.918,	0.500
2.26370,	547.7062,	0.008211,	0.006891,	349.908,	0.500
2.26427,	547.5683,	0.008238,	0.006999,	349.897,	0.500
2.26485,	547.4281,	0.008302,	0.006988,	349.882,	0.500
2.26546,	547.2807,	0.008357,	0.007150,	349.874,	0.500
2.26604,	547.1406,	0.008424,	0.006686,	349.861,	0.500
2.26665,	546.9933,	0.008484,	0.007436,	349.852,	0.500
2.26722,	546.8558,	0.008583,	0.006973,	349.837,	0.500
2.26776,	546.7256,	0.008673,	0.007244,	349.826,	0.500
2.26833,	546.5882,	0.008761,	0.006958,	349.817,	0.500
2.26887,	546.4581,	0.008838,	0.006936,	349.810,	0.500
2.26944,	546.3209,	0.008946,	0.007201,	349.790,	0.500
2.27002,	546.1813,	0.009038,	0.006413,	349.781,	0.500
2.27063,	546.0346,	0.009136,	0.006062,	349.774,	0.500
2.27117,	545.9047,	0.009210,	0.007154,	349.764,	0.500
2.27174,	545.7678,	0.009304,	0.007182,	350.118,	0.500
2.27231,	545.6309,	0.009386,	0.007290,	350.114,	0.500
2.27289,	545.4916,	0.009483,	0.006340,	350.109,	0.500
2.27346,	545.3549,	0.009523,	0.008171,	350.098,	0.500
2.27408,	545.2062,	0.009580,	0.006786,	350.079,	0.500
2.27465,	545.0695,	0.009622,	0.007348,	350.073,	0.500
2.27522,	544.9330,	0.009655,	0.008091,	350.063,	0.500
2.27580,	544.7941,	0.009676,	0.002682,	350.051,	0.500
2.27633,	544.6673,	0.009697,	0.007018,	350.037,	0.500
2.27691,	544.5285,	0.009695,	0.006762,	350.027,	0.500
2.27748,	544.3922,	0.009682,	0.007647,	350.016,	0.500
2.27806,	544.2536,	0.009663,	0.007247,	350.007,	0.500
2.27863,	544.1175,	0.009626,	0.007210,	349.992,	0.500
2.27921,	543.9790,	0.009579,	0.006176,	349.980,	0.500
2.27978,	543.8430,	0.009518,	0.006549,	349.972,	0.500
2.28036,	543.7047,	0.009446,	0.007147,	349.965,	0.500
2.28093,	543.5688,	0.009353,	0.006458,	349.944,	0.500
2.28154,	543.4235,	0.009245,	0.007432,	349.935,	0.500
2.28212,	543.2854,	0.009123,	0.007406,	349.928,	0.500
2.28269,	543.1497,	0.008987,	0.007587,	349.920,	0.500
2.28327,	543.0118,	0.008835,	0.007247,	349.899,	0.500
2.28380,	542.8857,	0.008677,	0.007145,	349.891,	0.500
2.28438,	542.7479,	0.008515,	0.007201,	349.885,	0.500
2.28495,	542.6125,	0.008342,	0.007988,	349.873,	0.500
2.28552,	542.4772,	0.008158,	0.007710,	349.855,	0.500
2.28614,	542.3301,	0.007987,	0.006900,	349.847,	0.500
2.28671,	542.1949,	0.007816,	0.006654,	349.836,	0.500
2.28725,	542.0669,	0.007657,	0.006359,	349.827,	0.500
2.28782,	541.9318,	0.007528,	0.008207,	350.185,	0.500
2.28840,	541.7945,	0.007426,	0.006271,	350.177,	0.500
2.28901,	541.6501,	0.007349,	0.006329,	350.167,	0.500
2.28958,	541.5152,	0.007302,	0.005859,	350.160,	0.500
2.29016,	541.3781,	0.007277,	0.008013,	350.142,	0.500
2.29073,	541.2434,	0.007298,	0.006555,	350.131,	0.500
2.29127,	541.1158,	0.007331,	0.005308,	350.125,	0.500
2.29180,	540.9907,	0.007370,	0.006368,	350.118,	0.500
2.29238,	540.8538,	0.007405,	0.007949,	350.096,	0.500
2.29299,	540.7099,	0.007465,	0.006822,	350.089,	0.500
2.29357,	540.5732,	0.007515,	0.007600,	350.081,	0.500
2.29414,	540.4389,	0.007561,	0.006484,	350.072,	0.500
2.29471,	540.3046,	0.007585,	0.006415,	350.052,	0.500
2.29529,	540.1681,	0.007626,	0.006977,	350.046,	0.500
2.29586,	540.0340,	0.007651,	0.005941,	350.036,	0.500
2.29644,	539.8976,	0.007668,	0.006141,	350.023,	0.500
2.29705,	539.7542,	0.007671,	0.008619,	350.009,	0.500
2.29762,	539.6203,	0.007689,	0.007040,	350.000,	0.500
2.29820,	539.4841,	0.007689,	0.008076,	349.988,	0.500
2.29873,	539.3598,	0.007687,	0.006314,	349.978,	0.500
2.29927,	539.2331,	0.007679,	0.002988,	349.965,	0.500
2.29984,	539.0994,	0.007682,	0.006443,	349.952,	0.500
2.30042,	538.9635,	0.007682,	0.006152,	349.944,	0.500
2.30099,	538.8300,	0.007687,	0.006131,	349.936,	0.500
2.30161,	538.6849,	0.007692,	0.007957,	349.919,	0.500
2.30214,	538.5608,	0.007711,	0.005937,	349.907,	0.500
2.30272,	538.4252,	0.007735,	0.006387,	349.900,	0.500
2.30329,	538.2919,	0.007772,	0.007311,	349.894,	0.500
2.30387,	538.1564,	0.007817,	0.007251,	349.872,	0.500
2.30448,	538.0140,	0.007876,	0.007005,	349.864,	0.500
2.30505,	537.8809,	0.007953,	0.007156,	349.856,	0.500
2.30563,	537.7456,	0.008037,	0.007835,	349.845,	0.500
2.30620,	537.6127,	0.008136,	0.007977,	349.827,	0.500
2.30674,	537.4869,	0.008244,	0.006032,	349.820,	0.500
2.30727,	537.3634,	0.008361,	0.006266,	349.809,	0.500
2.30785,	537.2283,	0.008487,	0.007182,	349.798,	0.500
2.30846,	537.0864,	0.008619,	0.008397,	350.164,	0.500
2.30903,	536.9538,	0.008771,	0.006228,	350.159,	0.500
2.30961,	536.8190,	0.008910,	0.007225,	350.147,	0.500
2.31018,	536.6865,	0.009040,	0.006827,	350.140,	0.500
2.31076,	536.5518,	0.009159,	0.007861,	350.122,	0.500
2.31133,	536.4195,	0.009265,	0.006344,	350.111,	0.500
2.31194,	536.2779,	0.009366,	0.007285,	350.103,	0.500
2.31252,	536.1434,	0.009454,	0.007316,	350.096,	0.500
2.31313,	536.0021,	0.009524,	0.009082,	350.076,	0.500
2.31367,	535.8770,	0.009606,	0.006792,	350.068,	0.500
2.31420,	535.7542,	0.009673,	0.005420,	350.060,	0.500
2.31478,	535.6200,	0.009730,	0.007873,	350.052,	0.500
2.31535,	535.4881,	0.009771,	0.006253,	350.032,	0.500
2.31593,	535.3540,	0.009833,	0.005874,	350.026,	0.500
2.31650,	535.2223,	0.009878,	0.005719,	350.017,	0.500
2.31708,	535.0883,	0.009908,	0.007124,	350.005,	0.500
2.31765,	534.9567,	0.009911,	0.007869,	349.989,	0.500
2.31822,	534.8252,	0.009928,	0.006704,	349.982,	0.500
2.31880,	534.6914,	0.009912,	0.006598,	349.969,	0.500
2.31937,	534.5600,	0.009870,	0.007156,	349.960,	0.500
2.31999,	534.4171,	0.009789,	0.006811,	349.945,	0.500
2.32056,	534.2859,	0.009710,	0.006292,	349.934,	0.500
2.32110,	534.1616,	0.009596,	0.006025,	349.925,	0.500
2.32163,	534.0396,	0.009467,	0.007010,	349.917,	0.500
2.32221,	533.9063,	0.009320,	0.006478,	349.900,	0.500
2.32274,	533.7844,	0.009200,	0.005829,	349.888,	0.500
2.32335,	533.6443,	0.009081,	0.006799,	349.881,	0.500
2.32393,	533.5111,	0.008985,	0.007552,	349.874,	0.500
2.32454,	533.3711,	0.008929,	0.003108,	349.852,	0.500
2.32508,	533.2472,	0.008941,	0.007662,	349.844,	0.500
2.32565,	533.1165,	0.009032,	0.006745,	350.017,	0.500
2.32623,	532.9836,	0.009170,	0.007830,	350.175,	0.500
2.32680,	532.8530,	0.009367,	0.006934,	350.157,	0.500
2.32738,	532.7202,	0.009611,	0.007662,	350.150,	0.500
2.32799,	532.5807,	0.009884,	0.007443,	350.143,	0.500
2.32856,	532.4503,	0.010160,	0.007137,	350.130,	0.500
2.32914,	532.3177,	0.010419,	0.007835,	350.114,	0.500
2.32967,	532.1966,	0.010641,	0.009293,	350.107,	0.500
2.33021,	532.0733,	0.010817,	0.006967,	350.093,	0.500
2.33082,	531.9340,	0.010933,	0.006215,	350.087,	0.500
2.33140,	531.8017,	0.010993,	0.006695,	350.072,	0.500
2.33197,	531.6717,	0.010997,	0.008384,	350.060,	0.500
2.33258,	531.5327,	0.010948,	0.007412,	350.050,	0.500
2.33312,	531.4096,	0.010846,	0.006409,	350.043,	0.500
2.33369,	531.2798,	0.010715,	0.006439,	350.023,	0.500
2.33427,	531.1478,	0.010567,	0.007275,	350.014,	0.500
2.33488,	531.0091,	0.010417,	0.007533,	350.007,	0.500
2.33545,	530.8795,	0.010269,	0.006949,	350.000,	0.500
2.33603,	530.7477,	0.010140,	0.006796,	349.978,	0.500
2.33660,	530.6182,	0.010043,	0.006103,	349.971,	0.500
2.33714,	530.4956,	0.009969,	0.007033,	349.964,	0.500
2.33767,	530.3753,	0.009915,	0.006570,	349.953,	0.500
2.33825,	530.2437,	0.009882,	0.007951,	349.934,	0.500
2.33886,	530.1055,	0.009865,	0.008065,	349.927,	0.500
2.33944,	529.9740,	0.009871,	0.007755,	349.916,	0.500
2.34005,	529.8359,	0.009879,	0.007962,	349.905,	0.500
2.34062,	529.7068,	0.009891,	0.007531,	349.890,	0.500
2.34116,	529.5847,	0.009895,	0.007572,	349.881,	0.500
2.34173,	529.4558,	0.009932,	0.007145,	349.869,	0.500
2.34231,	529.3247,	0.009947,	0.006706,	349.861,	0.500
2.34292,	529.1868,	0.009967,	0.007529,	349.846,	0.500
2.34349,	529.0581,	0.009975,	0.005911,	349.832,	0.500
2.34407,	528.9272,	0.010008,	0.005607,	349.825,	0.500
2.34461,	528.8054,	0.010029,	0.006835,	349.816,	0.500
2.34514,	528.6859,	0.010046,	0.006939,	349.796,	0.500
2.34572,	528.5552,	0.010049,	0.005849,	349.788,	0.500
2.34633,	528.4178,	0.010089,	0.007214,	349.957,	0.500
2.34690,	528.2894,	0.010110,	0.006865,	350.113,	0.500
2.34752,	528.1499,	0.010129,	0.006292,	350.093,	0.500
2.34805,	528.0307,	0.010136,	0.008655,	350.084,	0.500
2.34863,	527.9003,	0.010176,	0.007356,	350.079,	0.500
2.34920,	527.7722,	0.010191,	0.006292,	350.066,	0.500
2.34977,	527.6442,	0.010210,	0.007117,	350.049,	0.500
2.35035,	527.5140,	0.010222,	0.003660,	350.043,	0.500
2.35092,	527.3861,	0.010254,	0.007656,	350.030,	0.500
2.35150,	527.2560,	0.010272,	0.006641,	350.021,	0.500
2.35207,	527.1282,	0.010292,	0.008145,	350.007,	0.500
2.35261,	527.0072,	0.010313,	0.006060,	349.995,	0.500
2.35318,	526.8796,	0.010331,	0.007096,	349.984,	0.500
2.35376,	526.7497,	0.010351,	0.007322,	349.977,	0.500
2.35437,	526.6133,	0.010376,	0.005596,	349.959,	0.500
2.35494,	526.4858,	0.010400,	0.006936,	349.949,	0.500
2.35552,	526.3562,	0.010428,	0.006867,	349.941,	0.500
2.35609,	526.2288,	0.010451,	0.008500,	349.934,	0.500
2.35663,	526.1082,	0.010475,	0.007843,	349.912,	0.500
2.35720,	525.9810,	0.010491,	0.007331,	349.904,	0.500
2.35782,	525.8427,	0.010517,	0.005818,	349.896,	0.500
2.35839,	525.7156,	0.010541,	0.006607,	349.887,	0.500
2.35896,	525.5886,	0.010570,	0.007186,	349.868,	0.500
2.35950,	525.4683,	0.010596,	0.007596,	349.861,	0.500
2.36004,	525.3481,	0.010625,	0.007048,	349.852,	0.500
2.36061,	525.2212,	0.010651,	0.007376,	349.839,	0.500
2.36118,	525.0944,	0.010672,	0.007636,	349.825,	0.500
2.36176,	524.9655,	0.010695,	0.007107,	349.817,	0.500
2.36237,	524.8299,	0.010720,	0.007320,	349.804,	0.500
2.36295,	524.7011,	0.010748,	0.007589,	349.795,	0.500
2.36352,	524.5745,	0.010770,	0.007901,	350.161,	0.500
2.36406,	524.4547,	0.010803,	0.007507,	350.152,	0.500
2.36463,	524.3283,	0.010836,	0.006036,	350.143,	0.500
2.36524,	524.1931,	0.010859,	0.007852,	350.135,	0.500
2.36582,	524.0646,	0.010886,	0.007001,	350.118,	0.500
2.36639,	523.9383,	0.010907,	0.006641,	350.108,	0.500
2.36697,	523.8100,	0.010933,	0.007402,	350.100,	0.500
2.36750,	523.6927,	0.010975,	0.006725,	350.094,	0.500
2.36808,	523.5644,	0.010986,	0.006542,	350.072,	0.500
2.36861,	523.4473,	0.010985,	0.008257,	350.065,	0.500
2.36923,	523.3103,	0.011016,	0.006835,	350.059,	0.500
2.36984,	523.1756,	0.011035,	0.007628,	350.048,	0.500
2.37041,	523.0498,	0.011054,	0.007682,	350.028,	0.500
2.37099,	522.9218,	0.011059,	0.006607,	350.021,	0.500
2.37152,	522.8050,	0.011098,	0.006499,	350.010,	0.500
2.37210,	522.6771,	0.011113,	0.008063,	350.000,	0.500
2.37267,	522.5516,	0.011129,	0.007113,	349.985,	0.500
2.37328,	522.4173,	0.011130,	0.006674,	349.976,	0.500
2.37386,	522.2896,	0.011158,	0.006077,	349.963,	0.500
2.37443,	522.1642,	0.011178,	0.007311,	349.955,	0.500
2.37501,	522.0367,	0.011193,	0.006712,	349.939,	0.500
2.37554,	521.9203,	0.011194,	0.008138,	349.927,	0.500
2.37608,	521.8016,	0.011225,	0.006484,	349.918,	0.500
2.37669,	521.6677,	0.011239,	0.007516,	349.911,	0.500
2.37727,	521.5404,	0.011255,	0.008003,	349.891,	0.500
2.37788,	521.4066,	0.011252,	0.003905,	349.883,	0.500
2.37845,	521.2817,	0.011271,	0.007115,	349.876,	0.500
2.37903,	521.1546,	0.011286,	0.006320,	349.868,	0.500
2.37956,	521.0385,	0.011298,	0.007124,	349.846,	0.500
2.38014,	520.9116,	0.011305,	0.006152,	349.838,	0.500
2.38071,	520.7868,	0.011319,	0.007165,	350.029,	0.500
2.38133,	520.6512,	0.011339,	0.006719,	350.172,	0.500
2.38190,	520.5267,	0.011351,	0.007721,	350.155,	0.500
2.38244,	520.4087,	0.011367,	0.007574,	350.149,	0.500
2.38297,	520.2929,	0.011386,	0.006139,	350.138,	0.500
2.38355,	520.1663,	0.011402,	0.007800,	350.129,	0.500
2.38412,	520.0420,	0.011417,	0.006559,	350.116,	0.500
2.38469,	519.9177,	0.011438,	0.007503,	350.105,	0.500
2.38531,	519.7825,	0.011456,	0.007324,	350.094,	0.500
2.38588,	519.6583,	0.011484,	0.006870,	350.085,	0.500
2.38646,	519.5320,	0.011506,	0.006850,	350.069,	0.500
2.38699,	519.4167,	0.011527,	0.006204,	350.057,	0.500
2.38757,	519.2905,	0.011552,	0.007837,	350.050,	0.500
2.38818,	519.1579,	0.011578,	0.007387,	350.042,	0.500
2.38875,	519.0340,	0.011605,	0.007070,	350.022,	0.500
2.38933,	518.9080,	0.011636,	0.006070,	350.014,	0.500
2.38990,	518.7842,	0.011666,	0.007104,	350.008,	0.500
2.39044,	518.6670,	0.011694,	0.007873,	349.998,	0.500
2.39101,	518.5434,	0.011724,	0.007322,	349.978,	0.500
2.39159,	518.4176,	0.011754,	0.007014,	349.970,	0.500
2.39216,	518.2941,	0.011786,	0.006374,	349.962,	0.500
2.39277,	518.1620,	0.011825,	0.008065,	349.951,	0.500
2.39335,	518.0364,	0.011856,	0.008046,	349.935,	0.500
2.39392,	517.9131,	0.011891,	0.007182,	349.928,	0.500
2.39450,	517.7876,	0.011917,	0.008860,	349.914,	0.500
2.39503,	517.6730,	0.011962,	0.006353,	349.905,	0.500
2.39565,	517.5391,	0.011992,	0.006999,	349.890,	0.500
2.39622,	517.4159,	0.012028,	0.007087,	349.876,	0.500
2.39679,	517.2929,	0.012049,	0.007966,	349.867,	0.500
2.39737,	517.1677,	0.012104,	0.007171,	349.860,	0.500
2.39794,	517.0448,	0.012135,	0.007352,	349.841,	0.500
2.39848,	516.9284,	0.012167,	0.006116,	349.832,	0.500
2.39905,	516.8056,	0.012184,	0.006189,	349.824,	0.500
2.39963,	516.6807,	0.012236,	0.006749,	349.818,	0.500
2.40024,	516.5494,	0.012270,	0.006893,	349.796,	0.500
2.40081,	516.4267,	0.012304,	0.006493,	349.788,	0.500
2.40139,	516.3020,	0.012322,	0.007710,	349.777,	0.500
2.40196,	516.1795,	0.012377,	0.007548,	349.767,	0.500
2.40254,	516.0549,	0.012369,	0.008102,	350.062,	0.500
2.40311,	515.9325,	0.012456,	0.006661,	350.059,	0.500
2.40369,	515.8080,	0.012483,	0.005174,	350.049,	0.500
2.40430,	515.6771,	0.012526,	0.007365,	350.038,	0.500
2.40487,	515.5549,	0.012558,	0.007356,	350.023,	0.500
2.40545,	515.4306,	0.012593,	0.007042,	350.014,	0.500
2.40598,	515.3170,	0.012623,	0.003505,	350.003,	0.500
2.40652,	515.2014,	0.012663,	0.007072,	349.995,	0.500
2.40713,	515.0708,	0.012697,	0.007561,	349.978,	0.500
2.40771,	514.9468,	0.012722,	0.006969,	349.966,	0.500
2.40832,	514.8163,	0.012757,	0.006885,	349.958,	0.500
2.40889,	514.6945,	0.012792,	0.006594,	349.950,	0.500
2.40947,	514.5706,	0.012822,	0.007570,	349.930,	0.500
2.41000,	514.4574,	0.012861,	0.006719,	349.922,	0.500
2.41058,	514.3337,	0.012893,	0.007137,	349.914,	0.500
2.41115,	514.2121,	0.012922,	0.006723,	349.904,	0.500
2.41173,	514.0884,	0.012952,	0.007505,	349.885,	0.500
2.41234,	513.9584,	0.012987,	0.005892,	349.876,	0.500
2.41288,	513.8434,	0.013015,	0.007843,	349.869,	0.500
2.41345,	513.7220,	0.013048,	0.006863,	349.857,	0.500
2.41399,	513.6071,	0.013076,	0.008005,	349.840,	0.500
2.41452,	513.4944,	0.013105,	0.007591,	349.834,	0.500
2.41513,	513.3647,	0.013137,	0.006745,	349.822,	0.500
2.41571,	513.2414,	0.013172,	0.007020,	349.812,	0.500
2.41632,	513.1119,	0.013203,	0.007141,	350.118,	0.500
2.41686,	512.9972,	0.013238,	0.006299,	350.108,	0.500
2.41743,	512.8763,	0.013267,	0.008567,	350.099,	0.500
2.41801,	512.7532,	0.013303,	0.006454,	350.090,	0.500
2.41858,	512.6324,	0.013334,	0.006855,	350.074,	0.500
2.41916,	512.5095,	0.013364,	0.006691,	350.064,	0.500
2.41973,	512.3888,	0.013379,	0.009078,	350.054,	0.500
2.42030,	512.2681,	0.013424,	0.007934,	350.048,	0.500
2.42084,	512.1538,	0.013451,	0.007727,	350.026,	0.500
