X, Y, sig,    mon,    Ring,  sec
#lmd,   E,  HOYAX,  Y,  Smpl,  Det, AGC X, Y, Smpl, Det, pps
#13.50012,	91.8394,	-6.840,	34.200,	82.900,	167.431,	0.000,	-76.000,	0.000,	29.999,50

-6.840,	21.996,	-0.000262,	-0.001019,	349.962,	165.100
-6.840,	22.046,	-0.000698,	-0.001450,	349.944,	0.500
-6.840,	22.096,	-0.000910,	-0.001315,	349.935,	0.500
-6.840,	22.166,	-0.000016,	-0.001201,	349.915,	0.710
-6.840,	22.214,	-0.000460,	-0.000983,	349.908,	0.490
-6.840,	22.264,	-0.000556,	-0.000986,	349.901,	0.490
-6.840,	22.312,	0.000896,	-0.001037,	349.890,	0.480
-6.840,	22.360,	0.000202,	-0.001128,	349.871,	0.490
-6.840,	22.414,	-0.000456,	-0.001147,	349.864,	0.520
-6.840,	22.464,	-0.000173,	-0.001098,	349.852,	0.490
-6.840,	22.510,	-0.000289,	-0.001106,	349.844,	0.490
-6.840,	22.560,	-0.000664,	-0.001131,	349.829,	0.490
-6.840,	22.608,	-0.000900,	-0.001109,	349.818,	0.490
-6.840,	22.658,	-0.000948,	-0.001107,	349.808,	0.480
-6.840,	22.706,	-0.000918,	-0.001086,	349.958,	0.490
-6.840,	22.754,	-0.000718,	-0.001136,	350.147,	0.490
-6.840,	22.804,	-0.000795,	-0.001104,	350.128,	0.480
-6.840,	22.852,	0.005578,	-0.001095,	350.119,	0.490
-6.840,	22.902,	0.003302,	-0.001107,	350.112,	0.490
-6.840,	22.950,	0.001185,	-0.001108,	350.102,	0.480
-6.840,	22.998,	-0.000136,	-0.001110,	350.083,	0.490
-6.840,	23.046,	-0.000567,	-0.001107,	350.077,	0.480
-6.840,	23.094,	-0.000817,	-0.001070,	350.068,	0.490
-6.840,	23.144,	-0.000926,	-0.001086,	350.059,	0.500
-6.840,	23.194,	-0.000928,	-0.001105,	350.048,	0.500
-6.840,	23.246,	-0.001321,	-0.001105,	350.033,	0.500
-6.840,	23.296,	-0.001175,	-0.001090,	350.021,	0.500
-6.840,	23.346,	0.000584,	-0.001094,	350.012,	0.500
-6.840,	23.394,	0.000564,	-0.001089,	350.004,	0.491
-6.840,	23.444,	0.000079,	-0.001069,	349.985,	0.500
-6.840,	23.496,	-0.000045,	-0.001070,	349.977,	0.500
-6.840,	23.544,	-0.000460,	-0.001074,	349.970,	0.500
-6.840,	23.594,	-0.000758,	-0.001097,	349.961,	0.500
-6.840,	23.644,	-0.000820,	-0.001107,	349.939,	0.500
-6.840,	23.694,	0.001391,	-0.001084,	349.933,	0.500
-6.840,	23.744,	0.000560,	-0.001081,	349.925,	0.500
-6.840,	23.796,	-0.000190,	-0.001095,	349.915,	0.500
-6.840,	23.844,	-0.000601,	-0.001066,	349.897,	0.500
-6.840,	23.894,	-0.000731,	-0.001086,	349.890,	0.500
-6.840,	23.944,	-0.000752,	-0.001066,	349.878,	0.500
-6.840,	23.994,	-0.000716,	-0.001071,	349.868,	0.500
-6.840,	24.044,	-0.000701,	-0.001078,	349.853,	0.500
-6.840,	24.094,	-0.001038,	-0.001103,	349.842,	0.500
-6.840,	24.144,	0.002220,	-0.001078,	349.832,	0.500
-6.840,	24.194,	0.001151,	-0.001063,	349.823,	0.500
-6.840,	24.244,	0.000223,	-0.001069,	350.151,	0.500
-6.840,	24.294,	-0.000367,	-0.001058,	350.142,	0.500
-6.840,	24.344,	-0.000597,	-0.001067,	350.132,	0.500
-6.840,	24.394,	-0.000638,	-0.001048,	350.127,	0.500
-6.840,	24.444,	-0.000612,	-0.001055,	350.106,	0.500
-6.840,	24.494,	-0.000583,	-0.001060,	350.097,	0.500
-6.840,	24.544,	-0.000555,	-0.001081,	350.091,	0.500
-6.840,	24.594,	-0.000507,	-0.001090,	350.082,	0.500
-6.840,	24.644,	-0.000447,	-0.001081,	350.060,	0.500
-6.840,	24.694,	-0.000355,	-0.001068,	350.055,	0.500
-6.840,	24.744,	-0.000462,	-0.001055,	350.047,	0.500
-6.840,	24.794,	-0.000564,	-0.001062,	350.036,	0.500
-6.840,	24.844,	-0.000653,	-0.001043,	350.018,	0.500
-6.840,	24.894,	0.000778,	-0.001047,	350.011,	0.500
-6.840,	24.944,	0.000187,	-0.001035,	350.000,	0.500
-6.840,	24.994,	-0.000141,	-0.001049,	349.990,	0.500
-6.840,	25.044,	-0.000402,	-0.001046,	349.974,	0.500
-6.840,	25.094,	-0.000489,	-0.001040,	349.964,	0.500
-6.840,	25.144,	-0.000493,	-0.001071,	349.953,	0.500
-6.840,	25.194,	-0.000425,	-0.001062,	349.945,	0.500
-6.840,	25.244,	-0.000411,	-0.001015,	349.928,	0.500
-6.840,	25.294,	0.000048,	-0.001037,	349.916,	0.500
-6.840,	25.344,	-0.000270,	-0.001040,	349.909,	0.500
-6.840,	25.394,	-0.000447,	-0.001041,	349.902,	0.500
-6.840,	25.444,	-0.000428,	-0.001040,	349.880,	0.500
-6.840,	25.494,	-0.000466,	-0.001019,	349.872,	0.500
-6.840,	25.546,	-0.000531,	-0.001024,	349.866,	0.500
-6.840,	25.594,	-0.000603,	-0.001046,	349.855,	0.500
-6.840,	25.646,	-0.000552,	-0.001045,	349.835,	0.500
-6.840,	25.694,	0.000668,	-0.001039,	350.007,	0.500
-6.840,	25.744,	0.000073,	-0.001036,	350.198,	0.500
-6.840,	25.794,	-0.000144,	-0.001032,	350.186,	0.500
-6.840,	25.844,	-0.000308,	-0.001029,	350.172,	0.500
-6.840,	25.894,	-0.000384,	-0.001005,	350.163,	0.500
-6.840,	25.944,	-0.000406,	-0.001020,	350.153,	0.500
-6.840,	25.994,	-0.000092,	-0.001009,	350.144,	0.500
-6.840,	26.044,	-0.000101,	-0.001019,	350.129,	0.500
-6.840,	26.094,	-0.000329,	-0.001035,	350.117,	0.500
-6.840,	26.144,	-0.000462,	-0.001006,	350.108,	0.500
-6.840,	26.194,	-0.000429,	-0.001021,	350.102,	0.500
-6.840,	26.244,	-0.000421,	-0.001007,	350.083,	0.500
-6.840,	26.294,	-0.000284,	-0.000990,	350.072,	0.500
-6.840,	26.344,	-0.000364,	-0.001011,	350.066,	0.500
-6.840,	26.394,	-0.000246,	-0.000997,	350.058,	0.500
-6.840,	26.444,	-0.000230,	-0.001029,	350.036,	0.500
-6.840,	26.494,	-0.000244,	-0.001012,	350.029,	0.500
-6.840,	26.544,	-0.000122,	-0.001025,	350.022,	0.500
-6.840,	26.594,	-0.000288,	-0.001024,	350.011,	0.500
-6.840,	26.644,	-0.000391,	-0.001005,	349.991,	0.500
-6.840,	26.694,	-0.000421,	-0.001000,	349.985,	0.500
-6.840,	26.744,	-0.000418,	-0.000993,	349.975,	0.500
-6.840,	26.794,	-0.000595,	-0.001001,	349.964,	0.500
-6.840,	26.844,	-0.000601,	-0.000992,	349.950,	0.500
-6.840,	26.894,	-0.000428,	-0.000974,	349.938,	0.500
-6.840,	26.944,	0.000358,	-0.001003,	349.928,	0.500
-6.840,	26.994,	0.000101,	-0.000999,	349.919,	0.500
-6.840,	27.044,	-0.000101,	-0.000994,	349.903,	0.500
-6.840,	27.094,	-0.000301,	-0.000997,	349.891,	0.500
-6.840,	27.144,	-0.000326,	-0.000976,	349.883,	0.500
-6.840,	27.194,	-0.000302,	-0.000996,	349.877,	0.500
-6.840,	27.244,	-0.000632,	-0.000973,	349.856,	0.500
-6.840,	27.294,	-0.000580,	-0.000981,	349.847,	0.500
-6.840,	27.344,	-0.000449,	-0.000987,	349.841,	0.500
-6.840,	27.396,	-0.000282,	-0.000991,	349.832,	0.500
-6.840,	27.444,	-0.000182,	-0.000970,	349.809,	0.500
-6.840,	27.494,	-0.000295,	-0.000952,	349.803,	0.500
-6.840,	27.544,	-0.000321,	-0.000965,	349.794,	0.500
-6.840,	27.594,	-0.000611,	-0.001008,	349.784,	0.500
-6.840,	27.644,	-0.000463,	-0.000982,	349.766,	0.500
-6.840,	27.694,	-0.000311,	-0.000966,	349.760,	0.500
-6.840,	27.744,	-0.000248,	-0.000973,	349.748,	0.500
-6.840,	27.794,	0.000623,	-0.000969,	349.738,	0.500
-6.840,	27.844,	0.000103,	-0.000944,	350.120,	0.500
-6.840,	27.894,	-0.000099,	-0.000956,	350.109,	0.500
-6.840,	27.944,	-0.000286,	-0.000962,	350.097,	0.500
-6.840,	27.994,	-0.000351,	-0.000984,	350.091,	0.500
-6.840,	28.044,	-0.000483,	-0.000953,	350.074,	0.500
-6.840,	28.094,	-0.000390,	-0.000943,	350.063,	0.500
-6.840,	28.144,	-0.000308,	-0.000946,	350.055,	0.500
-6.840,	28.194,	-0.000212,	-0.000973,	350.051,	0.500
-6.840,	28.244,	0.000063,	-0.000965,	350.027,	0.500
-6.840,	28.294,	-0.000310,	-0.000969,	350.020,	0.500
-6.840,	28.344,	-0.000359,	-0.000961,	350.013,	0.500
-6.840,	28.394,	-0.000494,	-0.000969,	350.003,	0.500
-6.840,	28.444,	-0.000753,	-0.000954,	349.982,	0.500
-6.840,	28.494,	-0.000521,	-0.000941,	349.978,	0.500
-6.840,	28.544,	-0.000301,	-0.000943,	349.967,	0.500
-6.840,	28.594,	-0.000167,	-0.000955,	349.956,	0.500
-6.840,	28.644,	0.000302,	-0.000940,	349.939,	0.500
-6.840,	28.694,	0.000130,	-0.000926,	349.930,	0.500
-6.840,	28.744,	-0.000041,	-0.000939,	349.919,	0.500
-6.840,	28.794,	-0.000181,	-0.000988,	349.910,	0.510
-6.840,	28.844,	-0.000245,	-0.000934,	349.895,	0.490
-6.840,	28.894,	-0.000255,	-0.000933,	349.883,	0.500
-6.840,	28.944,	-0.000235,	-0.000941,	349.873,	0.500
-6.840,	28.994,	-0.000212,	-0.000972,	349.867,	0.500
-6.840,	29.044,	-0.000259,	-0.000931,	349.848,	0.500
-6.840,	29.094,	-0.000955,	-0.000942,	349.838,	0.500
-6.840,	29.144,	-0.000710,	-0.000938,	349.831,	0.500
-6.840,	29.194,	-0.000452,	-0.000985,	349.823,	0.500
-6.840,	29.244,	-0.000534,	-0.000938,	349.801,	0.500
-6.840,	29.294,	-0.000379,	-0.000919,	349.968,	0.500
-6.840,	29.344,	-0.000260,	-0.000927,	350.126,	0.500
-6.840,	29.394,	-0.000398,	-0.000968,	350.115,	0.500
-6.840,	29.444,	-0.000352,	-0.000931,	350.097,	0.500
-6.840,	29.494,	-0.000598,	-0.000914,	350.091,	0.500
-6.840,	29.544,	-0.000445,	-0.000896,	350.080,	0.500
-6.840,	29.594,	-0.000194,	-0.000968,	350.071,	0.500
-6.840,	29.644,	-0.000207,	-0.000910,	350.056,	0.500
-6.840,	29.694,	-0.000196,	-0.000894,	350.046,	0.500
-6.840,	29.744,	-0.000198,	-0.000902,	350.035,	0.500
-6.840,	29.794,	-0.000196,	-0.000953,	350.026,	0.500
-6.840,	29.844,	-0.000254,	-0.000920,	350.009,	0.500
-6.840,	29.894,	-0.000772,	-0.000910,	349.999,	0.500
-6.840,	29.944,	-0.000553,	-0.000883,	349.989,	0.500
-6.840,	29.994,	-0.000358,	-0.000949,	349.983,	0.500
-6.840,	30.044,	-0.000236,	-0.000900,	349.963,	0.500
-6.840,	30.094,	-0.001041,	-0.000911,	349.953,	0.500
-6.840,	30.144,	-0.000801,	-0.000917,	349.947,	0.500
-6.840,	30.194,	-0.000490,	-0.000937,	349.938,	0.500
-6.840,	30.244,	-0.000283,	-0.000899,	349.917,	0.500
-6.840,	30.294,	-0.000188,	-0.000903,	349.910,	0.500
-6.840,	30.344,	-0.000125,	-0.000910,	349.903,	0.500
-6.840,	30.394,	-0.000079,	-0.000929,	349.891,	0.500
-6.840,	30.444,	-0.000043,	-0.000892,	349.874,	0.500
-6.840,	30.494,	-0.000057,	-0.000890,	349.866,	0.500
-6.840,	30.544,	-0.000039,	-0.000894,	349.855,	0.500
-6.840,	30.594,	-0.000026,	-0.000920,	349.843,	0.500
-6.840,	30.644,	0.000003,	-0.000885,	349.830,	0.500
-6.840,	30.694,	0.000005,	-0.000901,	349.819,	0.500
-6.840,	30.744,	-0.001477,	-0.000901,	349.808,	0.500
-6.840,	30.794,	-0.000930,	-0.000896,	349.799,	0.500
-6.840,	30.844,	-0.000460,	-0.000883,	350.126,	0.500
-6.840,	30.894,	-0.000202,	-0.000881,	350.115,	0.500
-6.840,	30.944,	-0.000755,	-0.000897,	350.108,	0.500
-6.840,	30.994,	-0.000385,	-0.000908,	350.103,	0.500
-6.840,	31.044,	-0.000527,	-0.000886,	350.081,	0.500
-6.840,	31.094,	-0.000525,	-0.000868,	350.071,	0.500
-6.840,	31.144,	-0.000488,	-0.000872,	350.066,	0.500
-6.840,	31.194,	-0.000166,	-0.000895,	350.056,	0.500
-6.840,	31.244,	0.000051,	-0.000876,	350.037,	0.500
-6.840,	31.294,	0.000001,	-0.000868,	350.030,	0.500
-6.840,	31.344,	-0.000102,	-0.000898,	350.020,	0.500
-6.840,	31.394,	-0.000133,	-0.000883,	350.010,	0.500
-6.840,	31.444,	-0.000138,	-0.000871,	349.994,	0.500
-6.840,	31.494,	-0.000170,	-0.000867,	349.986,	0.500
-6.840,	31.544,	-0.000178,	-0.000860,	349.974,	0.500
-6.840,	31.594,	-0.000820,	-0.000858,	349.964,	0.500
-6.840,	31.644,	-0.000535,	-0.000866,	349.950,	0.500
-6.840,	31.694,	-0.000402,	-0.000863,	349.937,	0.500
-6.840,	31.744,	-0.000148,	-0.000881,	349.926,	0.500
-6.840,	31.794,	-0.000057,	-0.000895,	349.920,	0.500
-6.840,	31.848,	-0.000534,	-0.000892,	349.900,	0.530
-6.840,	31.896,	-0.000596,	-0.000862,	349.891,	0.500
-6.840,	31.946,	-0.000344,	-0.000820,	349.883,	0.490
-6.840,	31.996,	-0.000157,	-0.000881,	349.876,	0.500
-6.840,	32.044,	-0.000080,	-0.000881,	349.852,	0.490
-6.840,	32.094,	-0.000075,	-0.000876,	349.846,	0.490
-6.840,	32.150,	-0.000048,	-0.000929,	349.840,	0.570
-6.840,	32.200,	-0.000044,	-0.000837,	349.817,	0.490
-6.840,	32.248,	-0.000422,	-0.000817,	349.810,	0.500
-6.840,	32.298,	-0.000281,	-0.000842,	349.979,	0.490
-6.840,	32.348,	-0.001201,	-0.000833,	350.126,	0.500
-6.840,	32.396,	-0.000804,	-0.000870,	350.108,	0.490
-6.840,	32.446,	-0.000425,	-0.000856,	350.102,	0.490
-6.840,	32.496,	-0.000411,	-0.000859,	350.091,	0.490
-6.840,	32.544,	-0.000257,	-0.000853,	350.080,	0.490
-6.840,	32.594,	-0.000142,	-0.000844,	350.072,	0.490
-6.840,	32.644,	-0.000703,	-0.000880,	350.056,	0.500
-6.840,	32.694,	-0.000480,	-0.000862,	350.044,	0.500
-6.840,	32.744,	-0.000479,	-0.000829,	350.035,	0.500
-6.840,	32.794,	-0.000458,	-0.000854,	350.028,	0.500
-6.840,	32.844,	-0.000268,	-0.000835,	350.008,	0.500
-6.840,	32.894,	-0.000169,	-0.000862,	349.998,	0.500
-6.840,	32.944,	-0.000179,	-0.000836,	349.992,	0.500
-6.840,	32.994,	-0.000189,	-0.000858,	349.983,	0.500
-6.840,	33.044,	-0.000572,	-0.000854,	349.963,	0.500
-6.840,	33.094,	-0.000448,	-0.000832,	349.956,	0.500
-6.840,	33.144,	-0.000578,	-0.000870,	349.949,	0.500
-6.840,	33.194,	-0.000562,	-0.000864,	349.936,	0.500
-6.840,	33.244,	-0.000554,	-0.000865,	349.920,	0.500
-6.840,	33.294,	-0.000369,	-0.000828,	349.913,	0.500
-6.840,	33.348,	-0.000504,	-0.000893,	349.901,	0.530
-6.840,	33.396,	-0.000405,	-0.000818,	349.891,	0.490
-6.840,	33.444,	-0.000437,	-0.000821,	349.876,	0.490
-6.840,	33.494,	-0.000431,	-0.000821,	349.865,	0.500
-6.840,	33.544,	-0.000255,	-0.000831,	349.853,	0.490
-6.840,	33.594,	-0.000279,	-0.000809,	349.846,	0.500
-6.840,	33.644,	-0.002276,	-0.000846,	349.830,	0.500
-6.840,	33.694,	-0.002128,	-0.000824,	349.819,	0.500
-6.840,	33.744,	-0.001013,	-0.000861,	349.811,	0.500
-6.840,	33.794,	-0.001112,	-0.000828,	349.806,	0.500
-6.840,	33.844,	-0.000515,	-0.000827,	350.129,	0.500
-6.840,	33.894,	-0.000048,	-0.000838,	350.122,	0.500
-6.840,	33.944,	-0.002999,	-0.000824,	350.117,	0.500
-6.840,	33.994,	-0.001983,	-0.000836,	350.107,	0.500
-6.840,	34.044,	-0.001030,	-0.000813,	350.087,	0.500
-6.840,	34.094,	-0.000860,	-0.000823,	350.081,	0.500
-6.840,	34.144,	-0.000398,	-0.000792,	350.071,	0.500
-6.840,	34.194,	-0.001710,	-0.000838,	350.060,	0.500
-6.840,	34.244,	-0.001507,	-0.000811,	350.045,	0.500
-6.840,	34.294,	-0.003763,	-0.000819,	350.039,	0.500
-6.840,	34.344,	-0.002901,	-0.000794,	350.026,	0.500
-6.840,	34.394,	-0.001513,	-0.000839,	350.016,	0.500
-6.840,	34.444,	-0.001549,	-0.000815,	350.001,	0.500
-6.840,	34.494,	-0.001462,	-0.000818,	349.989,	0.500
-6.840,	34.548,	-0.001224,	-0.000830,	349.979,	0.550
-6.840,	34.598,	-0.000498,	-0.000784,	349.966,	0.500
-6.840,	34.648,	-0.000949,	-0.000755,	349.954,	0.490
-6.840,	34.698,	-0.002832,	-0.000812,	349.942,	0.490
-6.840,	34.746,	-0.001682,	-0.000829,	349.936,	0.490
-6.840,	34.794,	-0.001257,	-0.000842,	349.928,	0.490
-6.840,	34.844,	-0.000545,	-0.000821,	349.906,	0.490
-6.840,	34.894,	-0.000218,	-0.000830,	349.899,	0.500
-6.840,	34.944,	-0.001644,	-0.000827,	349.893,	0.500
-6.840,	34.994,	-0.002766,	-0.000846,	349.881,	0.500
-6.840,	35.044,	-0.001680,	-0.000829,	349.862,	0.500
-6.840,	35.094,	-0.000696,	-0.000821,	349.855,	0.500
-6.840,	35.144,	-0.000142,	-0.000805,	349.845,	0.500
-6.840,	35.194,	-0.001355,	-0.000815,	349.834,	0.500
-6.840,	35.244,	-0.002384,	-0.000822,	349.819,	0.510
-6.840,	35.294,	-0.001605,	-0.000816,	349.997,	0.490
-6.840,	35.344,	-0.000680,	-0.000813,	350.154,	0.500
-6.840,	35.394,	-0.001521,	-0.000799,	350.147,	0.500
-6.840,	35.444,	-0.001137,	-0.000782,	350.131,	0.500
-6.840,	35.494,	-0.000845,	-0.000782,	350.120,	0.500
-6.840,	35.544,	-0.000673,	-0.000796,	350.111,	0.500
-6.840,	35.594,	-0.000374,	-0.000804,	350.105,	0.500
-6.840,	35.644,	-0.000757,	-0.000808,	350.084,	0.500
-6.840,	35.694,	-0.001702,	-0.000799,	350.075,	0.500
-6.840,	35.744,	-0.000981,	-0.000797,	350.069,	0.500
-6.840,	35.794,	-0.000430,	-0.000797,	350.061,	0.500
-6.840,	35.844,	-0.000228,	-0.000798,	350.040,	0.500
-6.840,	35.894,	-0.000330,	-0.000804,	350.033,	0.500
-6.840,	35.944,	-0.001289,	-0.000782,	350.026,	0.500
-6.840,	35.994,	-0.002479,	-0.000819,	350.013,	0.500
-6.840,	36.044,	-0.001939,	-0.000811,	349.998,	0.500
-6.840,	36.094,	-0.001176,	-0.000789,	349.991,	0.500
-6.840,	36.144,	-0.000858,	-0.000814,	349.978,	0.500
-6.840,	36.194,	-0.000385,	-0.000823,	349.967,	0.500
-6.840,	36.244,	-0.000183,	-0.000792,	349.953,	0.500
-6.840,	36.294,	-0.001160,	-0.000784,	349.943,	0.500
-6.840,	36.344,	-0.002084,	-0.000765,	349.932,	0.500
-6.840,	36.394,	-0.001425,	-0.000776,	349.923,	0.500
-6.840,	36.444,	-0.000720,	-0.000796,	349.907,	0.510
-6.840,	36.494,	-0.000635,	-0.000807,	349.897,	0.490
-6.840,	36.544,	-0.000432,	-0.000794,	349.889,	0.500
-6.840,	36.594,	-0.000618,	-0.000806,	349.880,	0.500
-6.840,	36.644,	-0.001287,	-0.000804,	349.860,	0.500
-6.840,	36.694,	-0.001116,	-0.000796,	349.851,	0.500
-6.840,	36.744,	-0.000799,	-0.000789,	349.844,	0.500
-6.840,	36.794,	-0.000680,	-0.000795,	349.834,	0.500
-6.840,	36.844,	-0.001255,	-0.000832,	350.204,	0.500
-6.840,	36.894,	-0.001260,	-0.000788,	350.197,	0.500
-6.840,	36.944,	-0.000787,	-0.000777,	350.189,	0.500
-6.840,	36.994,	-0.000564,	-0.000778,	350.176,	0.500
-6.840,	37.044,	-0.000993,	-0.000858,	350.161,	0.500
-6.840,	37.094,	-0.000675,	-0.000772,	350.153,	0.500
-6.840,	37.144,	-0.000480,	-0.000787,	350.140,	0.500
-6.840,	37.194,	-0.000414,	-0.000785,	350.132,	0.500
-6.840,	37.244,	-0.000381,	-0.000865,	350.118,	0.500
-6.840,	37.294,	-0.000739,	-0.000795,	350.106,	0.500
-6.840,	37.344,	-0.000961,	-0.000809,	350.096,	0.500
-6.840,	37.394,	-0.001454,	-0.000800,	350.089,	0.500
-6.840,	37.444,	-0.001147,	-0.000861,	350.069,	0.500
-6.840,	37.494,	-0.000663,	-0.000780,	350.060,	0.500
-6.840,	37.544,	-0.000148,	-0.000789,	350.053,	0.500
-6.840,	37.594,	-0.000107,	-0.000789,	350.045,	0.500
-6.840,	37.644,	-0.000424,	-0.000842,	350.023,	0.500
-6.840,	37.694,	-0.000408,	-0.000788,	350.016,	0.500
-6.840,	37.744,	-0.000633,	-0.000782,	350.009,	0.500
-6.840,	37.794,	-0.000503,	-0.000800,	349.999,	0.500
-6.840,	37.844,	-0.000442,	-0.000791,	349.979,	0.500
-6.840,	37.894,	-0.000277,	-0.000767,	349.972,	0.500
-6.840,	37.944,	-0.000682,	-0.000776,	349.962,	0.500
-6.840,	37.994,	-0.001028,	-0.000794,	349.950,	0.500
-6.840,	38.044,	-0.000950,	-0.000787,	349.935,	0.500
-6.840,	38.094,	-0.000635,	-0.000785,	349.927,	0.500
-6.840,	38.144,	-0.000562,	-0.000766,	349.914,	0.500
-6.840,	38.194,	-0.000448,	-0.000790,	349.905,	0.500
-6.840,	38.244,	-0.000307,	-0.000787,	349.890,	0.500
-6.840,	38.294,	-0.000314,	-0.000806,	349.878,	0.500
-6.840,	38.344,	-0.000265,	-0.000772,	349.870,	0.500
-6.840,	38.394,	-0.000220,	-0.000805,	349.862,	0.510
-6.840,	38.444,	-0.000176,	-0.000801,	349.842,	0.490
-6.840,	38.494,	-0.000610,	-0.000798,	349.834,	0.500
-6.840,	38.544,	-0.000454,	-0.000789,	349.826,	0.500
-6.840,	38.594,	-0.001066,	-0.000791,	349.818,	0.500
-6.840,	38.644,	-0.000795,	-0.000767,	350.170,	0.500
-6.840,	38.694,	-0.000484,	-0.000762,	350.163,	0.500
-6.840,	38.744,	-0.000814,	-0.000795,	350.158,	0.500
-6.840,	38.794,	-0.000540,	-0.000794,	350.145,	0.500
-6.840,	38.844,	-0.000293,	-0.000766,	350.127,	0.500
