Smpl, Det, sig,    mon,    Ring,  sec
#lmd,   E,  HOYAX,  Y,  Smpl,  Det, AGC X, Y, Smpl, Det, pps
#13.50012,	91.8394,	2.001,	94.000,	90.000,	0.000,	0.000,	-76.000,	0.000,	29.999,50

90.000,	-1.999,	-0.000349,	0.076323,	349.911,	5659.238
90.000,	-1.987,	-0.000367,	0.086687,	349.901,	0.510
90.000,	-1.975,	-0.000340,	0.096958,	349.883,	0.490
90.000,	-1.963,	-0.000345,	0.114879,	349.875,	0.500
90.000,	-1.951,	-0.000382,	0.161756,	349.867,	0.500
90.000,	-1.939,	-0.000427,	0.348937,	349.858,	0.500
90.000,	-1.927,	-0.000474,	1.634157,	349.839,	0.500
90.000,	-1.915,	-0.000608,	5.841310,	349.831,	0.500
90.000,	-1.903,	-0.000750,	6.158438,	349.823,	0.500
90.000,	-1.891,	-0.000707,	4.838715,	349.811,	0.500
90.000,	-1.879,	-0.000544,	3.270545,	349.635,	0.500
90.000,	-1.867,	-0.000322,	1.224903,	349.628,	0.500
90.000,	-1.855,	-0.000129,	0.811297,	349.618,	0.500
90.000,	-1.843,	-0.000030,	0.601014,	349.608,	0.500
90.000,	-1.831,	-0.000007,	0.498715,	349.593,	0.500
90.000,	-1.819,	-0.000038,	0.377486,	349.583,	0.500
90.000,	-1.807,	-0.000063,	0.222285,	350.356,	0.500
90.000,	-1.795,	-0.000069,	0.216053,	350.419,	0.500
90.000,	-1.783,	-0.000065,	0.227224,	350.405,	0.500
90.000,	-1.771,	-0.000058,	0.252610,	350.395,	0.500
90.000,	-1.759,	-0.000049,	0.321852,	350.388,	0.500
90.000,	-1.747,	-0.000048,	0.440399,	350.381,	0.500
90.000,	-1.735,	-0.000052,	0.844679,	350.359,	0.500
90.000,	-1.723,	-0.000055,	3.440568,	350.351,	0.500
90.000,	-1.711,	-0.000057,	16.651260,	350.345,	0.500
90.000,	-1.699,	-0.000057,	30.732070,	350.334,	0.500
90.000,	-1.687,	-0.000055,	42.357540,	350.314,	0.500
90.000,	-1.675,	-0.000055,	50.050180,	350.307,	0.500
90.000,	-1.663,	-0.000054,	51.980290,	350.299,	0.500
90.000,	-1.651,	-0.000054,	52.226040,	350.288,	0.500
90.000,	-1.639,	-0.000054,	52.267040,	350.272,	0.500
90.000,	-1.627,	-0.000056,	52.264480,	350.264,	0.500
90.000,	-1.615,	-0.000058,	52.284570,	350.252,	0.500
90.000,	-1.603,	-0.000056,	52.295200,	350.244,	0.500
90.000,	-1.591,	-0.000058,	52.348350,	350.228,	0.500
90.000,	-1.579,	-0.000060,	52.385020,	350.217,	0.500
90.000,	-1.567,	-0.000060,	52.412470,	350.207,	0.500
90.000,	-1.555,	-0.000062,	52.433280,	350.199,	0.500
90.000,	-1.543,	-0.000065,	52.438940,	350.181,	0.500
90.000,	-1.531,	-0.000065,	52.442480,	350.172,	0.500
90.000,	-1.519,	-0.000063,	52.436760,	350.164,	0.500
90.000,	-1.507,	-0.000066,	52.449550,	350.158,	0.500
90.000,	-1.495,	-0.000066,	52.434600,	350.136,	0.500
90.000,	-1.483,	-0.000067,	52.437190,	350.129,	0.500
90.000,	-1.471,	-0.000070,	52.434200,	350.122,	0.500
90.000,	-1.459,	-0.000070,	52.423090,	350.110,	0.500
90.000,	-1.447,	-0.000071,	52.422200,	350.092,	0.500
90.000,	-1.435,	-0.000076,	52.418060,	350.086,	0.500
90.000,	-1.423,	-0.000073,	52.422740,	350.074,	0.500
90.000,	-1.411,	-0.000073,	52.417140,	350.064,	0.500
90.000,	-1.399,	-0.000074,	52.426450,	350.049,	0.500
90.000,	-1.387,	-0.000081,	52.427600,	350.040,	0.500
90.000,	-1.375,	-0.000074,	52.431190,	350.029,	0.500
90.000,	-1.363,	-0.000076,	52.432320,	350.020,	0.500
90.000,	-1.351,	-0.000079,	52.439070,	350.003,	0.500
90.000,	-1.339,	-0.000086,	52.443140,	349.992,	0.500
90.000,	-1.327,	-0.000082,	52.436220,	349.985,	0.500
90.000,	-1.315,	-0.000083,	52.435460,	349.975,	0.500
90.000,	-1.303,	-0.000084,	52.428950,	349.954,	0.500
90.000,	-1.291,	-0.000092,	52.434070,	349.945,	0.500
90.000,	-1.279,	-0.000088,	52.422540,	349.936,	0.500
90.000,	-1.267,	-0.000087,	52.390480,	349.929,	0.500
90.000,	-1.255,	-0.000089,	52.394150,	349.911,	0.500
90.000,	-1.243,	-0.000095,	52.366300,	349.901,	0.500
90.000,	-1.231,	-0.000089,	52.286830,	349.895,	0.500
90.000,	-1.219,	-0.000094,	52.216400,	349.883,	0.500
90.000,	-1.207,	-0.000093,	52.150430,	349.865,	0.500
90.000,	-1.195,	-0.000103,	52.151050,	349.858,	0.500
90.000,	-1.183,	-0.000096,	52.213900,	349.848,	0.500
90.000,	-1.171,	-0.000101,	52.148100,	349.837,	0.500
90.000,	-1.159,	-0.000101,	52.403560,	349.696,	0.500
90.000,	-1.147,	-0.000112,	52.437180,	349.686,	0.500
90.000,	-1.135,	-0.000104,	52.457470,	349.677,	0.500
90.000,	-1.123,	-0.000106,	52.464730,	349.669,	0.500
90.000,	-1.111,	-0.000111,	52.470150,	349.651,	0.500
90.000,	-1.099,	-0.000119,	52.350920,	349.643,	0.500
90.000,	-1.087,	-0.000117,	52.532830,	349.948,	0.500
90.000,	-1.075,	-0.000118,	52.527730,	350.015,	0.500
90.000,	-1.063,	-0.000120,	52.534580,	349.997,	0.500
90.000,	-1.051,	-0.000129,	52.510100,	349.990,	0.500
90.000,	-1.039,	-0.000122,	52.514840,	349.980,	0.500
90.000,	-1.027,	-0.000122,	52.510220,	349.971,	0.500
90.000,	-1.015,	-0.000111,	52.503610,	349.952,	0.500
90.000,	-1.003,	-0.000125,	52.518730,	349.944,	0.500
90.000,	-0.991,	-0.000129,	52.505090,	349.935,	0.500
90.000,	-0.979,	-0.000132,	52.509000,	349.925,	0.500
90.000,	-0.967,	-0.000130,	52.504960,	349.908,	0.500
90.000,	-0.955,	-0.000133,	52.508980,	349.900,	0.500
90.000,	-0.943,	-0.000133,	52.511880,	349.890,	0.500
90.000,	-0.931,	-0.000132,	52.519080,	349.880,	0.500
90.000,	-0.919,	-0.000130,	52.527870,	349.863,	0.500
90.000,	-0.907,	-0.000131,	52.521290,	349.852,	0.500
90.000,	-0.895,	-0.000134,	52.529470,	349.845,	0.500
90.000,	-0.883,	-0.000137,	52.357550,	349.837,	0.500
90.000,	-0.871,	-0.000139,	52.572420,	350.668,	0.500
90.000,	-0.859,	-0.000132,	52.571280,	350.663,	0.500
90.000,	-0.847,	-0.000132,	52.562460,	350.655,	0.500
90.000,	-0.835,	-0.000147,	52.585590,	350.641,	0.500
90.000,	-0.821,	-0.000145,	52.581330,	350.632,	0.530
90.000,	-0.811,	-0.000145,	52.579060,	350.624,	0.490
90.000,	-0.799,	-0.000137,	52.577020,	350.618,	0.480
90.000,	-0.787,	-0.000137,	52.543200,	350.608,	0.500
90.000,	-0.775,	-0.000139,	52.340510,	350.589,	0.500
90.000,	-0.763,	-0.000137,	52.340240,	350.581,	0.500
90.000,	-0.751,	-0.000135,	52.376550,	350.573,	0.500
90.000,	-0.739,	-0.000137,	52.444170,	350.564,	0.500
90.000,	-0.727,	-0.000135,	52.579780,	350.546,	0.500
90.000,	-0.715,	-0.000136,	52.593760,	350.537,	0.500
90.000,	-0.703,	-0.000127,	52.591530,	350.526,	0.500
90.000,	-0.691,	-0.000127,	52.580470,	350.517,	0.500
90.000,	-0.679,	-0.000125,	52.594640,	350.500,	0.500
90.000,	-0.667,	-0.000132,	52.593050,	350.490,	0.500
90.000,	-0.655,	-0.000135,	52.573410,	350.479,	0.500
90.000,	-0.643,	-0.000135,	52.578360,	350.471,	0.500
90.000,	-0.631,	-0.000139,	52.583920,	350.452,	0.500
90.000,	-0.619,	-0.000132,	52.592030,	350.444,	0.500
90.000,	-0.607,	-0.000132,	52.598690,	350.436,	0.500
90.000,	-0.595,	-0.000126,	52.609830,	350.430,	0.500
90.000,	-0.583,	-0.000126,	52.607720,	350.408,	0.500
90.000,	-0.571,	-0.000126,	52.610020,	350.400,	0.500
90.000,	-0.559,	-0.000123,	52.611570,	350.393,	0.500
90.000,	-0.547,	-0.000116,	52.593790,	350.384,	0.500
90.000,	-0.535,	-0.000119,	52.607620,	350.364,	0.500
90.000,	-0.523,	-0.000117,	52.587850,	350.355,	0.500
90.000,	-0.511,	-0.000113,	52.603070,	350.345,	0.500
90.000,	-0.499,	-0.000113,	52.591880,	350.335,	0.500
90.000,	-0.487,	-0.000114,	52.582760,	350.320,	0.500
90.000,	-0.475,	-0.000106,	52.625190,	350.309,	0.500
90.000,	-0.463,	-0.000100,	52.606900,	350.300,	0.500
90.000,	-0.451,	-0.000094,	52.618720,	350.289,	0.500
90.000,	-0.439,	-0.000089,	52.614800,	350.273,	0.500
90.000,	-0.427,	-0.000092,	52.613090,	350.261,	0.500
90.000,	-0.415,	-0.000087,	52.604830,	350.252,	0.500
90.000,	-0.403,	-0.000093,	52.599240,	350.244,	0.500
90.000,	-0.391,	-0.000099,	52.584650,	350.224,	0.500
90.000,	-0.379,	-0.000100,	52.556110,	350.211,	0.500
90.000,	-0.367,	-0.000097,	52.562450,	350.202,	0.500
90.000,	-0.355,	-0.000098,	52.518060,	350.196,	0.500
90.000,	-0.343,	-0.000099,	52.524870,	350.176,	0.500
90.000,	-0.331,	-0.000098,	52.523370,	350.167,	0.500
90.000,	-0.319,	-0.000099,	52.521140,	350.160,	0.500
90.000,	-0.307,	-0.000096,	52.522000,	350.147,	0.500
90.000,	-0.295,	-0.000096,	52.473650,	350.128,	0.500
90.000,	-0.283,	-0.000095,	52.445240,	350.120,	0.500
90.000,	-0.271,	-0.000092,	52.419600,	350.109,	0.500
90.000,	-0.259,	-0.000088,	52.429190,	350.100,	0.500
90.000,	-0.247,	-0.000086,	52.440710,	350.085,	0.500
90.000,	-0.235,	-0.000090,	52.440940,	350.075,	0.500
90.000,	-0.223,	-0.000088,	52.450650,	350.065,	0.500
90.000,	-0.211,	-0.000086,	52.440380,	350.056,	0.500
90.000,	-0.199,	-0.000086,	52.472070,	350.037,	0.500
90.000,	-0.187,	-0.000082,	52.454930,	350.027,	0.500
90.000,	-0.175,	-0.000080,	52.463480,	350.017,	0.500
90.000,	-0.163,	-0.000079,	52.470220,	350.011,	0.500
90.000,	-0.151,	-0.000078,	52.459970,	349.991,	0.500
90.000,	-0.139,	-0.000076,	52.442590,	349.981,	0.500
90.000,	-0.127,	-0.000077,	52.416450,	349.974,	0.500
90.000,	-0.115,	-0.000075,	52.387780,	349.966,	0.500
90.000,	-0.103,	-0.000074,	52.294110,	349.946,	0.500
90.000,	-0.091,	-0.000073,	52.188130,	349.939,	0.500
90.000,	-0.079,	-0.000072,	52.010060,	349.931,	0.500
90.000,	-0.067,	-0.000071,	51.827300,	349.920,	0.500
90.000,	-0.055,	-0.000070,	51.700290,	349.902,	0.500
90.000,	-0.043,	-0.000072,	51.657670,	349.895,	0.500
90.000,	-0.031,	-0.000071,	51.774230,	349.884,	0.500
90.000,	-0.019,	-0.000066,	51.893180,	349.874,	0.500
90.000,	-0.007,	-0.000063,	52.007580,	349.860,	0.500
90.000,	0.005,	-0.000065,	52.093640,	349.848,	0.500
90.000,	0.017,	-0.000062,	52.134040,	349.840,	0.500
90.000,	0.029,	-0.000063,	52.173440,	349.831,	0.500
90.000,	0.041,	-0.000062,	52.194570,	349.813,	0.500
90.000,	0.053,	-0.000063,	52.042870,	349.804,	0.500
90.000,	0.065,	-0.000063,	52.286480,	350.000,	0.500
90.000,	0.077,	-0.000062,	52.305020,	350.163,	0.500
90.000,	0.089,	-0.000056,	52.303290,	350.145,	0.500
90.000,	0.101,	-0.000060,	52.323490,	350.137,	0.500
90.000,	0.113,	-0.000059,	52.341790,	350.130,	0.500
90.000,	0.125,	-0.000059,	52.346100,	350.119,	0.500
90.000,	0.137,	-0.000059,	52.352680,	350.101,	0.500
90.000,	0.149,	-0.000055,	52.351840,	350.094,	0.500
90.000,	0.161,	-0.000056,	52.349490,	350.084,	0.500
90.000,	0.173,	-0.000059,	52.333330,	350.074,	0.500
90.000,	0.185,	-0.000054,	52.317550,	350.058,	0.500
90.000,	0.197,	-0.000052,	52.317830,	350.049,	0.500
90.000,	0.209,	-0.000054,	52.279220,	350.038,	0.500
90.000,	0.221,	-0.000052,	52.289780,	350.029,	0.500
90.000,	0.233,	-0.000050,	52.287580,	350.012,	0.500
90.000,	0.245,	-0.000050,	52.308080,	350.000,	0.500
90.000,	0.257,	-0.000049,	52.302610,	349.991,	0.500
90.000,	0.269,	-0.000049,	52.292370,	349.983,	0.500
90.000,	0.281,	-0.000045,	52.302610,	349.965,	0.500
90.000,	0.293,	-0.000046,	52.272990,	349.956,	0.500
90.000,	0.305,	-0.000047,	52.294230,	349.948,	0.500
90.000,	0.317,	-0.000047,	52.272110,	349.942,	0.500
90.000,	0.329,	-0.000045,	52.263460,	349.919,	0.500
90.000,	0.341,	-0.000046,	52.279090,	349.911,	0.500
90.000,	0.353,	-0.000030,	52.254100,	349.904,	0.500
90.000,	0.365,	-0.000034,	52.259330,	349.893,	0.500
90.000,	0.377,	-0.000036,	52.233260,	349.876,	0.500
90.000,	0.389,	-0.000034,	52.219920,	349.869,	0.500
90.000,	0.401,	-0.000039,	52.199470,	349.859,	0.500
90.000,	0.413,	-0.000037,	52.062290,	349.849,	0.500
90.000,	0.425,	-0.000035,	52.208120,	350.157,	0.500
90.000,	0.437,	-0.000033,	52.139530,	350.150,	0.500
90.000,	0.449,	-0.000030,	52.095660,	350.140,	0.500
90.000,	0.461,	-0.000028,	52.079820,	350.130,	0.500
90.000,	0.473,	-0.000030,	52.046130,	350.116,	0.500
90.000,	0.485,	-0.000029,	51.964640,	350.106,	0.500
90.000,	0.497,	-0.000032,	51.656650,	350.097,	0.500
90.000,	0.509,	-0.000029,	50.765710,	350.090,	0.500
90.000,	0.521,	-0.000026,	46.094960,	350.071,	0.500
90.000,	0.533,	-0.000026,	31.214540,	350.061,	0.500
90.000,	0.545,	-0.000026,	17.683590,	350.053,	0.500
90.000,	0.557,	-0.000028,	6.337354,	350.047,	0.500
90.000,	0.569,	-0.000031,	0.903905,	350.025,	0.500
90.000,	0.581,	-0.000036,	0.338719,	350.017,	0.500
90.000,	0.593,	-0.000040,	0.289330,	350.011,	0.500
90.000,	0.605,	-0.000050,	0.395907,	349.999,	0.500
90.000,	0.617,	-0.000066,	1.179962,	349.981,	0.500
90.000,	0.629,	-0.000155,	4.100865,	349.974,	0.500
90.000,	0.641,	-0.000321,	3.878737,	349.963,	0.500
90.000,	0.653,	-0.000447,	3.078116,	349.954,	0.500
90.000,	0.665,	-0.000506,	1.955874,	349.940,	0.500
90.000,	0.677,	-0.000494,	0.356457,	349.927,	0.500
90.000,	0.689,	-0.000438,	0.103608,	349.919,	0.500
90.000,	0.701,	-0.000379,	0.076812,	349.910,	0.500
90.000,	0.713,	-0.000343,	0.066340,	349.893,	0.500
90.000,	0.725,	-0.000329,	0.060686,	349.883,	0.500
90.000,	0.737,	-0.000323,	0.056899,	349.874,	0.500
90.000,	0.749,	-0.000333,	0.052831,	349.868,	0.500
90.000,	0.761,	-0.000342,	0.049421,	349.847,	0.500
90.000,	0.773,	-0.000349,	0.047177,	349.837,	0.500
90.000,	0.785,	-0.000357,	0.045671,	349.803,	0.500
90.000,	0.797,	-0.000363,	0.042832,	349.727,	0.500
90.000,	0.809,	-0.000366,	0.041169,	349.709,	0.500
90.000,	0.821,	-0.000368,	0.039223,	349.702,	0.500
90.000,	0.833,	-0.000372,	0.039417,	349.694,	0.500
90.000,	0.845,	-0.000371,	0.035880,	349.684,	0.500
90.000,	0.857,	-0.000371,	0.034415,	350.033,	0.500
90.000,	0.869,	-0.000373,	0.032405,	350.033,	0.500
90.000,	0.881,	-0.000377,	0.032388,	350.023,	0.500
90.000,	0.893,	-0.000372,	0.031055,	350.013,	0.500
90.000,	0.905,	-0.000371,	0.029943,	349.998,	0.500
90.000,	0.917,	-0.000373,	0.029717,	349.987,	0.500
90.000,	0.929,	-0.000380,	0.027940,	349.979,	0.500
90.000,	0.941,	-0.000373,	0.027610,	349.969,	0.500
90.000,	0.953,	-0.000376,	0.026835,	349.952,	0.500
90.000,	0.965,	-0.000379,	0.026792,	349.942,	0.500
90.000,	0.977,	-0.000383,	0.025773,	349.933,	0.500
90.000,	0.989,	-0.000374,	0.025081,	349.927,	0.500
90.000,	1.001,	-0.000373,	0.024181,	349.906,	0.500
90.000,	1.013,	-0.000375,	0.022520,	349.898,	0.500
90.000,	1.025,	-0.000381,	0.024478,	349.891,	0.500
90.000,	1.037,	-0.000372,	0.022431,	349.881,	0.500
90.000,	1.049,	-0.000368,	0.022072,	349.860,	0.500
90.000,	1.061,	-0.000367,	0.021843,	349.854,	0.500
90.000,	1.073,	-0.000372,	0.019900,	349.846,	0.500
90.000,	1.085,	-0.000364,	0.021456,	349.836,	0.500
90.000,	1.097,	-0.000367,	0.020221,	349.819,	0.500
90.000,	1.109,	-0.000371,	0.019948,	349.810,	0.500
90.000,	1.121,	-0.000378,	0.019409,	349.800,	0.500
90.000,	1.133,	-0.000366,	0.019599,	349.789,	0.500
90.000,	1.145,	-0.000367,	0.018390,	350.131,	0.500
90.000,	1.157,	-0.000373,	0.018554,	350.129,	0.500
90.000,	1.169,	-0.000377,	0.019741,	350.119,	0.500
90.000,	1.181,	-0.000369,	0.018416,	350.112,	0.500
90.000,	1.193,	-0.000369,	0.018117,	350.093,	0.500
90.000,	1.205,	-0.000368,	0.017923,	350.085,	0.500
90.000,	1.217,	-0.000369,	0.013276,	350.077,	0.500
90.000,	1.229,	-0.000360,	0.017068,	350.071,	0.500
90.000,	1.241,	-0.000372,	0.019030,	350.048,	0.500
90.000,	1.253,	-0.000363,	0.016486,	350.040,	0.500
90.000,	1.265,	-0.000366,	0.015073,	350.034,	0.500
90.000,	1.277,	-0.000369,	0.015788,	350.022,	0.500
90.000,	1.289,	-0.000373,	0.016178,	350.004,	0.500
90.000,	1.301,	-0.000372,	0.016548,	349.998,	0.500
90.000,	1.313,	-0.000373,	0.015723,	349.986,	0.500
90.000,	1.325,	-0.000371,	0.015971,	349.976,	0.500
90.000,	1.337,	-0.000370,	0.015659,	349.961,	0.500
90.000,	1.349,	-0.000367,	0.014739,	349.952,	0.500
90.000,	1.361,	-0.000367,	0.014961,	349.941,	0.500
90.000,	1.373,	-0.000367,	0.013647,	349.932,	0.500
90.000,	1.385,	-0.000362,	0.014978,	349.915,	0.500
90.000,	1.397,	-0.000361,	0.014560,	349.905,	0.500
90.000,	1.409,	-0.000362,	0.014676,	349.896,	0.500
90.000,	1.421,	-0.000352,	0.013894,	349.889,	0.500
90.000,	1.433,	-0.000351,	0.014691,	349.868,	0.500
90.000,	1.445,	-0.000388,	0.012117,	349.859,	0.500
90.000,	1.457,	-0.000348,	0.014810,	349.853,	0.500
90.000,	1.469,	-0.000354,	0.013729,	349.844,	0.500
90.000,	1.481,	-0.000358,	0.013785,	349.823,	0.500
90.000,	1.493,	-0.000361,	0.012828,	349.816,	0.500
90.000,	1.505,	-0.000358,	0.014144,	349.874,	0.500
90.000,	1.517,	-0.000355,	0.013149,	350.128,	0.500
90.000,	1.529,	-0.000354,	0.013774,	350.112,	0.500
90.000,	1.541,	-0.000354,	0.011977,	350.106,	0.500
90.000,	1.553,	-0.000351,	0.013457,	350.095,	0.500
90.000,	1.565,	-0.000348,	0.012430,	350.085,	0.500
90.000,	1.577,	-0.000348,	0.012096,	350.071,	0.500
90.000,	1.589,	-0.000345,	0.012703,	350.058,	0.500
90.000,	1.601,	-0.000346,	0.012813,	350.050,	0.500
90.000,	1.613,	-0.000346,	0.012645,	350.041,	0.500
90.000,	1.625,	-0.000344,	0.011872,	350.024,	0.500
90.000,	1.637,	-0.000340,	0.011576,	350.014,	0.500
90.000,	1.649,	-0.000334,	0.011533,	350.004,	0.500
90.000,	1.661,	-0.000324,	0.011745,	349.999,	0.500
90.000,	1.673,	-0.000317,	0.012154,	349.979,	0.500
90.000,	1.685,	-0.000312,	0.012048,	349.970,	0.500
90.000,	1.697,	-0.000306,	0.011923,	349.964,	0.500
90.000,	1.709,	-0.000305,	0.011051,	349.952,	0.500
90.000,	1.721,	-0.000305,	0.011075,	349.932,	0.500
90.000,	1.733,	-0.000307,	0.010514,	349.926,	0.500
90.000,	1.745,	-0.000311,	0.011620,	349.916,	0.500
90.000,	1.757,	-0.000317,	0.011583,	349.905,	0.500
90.000,	1.769,	-0.000318,	0.010853,	349.890,	0.500
90.000,	1.781,	-0.000323,	0.011081,	349.879,	0.500
90.000,	1.793,	-0.000326,	0.010146,	349.867,	0.500
90.000,	1.805,	-0.000327,	0.010969,	349.858,	0.500
90.000,	1.817,	-0.000335,	0.009974,	349.845,	0.500
90.000,	1.829,	-0.000331,	0.010230,	349.833,	0.500
90.000,	1.841,	-0.000328,	0.010398,	349.824,	0.500
90.000,	1.853,	-0.000327,	0.010471,	349.815,	0.500
90.000,	1.865,	-0.000327,	0.009974,	350.134,	0.500
90.000,	1.877,	-0.000325,	0.010945,	350.137,	0.500
90.000,	1.889,	-0.000324,	0.010592,	350.130,	0.500
90.000,	1.901,	-0.000322,	0.011051,	350.122,	0.500
90.000,	1.913,	-0.000323,	0.009263,	350.102,	0.500
90.000,	1.925,	-0.000323,	0.009877,	350.094,	0.500
90.000,	1.937,	-0.000328,	0.010053,	350.087,	0.500
90.000,	1.949,	-0.000334,	0.009771,	350.076,	0.500
90.000,	1.961,	-0.000338,	0.009577,	350.058,	0.500
90.000,	1.973,	-0.000345,	0.010086,	350.052,	0.500
90.000,	1.985,	-0.000345,	0.010321,	350.041,	0.500
90.000,	1.997,	-0.000345,	0.009672,	350.031,	0.500
90.000,	2.009,	-0.000338,	0.009778,	350.016,	0.500
