Lmd,  eV,  sig,    mon,    Ring,  sec
#lmd,   E,  HOYAX,  Y,  Smpl,  Det, AGC X, Y, Smpl, Det, pps
#2.42084,	512.1538,	3.159,	34.530,	82.900,	30.000,	0.000,	-76.000,	0.000,	29.999,75

2.11904,	585.0963,	0.003013,	-0.001120,	350.078,	27.830
2.11954,	584.9583,	0.003025,	0.007766,	350.067,	0.500
2.12011,	584.8010,	0.003042,	0.007604,	350.052,	0.500
2.12069,	584.6411,	0.003058,	0.006200,	350.042,	0.500
2.12130,	584.4729,	0.003084,	0.007079,	350.033,	0.500
2.12187,	584.3159,	0.003106,	0.007040,	350.024,	0.500
2.12245,	584.1563,	0.003118,	0.007570,	350.008,	0.500
2.12298,	584.0104,	0.003135,	0.007115,	349.996,	0.500
2.12352,	583.8619,	0.003155,	0.006331,	349.988,	0.500
2.12410,	583.7025,	0.003175,	0.007378,	349.979,	0.500
2.12471,	583.5349,	0.003191,	0.007503,	349.960,	0.500
2.12524,	583.3894,	0.003201,	0.007206,	349.951,	0.500
2.12582,	583.2302,	0.003223,	0.006835,	349.942,	0.500
2.12635,	583.0848,	0.003235,	0.007535,	349.935,	0.500
2.12693,	582.9258,	0.003248,	0.007837,	349.915,	0.500
2.12750,	582.7697,	0.003254,	0.007701,	349.906,	0.500
2.12808,	582.6108,	0.003283,	0.007854,	349.898,	0.500
2.12869,	582.4439,	0.003298,	0.007356,	349.888,	0.500
2.12926,	582.2879,	0.003309,	0.007686,	349.870,	0.500
2.12984,	582.1294,	0.003315,	0.006911,	349.863,	0.500
2.13037,	581.9846,	0.003341,	0.006803,	349.852,	0.500
2.13095,	581.8262,	0.003360,	0.008173,	349.843,	0.500
2.13152,	581.6706,	0.003370,	0.007048,	349.828,	0.500
2.13210,	581.5123,	0.003373,	0.006282,	349.817,	0.500
2.13267,	581.3569,	0.003395,	0.006215,	349.805,	0.500
2.13325,	581.1988,	0.003409,	0.007372,	349.797,	0.500
2.13382,	581.0436,	0.003424,	0.006678,	349.996,	0.500
2.13436,	580.8966,	0.003425,	0.005935,	350.056,	0.500
2.13493,	580.7415,	0.003447,	0.007406,	350.049,	0.500
2.13554,	580.5756,	0.003462,	0.006954,	350.041,	0.500
2.13612,	580.4180,	0.003466,	0.006751,	350.021,	0.500
2.13673,	580.2523,	0.003468,	0.005905,	350.013,	0.500
2.13731,	580.0948,	0.003489,	0.006939,	350.005,	0.500
2.13784,	579.9510,	0.003499,	0.007247,	349.997,	0.500
2.13842,	579.7937,	0.003509,	0.007878,	349.976,	0.500
2.13899,	579.6392,	0.003511,	0.006680,	349.969,	0.500
2.13956,	579.4848,	0.003529,	0.006766,	349.961,	0.500
2.14014,	579.3277,	0.003540,	0.007884,	349.950,	0.500
2.14071,	579.1735,	0.003548,	0.006958,	349.932,	0.500
2.14129,	579.0166,	0.003550,	0.006982,	349.925,	0.500
2.14182,	578.8733,	0.003576,	0.007027,	349.913,	0.500
2.14240,	578.7166,	0.003587,	0.007333,	349.904,	0.500
2.14301,	578.5519,	0.003597,	0.006827,	349.888,	0.500
2.14358,	578.3980,	0.003608,	0.003130,	349.877,	0.500
2.14416,	578.2416,	0.003630,	0.007290,	349.868,	0.500
2.14473,	578.0879,	0.003641,	0.006846,	349.860,	0.500
2.14531,	577.9316,	0.003656,	0.006534,	349.842,	0.500
2.14584,	577.7889,	0.003666,	0.004946,	349.833,	0.500
2.14642,	577.6327,	0.003682,	0.007160,	349.825,	0.500
2.14699,	577.4794,	0.003697,	0.006790,	349.817,	0.500
2.14761,	577.3127,	0.003714,	0.006771,	350.074,	0.500
2.14818,	577.1595,	0.003730,	0.006288,	350.140,	0.500
2.14875,	577.0064,	0.003749,	0.006947,	350.133,	0.500
2.14929,	576.8614,	0.003766,	0.006574,	350.124,	0.500
2.14986,	576.7085,	0.003782,	0.007593,	350.106,	0.500
2.15044,	576.5529,	0.003800,	0.006531,	350.097,	0.500
2.15105,	576.3894,	0.003820,	0.007033,	350.089,	0.500
2.15163,	576.2340,	0.003841,	0.007583,	350.078,	0.500
2.15224,	576.0707,	0.003859,	0.007919,	350.062,	0.500
2.15281,	575.9182,	0.003874,	0.006478,	350.054,	0.500
2.15335,	575.7738,	0.003892,	0.006777,	350.042,	0.500
2.15392,	575.6214,	0.003910,	0.006934,	350.033,	0.500
2.15450,	575.4664,	0.003927,	0.006060,	350.017,	0.500
2.15507,	575.3142,	0.003942,	0.006210,	350.006,	0.500
2.15565,	575.1594,	0.003962,	0.007807,	349.997,	0.500
2.15622,	575.0074,	0.003983,	0.006689,	349.989,	0.500
2.15679,	574.8554,	0.003999,	0.007761,	349.969,	0.500
2.15737,	574.7009,	0.004017,	0.007079,	349.961,	0.500
2.15794,	574.5491,	0.004032,	0.006674,	349.953,	0.500
2.15852,	574.3947,	0.004056,	0.006857,	349.944,	0.500
2.15913,	574.2324,	0.004072,	0.007227,	349.925,	0.500
2.15970,	574.0809,	0.004092,	0.007387,	349.917,	0.500
2.16028,	573.9267,	0.004109,	0.007109,	349.909,	0.500
2.16085,	573.7753,	0.004135,	0.006172,	349.899,	0.500
2.16139,	573.6320,	0.004159,	0.006747,	349.882,	0.500
2.16196,	573.4807,	0.004177,	0.007188,	349.872,	0.500
2.16254,	573.3269,	0.004196,	0.006809,	349.862,	0.500
2.16315,	573.1653,	0.004220,	0.007733,	349.853,	0.500
2.16373,	573.0116,	0.004239,	0.007066,	349.837,	0.500
2.16426,	572.8713,	0.004264,	0.007438,	349.827,	0.500
2.16484,	572.7178,	0.004286,	0.006941,	349.818,	0.500
2.16541,	572.5671,	0.004310,	0.007947,	350.141,	0.500
2.16602,	572.4058,	0.004335,	0.006964,	350.125,	0.500
2.16660,	572.2526,	0.004359,	0.007279,	350.114,	0.500
2.16721,	572.0915,	0.004381,	0.005054,	350.107,	0.500
2.16778,	571.9411,	0.004413,	0.007585,	350.099,	0.500
2.16836,	571.7881,	0.004436,	0.007479,	350.080,	0.500
2.16889,	571.6484,	0.004463,	0.006919,	350.072,	0.500
2.16947,	571.4955,	0.004476,	0.007820,	350.063,	0.500
2.17004,	571.3454,	0.004511,	0.006318,	350.056,	0.500
2.17062,	571.1928,	0.004532,	0.006689,	350.036,	0.500
2.17119,	571.0428,	0.004558,	0.006359,	350.029,	0.500
2.17177,	570.8903,	0.004569,	0.005090,	350.021,	0.500
2.17234,	570.7405,	0.004604,	0.007488,	350.009,	0.500
2.17291,	570.5908,	0.004624,	0.007236,	349.992,	0.500
2.17349,	570.4385,	0.004646,	0.006512,	349.983,	0.500
2.17410,	570.2785,	0.004656,	0.006443,	349.974,	0.500
2.17468,	570.1264,	0.004687,	0.007488,	349.964,	0.500
2.17529,	569.9665,	0.004706,	0.007688,	349.946,	0.500
2.17586,	569.8172,	0.004727,	0.005706,	349.937,	0.500
2.17640,	569.6758,	0.004739,	0.006017,	349.927,	0.500
2.17694,	569.5345,	0.004764,	0.006294,	349.919,	0.500
2.17751,	569.3854,	0.004782,	0.007227,	349.902,	0.500
2.17808,	569.2364,	0.004796,	0.007499,	349.892,	0.500
2.17866,	569.0849,	0.004810,	0.006824,	349.884,	0.500
2.17923,	568.9360,	0.004838,	0.006960,	349.875,	0.500
2.17981,	568.7846,	0.004855,	0.007395,	349.856,	0.500
2.18038,	568.6359,	0.004872,	0.006381,	349.847,	0.500
2.18096,	568.4847,	0.004880,	0.007798,	349.840,	0.500
2.18153,	568.3362,	0.004909,	0.007904,	349.830,	0.500
2.18214,	568.1773,	0.004926,	0.007378,	350.159,	0.500
2.18272,	568.0263,	0.004947,	0.005954,	350.184,	0.500
2.18329,	567.8780,	0.004962,	0.004481,	350.176,	0.500
2.18387,	567.7272,	0.004989,	0.006818,	350.166,	0.500
2.18440,	567.5895,	0.005002,	0.007951,	350.150,	0.500
2.18498,	567.4388,	0.005017,	0.007337,	350.141,	0.500
2.18555,	567.2908,	0.005029,	0.003449,	350.132,	0.500
2.18612,	567.1429,	0.005049,	0.007033,	350.122,	0.500
2.18670,	566.9925,	0.005064,	0.007341,	350.105,	0.500
2.18727,	566.8447,	0.005075,	0.007492,	350.096,	0.500
2.18785,	566.6944,	0.005091,	0.005752,	350.087,	0.500
2.18842,	566.5468,	0.005104,	0.007223,	350.078,	0.500
2.18900,	566.3967,	0.005116,	0.007221,	350.060,	0.500
2.18961,	566.2389,	0.005124,	0.006225,	350.049,	0.500
2.19018,	566.0916,	0.005134,	0.006747,	350.042,	0.500
2.19076,	565.9417,	0.005141,	0.007787,	350.033,	0.500
2.19133,	565.7945,	0.005141,	0.007548,	350.014,	0.500
2.19187,	565.6551,	0.005150,	0.006829,	350.005,	0.500
2.19244,	565.5080,	0.005159,	0.007805,	349.997,	0.500
2.19302,	565.3585,	0.005164,	0.005900,	349.988,	0.500
2.19363,	565.2013,	0.005162,	0.007438,	349.968,	0.500
2.19420,	565.0544,	0.005165,	0.007583,	349.960,	0.500
2.19478,	564.9051,	0.005165,	0.006419,	349.951,	0.500
2.19531,	564.7687,	0.005171,	0.008057,	349.941,	0.500
2.19589,	564.6196,	0.005174,	0.007324,	349.923,	0.500
2.19646,	564.4730,	0.005174,	0.006820,	349.916,	0.500
2.19708,	564.3137,	0.005177,	0.006165,	349.905,	0.500
2.19765,	564.1674,	0.005177,	0.007057,	349.897,	0.500
2.19826,	564.0108,	0.005177,	0.007520,	349.879,	0.500
2.19880,	563.8723,	0.005178,	0.006290,	349.870,	0.500
2.19937,	563.7262,	0.005183,	0.007402,	349.861,	0.500
2.19991,	563.5878,	0.005186,	0.007798,	349.851,	0.500
2.20052,	563.4316,	0.005192,	0.006811,	349.833,	0.500
2.20110,	563.2831,	0.005194,	0.006979,	349.824,	0.500
2.20167,	563.1373,	0.005203,	0.007180,	349.815,	0.500
2.20224,	562.9915,	0.005213,	0.006447,	349.808,	0.500
2.20282,	562.8433,	0.005219,	0.008367,	350.154,	0.500
2.20335,	562.7079,	0.005233,	0.006919,	350.170,	0.500
2.20393,	562.5598,	0.005247,	0.007277,	350.161,	0.500
2.20454,	562.4041,	0.005264,	0.006417,	350.152,	0.500
2.20512,	562.2562,	0.005285,	0.007658,	350.135,	0.500
2.20569,	562.1109,	0.005302,	0.007253,	350.126,	0.500
2.20626,	561.9657,	0.005322,	0.007908,	350.117,	0.500
2.20684,	561.8180,	0.005345,	0.007699,	350.108,	0.500
2.20738,	561.6806,	0.005368,	0.008054,	350.090,	0.500
2.20795,	561.5356,	0.005392,	0.005792,	350.080,	0.500
2.20852,	561.3906,	0.005418,	0.007128,	350.071,	0.500
2.20914,	561.2331,	0.005450,	0.006615,	350.063,	0.500
2.20971,	561.0883,	0.005481,	0.007014,	350.048,	0.500
2.21025,	560.9512,	0.005514,	0.006101,	350.035,	0.500
2.21082,	560.8066,	0.005542,	0.005894,	350.027,	0.500
2.21140,	560.6595,	0.005580,	0.007742,	350.018,	0.500
2.21197,	560.5150,	0.005615,	0.007744,	349.998,	0.500
2.21258,	560.3605,	0.005652,	0.007820,	349.991,	0.500
2.21316,	560.2136,	0.005682,	0.008528,	349.982,	0.500
2.21377,	560.0593,	0.005735,	0.006945,	349.976,	0.500
2.21431,	559.9227,	0.005767,	0.006736,	349.954,	0.500
2.21488,	559.7786,	0.005803,	0.007800,	349.945,	0.500
2.21542,	559.6422,	0.005826,	0.005344,	349.937,	0.500
2.21603,	559.4881,	0.005871,	0.007068,	349.928,	0.500
2.21660,	559.3442,	0.005905,	0.007076,	349.909,	0.500
2.21718,	559.1979,	0.005936,	0.007040,	349.901,	0.500
2.21775,	559.0542,	0.005959,	0.006874,	349.891,	0.500
2.21829,	558.9181,	0.006004,	0.007770,	349.881,	0.500
2.21886,	558.7745,	0.006035,	0.007473,	349.863,	0.500
2.21944,	558.6285,	0.006064,	0.006986,	349.855,	0.500
2.22005,	558.4750,	0.006083,	0.006982,	349.845,	0.500
2.22062,	558.3317,	0.006121,	0.007141,	349.837,	0.500
2.22120,	558.1859,	0.006148,	0.006727,	349.820,	0.500
2.22177,	558.0427,	0.006174,	0.006635,	349.809,	0.500
2.22231,	557.9071,	0.006190,	0.006350,	349.801,	0.500
2.22288,	557.7640,	0.006222,	0.008057,	349.791,	0.500
2.22346,	557.6185,	0.006249,	0.007089,	350.129,	0.500
2.22403,	557.4756,	0.006277,	0.006822,	350.140,	0.500
2.22461,	557.3302,	0.006295,	0.005590,	350.131,	0.500
2.22522,	557.1775,	0.006332,	0.007901,	350.122,	0.500
2.22575,	557.0448,	0.006357,	0.006829,	350.105,	0.500
2.22633,	556.8997,	0.006384,	0.006514,	350.096,	0.500
2.22690,	556.7571,	0.006401,	0.006471,	350.088,	0.500
2.22752,	556.6022,	0.006442,	0.006669,	350.078,	0.500
2.22809,	556.4598,	0.006469,	0.006471,	350.061,	0.500
2.22870,	556.3075,	0.006497,	0.005958,	350.054,	0.500
2.22928,	556.1627,	0.006523,	0.006566,	350.043,	0.500
2.22981,	556.0305,	0.006567,	0.007141,	350.033,	0.500
2.23039,	555.8859,	0.006597,	0.006609,	350.017,	0.500
2.23092,	555.7539,	0.006629,	0.007684,	350.006,	0.500
2.23154,	555.5995,	0.006661,	0.002583,	349.998,	0.500
2.23211,	555.4576,	0.006701,	0.006702,	349.989,	0.500
2.23268,	555.3158,	0.006739,	0.007311,	349.971,	0.500
2.23326,	555.1716,	0.006782,	0.007135,	349.962,	0.500
2.23383,	555.0299,	0.006821,	0.005553,	349.952,	0.500
2.23441,	554.8858,	0.006859,	0.007522,	349.944,	0.500
2.23498,	554.7443,	0.006892,	0.006743,	349.926,	0.500
2.23559,	554.5929,	0.006933,	0.006562,	349.915,	0.500
2.23617,	554.4491,	0.006976,	0.006439,	349.908,	0.500
2.23674,	554.3078,	0.007012,	0.007794,	349.900,	0.500
2.23732,	554.1641,	0.007044,	0.007822,	349.879,	0.500
2.23785,	554.0329,	0.007074,	0.006372,	349.871,	0.500
2.23843,	553.8893,	0.007109,	0.006098,	349.863,	0.500
2.23900,	553.7483,	0.007143,	0.007514,	349.852,	0.500
2.23958,	553.6049,	0.007178,	0.007550,	349.834,	0.500
2.24015,	553.4640,	0.007215,	0.006958,	349.828,	0.500
2.24073,	553.3208,	0.007250,	0.007087,	349.869,	0.500
2.24130,	553.1800,	0.007282,	0.008345,	350.178,	0.500
2.24187,	553.0394,	0.007318,	0.007833,	350.162,	0.500
2.24245,	552.8964,	0.007350,	0.006566,	350.152,	0.500
2.24302,	552.7559,	0.007383,	0.007973,	350.142,	0.500
2.24364,	552.6031,	0.007409,	0.008069,	350.133,	0.500
2.24421,	552.4628,	0.007451,	0.007281,	350.116,	0.500
2.24478,	552.3225,	0.007484,	0.006936,	350.107,	0.500
2.24532,	552.1896,	0.007514,	0.006262,	350.097,	0.500
2.24586,	552.0569,	0.007530,	0.006273,	350.091,	0.491
2.24643,	551.9168,	0.007575,	0.006452,	350.071,	0.500
2.24704,	551.7670,	0.007603,	0.006150,	350.062,	0.500
2.24762,	551.6246,	0.007640,	0.006602,	350.055,	0.500
2.24819,	551.4847,	0.007660,	0.006553,	350.045,	0.500
2.24873,	551.3523,	0.007696,	0.007671,	350.026,	0.500
2.24930,	551.2126,	0.007727,	0.006467,	350.019,	0.500
2.24988,	551.0705,	0.007752,	0.006381,	350.009,	0.500
2.25045,	550.9309,	0.007771,	0.007268,	350.000,	0.500
2.25106,	550.7816,	0.007808,	0.007951,	349.981,	0.500
2.25164,	550.6397,	0.007830,	0.006458,	349.974,	0.500
2.25221,	550.5004,	0.007857,	0.006783,	349.964,	0.500
2.25279,	550.3586,	0.007861,	0.006585,	349.954,	0.500
2.25332,	550.2292,	0.007891,	0.007675,	349.938,	0.500
2.25390,	550.0876,	0.007909,	0.007675,	349.928,	0.500
2.25447,	549.9485,	0.007921,	0.007798,	349.919,	0.500
2.25508,	549.7998,	0.007922,	0.006538,	349.907,	0.500
2.25566,	549.6584,	0.007944,	0.007568,	349.891,	0.500
2.25623,	549.5195,	0.007951,	0.007854,	349.881,	0.500
2.25677,	549.3880,	0.007952,	0.006264,	349.871,	0.500
2.25734,	549.2493,	0.007952,	0.006656,	349.864,	0.500
2.25796,	549.0985,	0.007969,	0.008326,	349.845,	0.500
2.25853,	548.9599,	0.007976,	0.007828,	349.835,	0.500
2.25914,	548.8117,	0.007979,	0.006876,	349.829,	0.500
2.25972,	548.6708,	0.007975,	0.003791,	349.819,	0.500
2.26025,	548.5422,	0.007987,	0.006775,	349.800,	0.500
2.26083,	548.4014,	0.007995,	0.005945,	349.792,	0.500
2.26136,	548.2729,	0.008004,	0.006626,	349.858,	0.500
2.26194,	548.1323,	0.008019,	0.004748,	350.129,	0.500
2.26255,	547.9845,	0.008038,	0.007113,	350.113,	0.500
2.26313,	547.8441,	0.008059,	0.006167,	350.104,	0.500
2.26370,	547.7062,	0.008089,	0.006926,	350.095,	0.500
2.26424,	547.5755,	0.008126,	0.007509,	350.085,	0.500
2.26481,	547.4377,	0.008167,	0.007516,	350.069,	0.500
2.26538,	547.3000,	0.008213,	0.007227,	350.059,	0.500
2.26600,	547.1502,	0.008277,	0.007318,	350.050,	0.500
2.26661,	547.0030,	0.008347,	0.008126,	350.042,	0.500
2.26718,	546.8655,	0.008423,	0.007656,	350.025,	0.500
2.26772,	546.7352,	0.008505,	0.006736,	350.015,	0.500
2.26829,	546.5979,	0.008586,	0.007404,	350.006,	0.500
2.26883,	546.4678,	0.008668,	0.006730,	349.998,	0.500
2.26944,	546.3209,	0.008754,	0.006346,	349.979,	0.500
2.27002,	546.1813,	0.008838,	0.007236,	349.970,	0.500
2.27059,	546.0442,	0.008921,	0.007169,	349.962,	0.500
2.27117,	545.9047,	0.008997,	0.006818,	349.951,	0.500
2.27174,	545.7678,	0.009066,	0.006361,	349.932,	0.500
2.27231,	545.6309,	0.009132,	0.006967,	349.926,	0.500
2.27289,	545.4916,	0.009188,	0.006592,	349.915,	0.500
2.27346,	545.3549,	0.009236,	0.006333,	349.906,	0.500
2.27408,	545.2062,	0.009274,	0.007374,	349.890,	0.500
2.27465,	545.0695,	0.009307,	0.006971,	349.880,	0.500
2.27522,	544.9330,	0.009332,	0.007298,	349.871,	0.500
2.27576,	544.8037,	0.009364,	0.007040,	349.860,	0.500
2.27630,	544.6744,	0.009357,	0.007710,	349.843,	0.500
2.27687,	544.5381,	0.009344,	0.006348,	349.833,	0.500
2.27745,	544.3994,	0.009318,	0.008253,	349.824,	0.500
2.27802,	544.2632,	0.009291,	0.006070,	349.817,	0.500
2.27863,	544.1175,	0.009249,	0.007035,	350.183,	0.500
2.27917,	543.9886,	0.009201,	0.007003,	350.184,	0.500
2.27974,	543.8526,	0.009136,	0.005838,	350.177,	0.500
2.28032,	543.7142,	0.009063,	0.007843,	350.170,	0.500
2.28089,	543.5784,	0.008967,	0.006518,	350.151,	0.500
2.28150,	543.4330,	0.008858,	0.007130,	350.141,	0.500
2.28208,	543.2949,	0.008735,	0.006587,	350.134,	0.500
2.28265,	543.1592,	0.008595,	0.008436,	350.123,	0.500
2.28323,	543.0213,	0.008448,	0.006493,	350.106,	0.500
2.28376,	542.8952,	0.008291,	0.007212,	350.099,	0.500
2.28434,	542.7574,	0.008131,	0.007244,	350.089,	0.500
2.28487,	542.6315,	0.007960,	0.007380,	350.079,	0.500
2.28549,	542.4843,	0.007789,	0.007208,	350.063,	0.500
2.28606,	542.3490,	0.007611,	0.006779,	350.052,	0.500
2.28663,	542.2138,	0.007450,	0.006124,	350.043,	0.500
2.28721,	542.0763,	0.007300,	0.005905,	350.034,	0.500
2.28778,	541.9413,	0.007179,	0.007451,	350.018,	0.500
2.28836,	541.8039,	0.007087,	0.006040,	350.008,	0.500
2.28897,	541.6595,	0.007017,	0.006187,	349.998,	0.500
2.28954,	541.5247,	0.006962,	0.008595,	349.992,	0.500
2.29012,	541.3875,	0.006958,	0.007354,	349.972,	0.500
2.29069,	541.2528,	0.006964,	0.008498,	349.963,	0.500
2.29123,	541.1253,	0.006985,	0.006353,	349.957,	0.500
2.29180,	540.9907,	0.007007,	0.006553,	349.947,	0.500
2.29238,	540.8538,	0.007061,	0.007184,	349.927,	0.500
2.29295,	540.7194,	0.007105,	0.007223,	349.921,	0.500
2.29357,	540.5732,	0.007146,	0.006964,	349.912,	0.500
2.29414,	540.4389,	0.007171,	0.006863,	349.901,	0.500
2.29468,	540.3117,	0.007216,	0.006975,	349.883,	0.500
2.29525,	540.1775,	0.007242,	0.007100,	349.873,	0.500
2.29582,	540.0434,	0.007263,	0.006587,	349.863,	0.500
2.29640,	539.9070,	0.007261,	0.008222,	349.852,	0.500
2.29701,	539.7636,	0.007284,	0.006282,	349.836,	0.500
2.29759,	539.6274,	0.007291,	0.007443,	349.826,	0.500
2.29816,	539.4935,	0.007299,	0.006163,	349.815,	0.500
2.29870,	539.3668,	0.007290,	0.002303,	349.808,	0.500
2.29927,	539.2331,	0.007301,	0.006639,	350.147,	0.500
2.29981,	539.1065,	0.007316,	0.006516,	350.145,	0.500
2.30042,	538.9635,	0.007326,	0.006760,	350.138,	0.500
2.30099,	538.8300,	0.007339,	0.006172,	350.131,	0.500
2.30157,	538.6942,	0.007359,	0.007630,	350.111,	0.500
2.30214,	538.5608,	0.007396,	0.007876,	350.102,	0.500
2.30272,	538.4252,	0.007438,	0.007400,	350.096,	0.500
2.30329,	538.2919,	0.007487,	0.006919,	350.084,	0.500
2.30387,	538.1564,	0.007553,	0.007419,	350.065,	0.500
2.30448,	538.0140,	0.007634,	0.006926,	350.059,	0.500
2.30505,	537.8809,	0.007725,	0.006609,	350.049,	0.500
2.30563,	537.7456,	0.007830,	0.007705,	350.038,	0.500
2.30620,	537.6127,	0.007939,	0.008309,	350.023,	0.500
2.30674,	537.4869,	0.008058,	0.006878,	350.013,	0.500
2.30731,	537.3541,	0.008178,	0.008427,	350.003,	0.500
2.30789,	537.2190,	0.008307,	0.006426,	349.993,	0.500
2.30846,	537.0864,	0.008435,	0.008130,	349.976,	0.500
2.30907,	536.9445,	0.008593,	0.006680,	349.966,	0.500
2.30965,	536.8097,	0.008731,	0.007649,	349.955,	0.500
2.31022,	536.6772,	0.008864,	0.007837,	349.949,	0.500
2.31080,	536.5425,	0.008979,	0.007165,	349.929,	0.500
2.31137,	536.4102,	0.009113,	0.007863,	349.919,	0.500
2.31194,	536.2779,	0.009227,	0.006144,	349.912,	0.500
2.31252,	536.1434,	0.009319,	0.006042,	349.904,	0.500
2.31309,	536.0113,	0.009398,	0.007800,	349.883,	0.500
2.31367,	535.8770,	0.009498,	0.008035,	349.876,	0.500
2.31420,	535.7542,	0.009576,	0.007061,	349.867,	0.500
2.31474,	535.6292,	0.009645,	0.006635,	349.857,	0.500
2.31531,	535.4974,	0.009694,	0.003774,	349.839,	0.500
2.31593,	535.3540,	0.009764,	0.008505,	349.832,	0.500
2.31650,	535.2223,	0.009810,	0.007430,	349.820,	0.500
2.31708,	535.0883,	0.009850,	0.007393,	349.810,	0.500
2.31765,	534.9567,	0.009875,	0.005713,	349.794,	0.500
2.31822,	534.8252,	0.009884,	0.008634,	349.785,	0.500
2.31880,	534.6914,	0.009871,	0.007328,	349.775,	0.500
2.31937,	534.5600,	0.009836,	0.007910,	349.766,	0.500
2.31999,	534.4171,	0.009775,	0.007970,	350.128,	0.500
2.32056,	534.2859,	0.009699,	0.007115,	350.128,	0.500
2.32110,	534.1616,	0.009597,	0.008072,	350.120,	0.500
2.32163,	534.0396,	0.009474,	0.006855,	350.112,	0.500
2.32221,	533.9063,	0.009339,	0.008767,	350.093,	0.500
2.32274,	533.7844,	0.009202,	0.007197,	350.083,	0.500
2.32332,	533.6512,	0.009064,	0.006346,	350.077,	0.500
2.32393,	533.5111,	0.008950,	0.007354,	350.067,	0.500
2.32450,	533.3803,	0.008878,	0.007020,	350.049,	0.500
2.32508,	533.2472,	0.008864,	0.006831,	350.041,	0.500
2.32565,	533.1165,	0.008912,	0.007652,	350.033,	0.500
2.32619,	532.9928,	0.009025,	0.007313,	350.023,	0.500
2.32680,	532.8530,	0.009200,	0.006680,	350.005,	0.500
2.32738,	532.7202,	0.009428,	0.007636,	349.996,	0.500
2.32795,	532.5898,	0.009686,	0.007257,	349.985,	0.500
2.32852,	532.4594,	0.009949,	0.006846,	349.976,	0.500
2.32910,	532.3268,	0.010190,	0.007509,	349.960,	0.500
2.32963,	532.2057,	0.010397,	0.006344,	349.950,	0.500
2.33021,	532.0733,	0.010568,	0.006783,	349.939,	0.500
2.33078,	531.9431,	0.010693,	0.007268,	349.933,	0.500
2.33140,	531.8017,	0.010777,	0.008018,	349.914,	0.500
2.33197,	531.6717,	0.010811,	0.007781,	349.903,	0.500
2.33254,	531.5418,	0.010796,	0.007430,	349.895,	0.500
2.33312,	531.4096,	0.010742,	0.007219,	349.889,	0.500
2.33369,	531.2798,	0.010667,	0.008113,	349.867,	0.500
2.33427,	531.1478,	0.010576,	0.007344,	349.859,	0.500
2.33484,	531.0182,	0.010479,	0.006674,	349.852,	0.500
2.33542,	530.8863,	0.010387,	0.007300,	349.842,	0.500
2.33603,	530.7477,	0.010297,	0.007634,	349.824,	0.500
2.33656,	530.6273,	0.010232,	0.006850,	349.816,	0.500
2.33710,	530.5047,	0.010192,	0.006562,	349.880,	0.500
2.33767,	530.3753,	0.010165,	0.007298,	350.105,	0.500
2.33825,	530.2437,	0.010144,	0.007858,	350.090,	0.500
2.33882,	530.1145,	0.010147,	0.007244,	350.079,	0.500
2.33940,	529.9831,	0.010152,	0.006863,	350.070,	0.500
2.33997,	529.8540,	0.010167,	0.007380,	350.061,	0.500
2.34055,	529.7227,	0.010170,	0.008061,	350.045,	0.500
2.34112,	529.5937,	0.010208,	0.007339,	350.034,	0.500
2.34170,	529.4625,	0.010227,	0.007335,	350.024,	0.500
2.34227,	529.3337,	0.010250,	0.006083,	350.017,	0.500
2.34288,	529.1959,	0.010256,	0.005534,	349.998,	0.500
2.34346,	529.0649,	0.010290,	0.007195,	349.988,	0.500
2.34403,	528.9363,	0.010313,	0.006803,	349.980,	0.500
2.34457,	528.8144,	0.010333,	0.006887,	349.973,	0.500
2.34510,	528.6949,	0.010338,	0.006527,	349.951,	0.500
2.34568,	528.5642,	0.010378,	0.006833,	349.943,	0.500
2.34625,	528.4358,	0.010393,	0.007565,	349.937,	0.500
2.34686,	528.2984,	0.010412,	0.007568,	349.925,	0.500
2.34744,	528.1679,	0.010417,	0.007460,	349.908,	0.500
2.34801,	528.0397,	0.010458,	0.006934,	349.900,	0.500
2.34859,	527.9093,	0.010475,	0.007150,	349.889,	0.500
2.34916,	527.7812,	0.010493,	0.006992,	349.880,	0.500
2.34974,	527.6509,	0.010503,	0.004263,	349.865,	0.500
2.35035,	527.5140,	0.010534,	0.007585,	349.854,	0.500
2.35092,	527.3861,	0.010556,	0.006684,	349.844,	0.500
2.35150,	527.2560,	0.010577,	0.007524,	349.836,	0.500
2.35207,	527.1282,	0.010596,	0.007789,	349.819,	0.500
2.35261,	527.0072,	0.010618,	0.006928,	349.808,	0.500
2.35314,	526.8885,	0.010642,	0.007326,	349.799,	0.500
2.35376,	526.7497,	0.010665,	0.008246,	349.793,	0.500
2.35433,	526.6222,	0.010688,	0.007973,	350.140,	0.500
2.35494,	526.4858,	0.010718,	0.007617,	350.145,	0.500
2.35552,	526.3562,	0.010744,	0.007850,	350.139,	0.500
2.35605,	526.2377,	0.010768,	0.007275,	350.129,	0.500
2.35663,	526.1082,	0.010792,	0.007318,	350.109,	0.500
2.35720,	525.9810,	0.010813,	0.006217,	350.103,	0.500
2.35782,	525.8427,	0.010846,	0.006251,	350.094,	0.500
2.35839,	525.7156,	0.010874,	0.007059,	350.081,	0.500
2.35896,	525.5886,	0.010902,	0.007001,	350.066,	0.500
2.35950,	525.4683,	0.010912,	0.007333,	350.060,	0.500
2.36007,	525.3414,	0.010957,	0.007380,	350.048,	0.500
2.36061,	525.2212,	0.010981,	0.007025,	350.039,	0.500
2.36118,	525.0944,	0.011007,	0.007499,	350.024,	0.500
2.36176,	524.9655,	0.011022,	0.007247,	350.013,	0.500
2.36237,	524.8299,	0.011064,	0.007186,	350.005,	0.500
2.36295,	524.7011,	0.011097,	0.007589,	349.996,	0.500
2.36352,	524.5745,	0.011119,	0.006801,	349.978,	0.500
2.36406,	524.4547,	0.011134,	0.007611,	349.967,	0.500
2.36463,	524.3283,	0.011175,	0.005999,	349.959,	0.500
2.36521,	524.1997,	0.011197,	0.006523,	349.953,	0.500
2.36582,	524.0646,	0.011224,	0.006842,	349.932,	0.500
2.36639,	523.9383,	0.011243,	0.001788,	349.923,	0.500
2.36697,	523.8100,	0.011277,	0.006923,	349.918,	0.500
2.36754,	523.6838,	0.011302,	0.006956,	349.904,	0.500
2.36808,	523.5644,	0.011327,	0.006768,	349.886,	0.500
2.36865,	523.4384,	0.011346,	0.006555,	349.881,	0.500
2.36923,	523.3103,	0.011376,	0.007356,	349.870,	0.500
2.36984,	523.1756,	0.011399,	0.006620,	349.859,	0.500
2.37041,	523.0498,	0.011419,	0.007830,	349.843,	0.500
2.37099,	522.9218,	0.011441,	0.006648,	349.833,	0.500
2.37156,	522.7962,	0.011463,	0.007285,	349.823,	0.500
2.37210,	522.6771,	0.011478,	0.007361,	349.813,	0.500
2.37267,	522.5516,	0.011499,	0.006169,	349.799,	0.500
2.37328,	522.4173,	0.011519,	0.007154,	349.788,	0.500
2.37386,	522.2896,	0.011536,	0.006641,	349.778,	0.500
2.37443,	522.1642,	0.011552,	0.006889,	349.772,	0.500
2.37501,	522.0367,	0.011567,	0.007184,	350.081,	0.500
2.37551,	521.9268,	0.011590,	0.006764,	350.090,	0.500
2.37608,	521.8016,	0.011609,	0.007124,	350.082,	0.500
2.37665,	521.6765,	0.011620,	0.007160,	350.075,	0.500
2.37727,	521.5404,	0.011633,	0.006790,	350.054,	0.500
2.37784,	521.4154,	0.011649,	0.006594,	350.046,	0.500
2.37842,	521.2883,	0.011667,	0.008278,	350.039,	0.500
2.37899,	521.1634,	0.011679,	0.007339,	350.028,	0.500
2.37953,	521.0451,	0.011688,	0.008044,	350.009,	0.500
2.38010,	520.9203,	0.011702,	0.007275,	350.002,	0.500
2.38071,	520.7868,	0.011716,	0.007361,	349.991,	0.500
2.38129,	520.6600,	0.011732,	0.006995,	349.981,	0.500
2.38186,	520.5354,	0.011749,	0.007240,	349.967,	0.500
2.38244,	520.4087,	0.011761,	0.007163,	349.956,	0.500
2.38297,	520.2929,	0.011784,	0.006452,	349.947,	0.500
2.38351,	520.1751,	0.011796,	0.007462,	349.938,	0.500
2.38408,	520.0507,	0.011813,	0.007316,	349.921,	0.500
2.38469,	519.9177,	0.011831,	0.007193,	349.911,	0.500
2.38527,	519.7912,	0.011861,	0.007242,	349.901,	0.500
2.38588,	519.6583,	0.011883,	0.007656,	349.896,	0.500
2.38642,	519.5408,	0.011904,	0.006253,	349.875,	0.500
2.38699,	519.4167,	0.011931,	0.006710,	349.866,	0.500
2.38757,	519.2905,	0.011956,	0.007673,	349.860,	0.500
2.38814,	519.1666,	0.011983,	0.007568,	349.851,	0.500
2.38875,	519.0340,	0.012008,	0.007587,	349.830,	0.500
2.38933,	518.9080,	0.012030,	0.008860,	349.823,	0.500
2.38990,	518.7842,	0.012078,	0.006852,	349.815,	0.500
2.39044,	518.6670,	0.012104,	0.007680,	349.804,	0.500
2.39097,	518.5521,	0.012135,	0.007430,	349.786,	0.500
2.39155,	518.4263,	0.012152,	0.006885,	349.778,	0.500
2.39216,	518.2941,	0.012202,	0.006577,	349.790,	0.500
2.39277,	518.1620,	0.012246,	0.007552,	350.104,	0.500
2.39335,	518.0364,	0.012282,	0.006587,	350.092,	0.500
2.39392,	517.9131,	0.012302,	0.007774,	350.080,	0.500
2.39450,	517.7876,	0.012354,	0.006870,	350.069,	0.500
2.39503,	517.6730,	0.012390,	0.007608,	350.062,	0.500
2.39561,	517.5477,	0.012425,	0.005939,	350.043,	0.500
2.39622,	517.4159,	0.012449,	0.008322,	350.033,	0.500
2.39679,	517.2929,	0.012499,	0.007223,	350.025,	0.500
2.39737,	517.1677,	0.012536,	0.007736,	350.020,	0.500
2.39794,	517.0448,	0.012576,	0.006038,	349.998,	0.500
2.39848,	516.9284,	0.012611,	0.002945,	349.988,	0.500
2.39905,	516.8056,	0.012652,	0.006228,	349.982,	0.500
2.39963,	516.6807,	0.012687,	0.007270,	349.972,	0.500
2.40024,	516.5494,	0.012720,	0.007167,	349.953,	0.500
2.40081,	516.4267,	0.012761,	0.006180,	349.947,	0.500
2.40139,	516.3020,	0.012793,	0.004334,	349.937,	0.500
2.40196,	516.1795,	0.012830,	0.006654,	349.926,	0.500
2.40250,	516.0635,	0.012867,	0.006943,	349.911,	0.500
2.40307,	515.9410,	0.012899,	0.006749,	349.901,	0.500
2.40369,	515.8080,	0.012926,	0.008520,	349.891,	0.500
2.40426,	515.6857,	0.012971,	0.007201,	349.881,	0.500
2.40484,	515.5613,	0.013004,	0.007331,	349.866,	0.500
2.40541,	515.4391,	0.013041,	0.007122,	349.856,	0.500
2.40595,	515.3234,	0.013073,	0.009280,	349.847,	0.500
2.40648,	515.2099,	0.013117,	0.006624,	349.838,	0.500
2.40709,	515.0794,	0.013148,	0.007475,	349.818,	0.500
2.40767,	514.9553,	0.013183,	0.007540,	349.809,	0.500
2.40828,	514.8249,	0.013207,	0.005963,	349.802,	0.500
2.40886,	514.7009,	0.013258,	0.007361,	349.795,	0.500
2.40943,	514.5791,	0.013291,	0.007652,	350.137,	0.500
2.40997,	514.4638,	0.013330,	0.006898,	350.150,	0.500
2.41054,	514.3422,	0.013353,	0.006454,	350.144,	0.500
2.41111,	514.2206,	0.013405,	0.006695,	350.132,	0.500
2.41173,	514.0884,	0.013439,	0.007824,	350.115,	0.500
2.41230,	513.9669,	0.013472,	0.008266,	350.110,	0.500
2.41284,	513.8519,	0.013491,	0.007740,	350.099,	0.500
2.41341,	513.7305,	0.013539,	0.007438,	350.089,	0.500
2.41395,	513.6156,	0.013569,	0.006641,	350.073,	0.500
2.41452,	513.4944,	0.013594,	0.006749,	350.063,	0.500
2.41510,	513.3711,	0.013618,	0.003024,	350.052,	0.500
2.41571,	513.2414,	0.013659,	0.006514,	350.044,	0.500
2.41628,	513.1204,	0.013686,	0.006284,	350.028,	0.500
2.41686,	512.9972,	0.013710,	0.006585,	350.017,	0.500
2.41743,	512.8763,	0.013742,	0.006335,	350.006,	0.500
2.41801,	512.7532,	0.013774,	0.007040,	350.002,	0.500
2.41854,	512.6409,	0.013793,	0.008434,	349.981,	0.500
2.41916,	512.5095,	0.013828,	0.006727,	349.971,	0.500
2.41973,	512.3888,	0.013864,	0.007225,	349.964,	0.500
2.42030,	512.2681,	0.013899,	0.006417,	349.957,	0.500
2.42084,	512.1538,	0.013931,	0.007975,	349.934,	0.500
