Lmd,  eV,  sig,    mon,    Ring,  sec
#lmd,   E,  HOYAX,  Y,  Smpl,  Det, AGC X, Y, Smpl, Det, pps
#4.37154,	283.6169,	2.001,	94.000,	82.900,	-0.259,	0.000,	-76.000,	0.000,	29.999,150

4.27237,	290.2002,	-0.000013,	23.955740,	350.117,	156.211
4.27348,	290.1248,	-0.000009,	24.502680,	350.104,	0.500
4.27463,	290.0467,	-0.000008,	25.093490,	350.092,	0.500
4.27582,	289.9660,	-0.000004,	25.612640,	350.081,	0.500
4.27701,	289.8853,	-0.000006,	26.126610,	350.075,	0.500
4.27816,	289.8074,	-0.000006,	26.614830,	350.057,	0.500
4.27930,	289.7302,	-0.000009,	27.037400,	350.045,	0.500
4.28049,	289.6497,	-0.000010,	27.474480,	350.039,	0.500
4.28164,	289.5719,	-0.000008,	27.884330,	350.032,	0.500
4.28275,	289.4968,	-0.000013,	28.204510,	350.012,	0.500
4.28390,	289.4191,	-0.000020,	28.555710,	350.004,	0.500
4.28509,	289.3387,	-0.000020,	28.883710,	349.998,	0.500
4.28620,	289.2638,	-0.000021,	29.184910,	349.986,	0.500
4.28735,	289.1862,	-0.000023,	29.472410,	349.967,	0.500
4.28853,	289.1066,	-0.000024,	29.745210,	349.961,	0.500
4.28964,	289.0318,	-0.000018,	30.032350,	349.951,	0.500
4.29079,	288.9544,	-0.000016,	30.251300,	349.939,	0.500
4.29194,	288.8769,	-0.000019,	30.474520,	349.926,	0.500
4.29313,	288.7969,	-0.000023,	30.718410,	349.916,	0.500
4.29424,	288.7222,	-0.000019,	30.923960,	349.904,	0.500
4.29542,	288.6429,	-0.000017,	31.153270,	349.896,	0.500
4.29661,	288.5629,	-0.000019,	31.381470,	349.880,	0.500
4.29772,	288.4884,	-0.000021,	31.625750,	349.867,	0.500
4.29887,	288.4112,	-0.000017,	31.878930,	349.859,	0.500
4.30002,	288.3341,	-0.000018,	32.088940,	349.852,	0.500
4.30117,	288.2570,	-0.000017,	32.310270,	349.831,	0.500
4.30228,	288.1826,	-0.000015,	32.569100,	349.822,	0.500
4.30347,	288.1030,	-0.000010,	32.804780,	349.815,	0.500
4.30465,	288.0240,	-0.000007,	33.018340,	349.808,	0.500
4.30572,	287.9524,	-0.000007,	33.189840,	350.111,	0.500
4.30687,	287.8755,	-0.000006,	33.372390,	350.106,	0.500
4.30806,	287.7960,	0.000001,	33.508670,	350.100,	0.500
4.30917,	287.7219,	0.000005,	33.567680,	350.088,	0.500
4.31032,	287.6451,	0.000005,	33.604780,	350.071,	0.500
4.31151,	287.5657,	0.000011,	33.637260,	350.065,	0.500
4.31266,	287.4890,	0.000018,	33.629860,	350.054,	0.500
4.31377,	287.4151,	0.000018,	33.622550,	350.043,	0.500
4.31491,	287.3391,	0.000019,	33.582340,	350.030,	0.500
4.31602,	287.2652,	0.000018,	33.489340,	350.020,	0.500
4.31713,	287.1914,	0.000025,	33.342960,	350.008,	0.500
4.31832,	287.1122,	0.000028,	33.111710,	350.001,	0.500
4.31955,	287.0305,	0.000027,	32.702310,	349.984,	0.500
4.32070,	286.9541,	0.000020,	32.168810,	349.971,	0.500
4.32181,	286.8804,	0.000023,	31.500800,	349.963,	0.500
4.32295,	286.8047,	0.000023,	30.665740,	349.958,	0.500
4.32407,	286.7304,	0.000022,	29.708050,	349.935,	0.500
4.32521,	286.6549,	0.000022,	28.631620,	349.927,	0.500
4.32640,	286.5760,	0.000029,	27.420890,	349.921,	0.500
4.32759,	286.4972,	0.000028,	26.110890,	349.911,	0.500
4.32870,	286.4237,	0.000029,	24.781460,	349.891,	0.500
4.32985,	286.3477,	0.000025,	23.456260,	349.885,	0.500
4.33100,	286.2716,	0.000030,	22.038840,	349.878,	0.500
4.33211,	286.1983,	0.000032,	20.731890,	349.863,	0.500
4.33325,	286.1230,	0.000031,	19.491970,	349.849,	0.500
4.33448,	286.0418,	0.000027,	18.273570,	349.841,	0.500
4.33563,	285.9659,	0.000032,	17.242830,	349.829,	0.500
4.33678,	285.8901,	0.000035,	16.373030,	349.819,	0.500
4.33796,	285.8123,	0.000036,	15.641350,	349.806,	0.500
4.33911,	285.7366,	0.000030,	15.118340,	349.792,	0.500
4.34022,	285.6635,	0.000037,	14.730480,	350.090,	0.500
4.34141,	285.5852,	0.000040,	14.465400,	350.120,	0.500
4.34260,	285.5069,	0.000039,	14.353050,	350.101,	0.500
4.34371,	285.4340,	0.000037,	14.362650,	350.091,	0.500
4.34482,	285.3611,	0.000040,	14.478520,	350.083,	0.500
4.34601,	285.2829,	0.000041,	14.776560,	350.078,	0.500
4.34715,	285.2081,	0.000042,	15.264900,	350.055,	0.500
4.34826,	285.1353,	0.000037,	15.952970,	350.049,	0.500
4.34945,	285.0573,	0.000043,	16.990630,	350.042,	0.500
4.35064,	284.9793,	0.000040,	18.225070,	350.032,	0.500
4.35175,	284.9066,	0.000038,	19.577530,	350.012,	0.500
4.35290,	284.8314,	0.000034,	21.135790,	350.006,	0.500
4.35405,	284.7561,	0.000037,	22.858390,	349.995,	0.500
4.35519,	284.6816,	0.000023,	24.601550,	349.984,	0.500
4.35634,	284.6064,	0.000034,	26.465180,	349.970,	0.500
4.35753,	284.5287,	0.000032,	28.444860,	349.960,	0.500
4.35868,	284.4537,	0.000036,	30.399340,	349.949,	0.500
4.35979,	284.3812,	0.000035,	32.299180,	349.940,	0.500
4.36094,	284.3062,	0.000029,	34.348180,	349.925,	0.500
4.36209,	284.2313,	0.000027,	36.233380,	349.912,	0.500
4.36320,	284.1590,	0.000027,	37.874400,	349.904,	0.500
4.36438,	284.0821,	0.000026,	39.635160,	349.897,	0.500
4.36557,	284.0047,	0.000027,	41.274100,	349.876,	0.500
4.36672,	283.9299,	0.000028,	42.650090,	349.867,	0.500
4.36783,	283.8578,	0.000026,	43.947730,	349.861,	0.500
4.36902,	283.7804,	0.000027,	45.196090,	349.854,	0.500
4.37013,	283.7084,	0.000024,	46.286090,	349.830,	0.500
4.37124,	283.6363,	0.000024,	47.308290,	349.823,	0.500
4.37243,	283.5591,	0.000023,	48.326940,	349.817,	0.500
4.37357,	283.4852,	0.000023,	49.299500,	349.804,	0.500
