X, Y, sig,    mon,    Ring,  sec
#lmd,   E,  HOYAX,  Y,  Smpl,  Det, AGC X, Y, Smpl, Det, pps
#13.50012,	91.8394,	-6.840,	38.844,	82.900,	167.431,	0.000,	-76.000,	0.000,	29.999,50

-6.840,	21.996,	0.025166,	-0.000743,	349.905,	26.760
-6.840,	22.046,	0.025093,	-0.001168,	349.892,	0.500
-6.840,	22.096,	0.024887,	-0.001029,	349.881,	0.500
-6.840,	22.144,	0.024495,	-0.000926,	349.875,	0.500
-6.840,	22.196,	0.024434,	-0.000873,	349.856,	0.500
-6.840,	22.246,	0.025751,	-0.000840,	349.845,	0.500
-6.840,	22.296,	0.025871,	-0.000817,	349.837,	0.500
-6.840,	22.346,	0.025043,	-0.000804,	349.829,	0.500
-6.840,	22.396,	0.024474,	-0.000789,	350.184,	0.500
-6.840,	22.444,	0.025371,	-0.000810,	350.177,	0.500
-6.840,	22.496,	0.025692,	-0.000776,	350.170,	0.500
-6.840,	22.546,	0.024878,	-0.000737,	350.160,	0.500
-6.840,	22.594,	0.025119,	-0.000727,	350.140,	0.500
-6.840,	22.646,	0.024477,	-0.000692,	350.133,	0.500
-6.840,	22.696,	0.024594,	-0.000633,	350.125,	0.500
-6.840,	22.746,	0.023842,	-0.000537,	350.113,	0.500
-6.840,	22.794,	0.023505,	-0.000442,	350.097,	0.500
-6.840,	22.846,	0.023061,	-0.000319,	350.090,	0.500
-6.840,	22.896,	0.022577,	-0.000159,	350.078,	0.500
-6.840,	22.946,	0.022073,	0.000028,	350.069,	0.500
-6.840,	22.996,	0.021687,	0.000223,	350.055,	0.500
-6.840,	23.044,	0.021361,	0.000515,	350.042,	0.500
-6.840,	23.096,	0.021819,	0.000851,	350.034,	0.500
-6.840,	23.146,	0.021578,	0.001258,	350.025,	0.500
-6.840,	23.196,	0.021336,	0.001743,	350.007,	0.500
-6.840,	23.246,	0.021173,	0.002240,	349.997,	0.500
-6.840,	23.296,	0.022108,	0.002875,	349.988,	0.500
-6.840,	23.344,	0.021433,	0.003556,	349.983,	0.500
-6.840,	23.396,	0.020861,	0.004333,	349.960,	0.500
-6.840,	23.444,	0.020845,	0.005201,	349.953,	0.500
-6.840,	23.496,	0.020393,	0.006131,	349.946,	0.500
-6.840,	23.546,	0.021466,	0.007136,	349.935,	0.500
-6.840,	23.594,	0.021443,	0.008225,	349.915,	0.500
-6.840,	23.646,	0.021507,	0.009376,	349.909,	0.500
-6.840,	23.696,	0.021106,	0.010622,	349.899,	0.500
-6.840,	23.746,	0.020828,	0.011866,	349.887,	0.500
-6.840,	23.796,	0.020815,	0.013187,	349.873,	0.500
-6.840,	23.846,	0.020718,	0.014516,	349.863,	0.500
-6.840,	23.896,	0.020621,	0.015839,	349.850,	0.500
-6.840,	23.946,	0.020884,	0.017181,	349.842,	0.500
-6.840,	23.994,	0.021198,	0.018519,	349.825,	0.500
-6.840,	24.046,	0.021572,	0.019835,	349.814,	0.500
-6.840,	24.094,	0.021874,	0.021077,	349.806,	0.500
-6.840,	24.146,	0.022112,	0.022133,	349.798,	0.500
-6.840,	24.196,	0.022330,	0.023256,	350.150,	0.500
-6.840,	24.244,	0.023263,	0.024292,	350.144,	0.500
-6.840,	24.296,	0.023079,	0.025260,	350.135,	0.500
-6.840,	24.346,	0.022755,	0.026076,	350.128,	0.500
-6.840,	24.396,	0.022862,	0.026789,	350.106,	0.500
-6.840,	24.444,	0.023117,	0.027430,	350.099,	0.500
-6.840,	24.496,	0.023189,	0.027970,	350.092,	0.500
-6.840,	24.546,	0.023242,	0.028441,	350.079,	0.500
-6.840,	24.596,	0.023063,	0.028843,	350.062,	0.500
-6.840,	24.644,	0.023218,	0.029212,	350.056,	0.500
-6.840,	24.696,	0.023336,	0.029458,	350.043,	0.500
-6.840,	24.746,	0.023467,	0.029679,	350.034,	0.500
-6.840,	24.796,	0.023567,	0.029870,	350.020,	0.500
-6.840,	24.844,	0.023437,	0.029986,	350.007,	0.500
-6.840,	24.894,	0.023547,	0.030109,	349.998,	0.500
-6.840,	24.946,	0.023551,	0.030149,	349.990,	0.500
-6.840,	24.996,	0.024463,	0.030180,	349.973,	0.500
-6.840,	25.046,	0.024153,	0.030218,	349.962,	0.500
-6.840,	25.096,	0.024010,	0.030214,	349.953,	0.500
-6.840,	25.146,	0.023564,	0.030231,	349.946,	0.500
-6.840,	25.196,	0.023540,	0.030236,	349.925,	0.500
-6.840,	25.244,	0.023589,	0.030254,	349.917,	0.500
-6.840,	25.294,	0.023570,	0.030239,	349.910,	0.500
-6.840,	25.344,	0.023624,	0.030212,	349.902,	0.500
-6.840,	25.394,	0.023387,	0.030157,	349.880,	0.500
-6.840,	25.444,	0.023440,	0.030138,	349.874,	0.500
-6.840,	25.496,	0.023565,	0.030104,	349.866,	0.500
-6.840,	25.544,	0.023826,	0.030042,	349.855,	0.500
-6.840,	25.594,	0.023890,	0.029991,	349.838,	0.500
-6.840,	25.644,	0.023781,	0.029935,	349.830,	0.500
-6.840,	25.694,	0.023766,	0.029890,	350.197,	0.500
-6.840,	25.744,	0.023683,	0.029887,	350.193,	0.500
-6.840,	25.794,	0.024081,	0.029848,	350.178,	0.500
-6.840,	25.844,	0.024028,	0.029769,	350.165,	0.500
-6.840,	25.894,	0.023933,	0.029700,	350.157,	0.500
-6.840,	25.944,	0.023875,	0.029650,	350.148,	0.500
-6.840,	25.996,	0.023875,	0.029607,	350.129,	0.500
-6.840,	26.044,	0.023772,	0.029565,	350.120,	0.500
-6.840,	26.096,	0.023885,	0.029538,	350.112,	0.500
-6.840,	26.146,	0.023958,	0.029476,	350.106,	0.500
-6.840,	26.196,	0.024004,	0.029414,	350.084,	0.500
-6.840,	26.246,	0.023998,	0.029397,	350.074,	0.500
-6.840,	26.296,	0.023929,	0.029371,	350.068,	0.500
-6.840,	26.346,	0.023912,	0.029304,	350.058,	0.500
-6.840,	26.394,	0.023900,	0.029283,	350.039,	0.500
-6.840,	26.446,	0.023693,	0.029255,	350.032,	0.500
-6.840,	26.496,	0.023790,	0.029215,	350.023,	0.500
-6.840,	26.546,	0.023905,	0.029215,	350.012,	0.500
-6.840,	26.596,	0.023984,	0.029164,	349.997,	0.500
-6.840,	26.644,	0.023116,	0.029177,	349.987,	0.500
-6.840,	26.696,	0.023424,	0.029152,	349.977,	0.500
-6.840,	26.746,	0.023708,	0.029140,	349.967,	0.500
-6.840,	26.796,	0.024032,	0.029115,	349.952,	0.500
-6.840,	26.846,	0.024200,	0.029126,	349.939,	0.500
-6.840,	26.896,	0.024216,	0.029134,	349.930,	0.500
-6.840,	26.944,	0.023969,	0.029165,	349.923,	0.500
-6.840,	26.996,	0.023637,	0.029155,	349.903,	0.500
-6.840,	27.044,	0.023700,	0.029180,	349.894,	0.500
-6.840,	27.094,	0.024103,	0.029211,	349.886,	0.500
-6.840,	27.144,	0.024190,	0.029231,	349.878,	0.500
-6.840,	27.194,	0.024174,	0.029259,	349.857,	0.500
-6.840,	27.246,	0.023966,	0.029281,	349.849,	0.500
-6.840,	27.296,	0.023744,	0.029327,	349.843,	0.500
-6.840,	27.346,	0.024008,	0.029364,	349.830,	0.500
-6.840,	27.394,	0.024150,	0.029412,	349.813,	0.500
-6.840,	27.446,	0.023995,	0.029456,	349.806,	0.500
-6.840,	27.496,	0.023959,	0.029560,	350.179,	0.500
-6.840,	27.544,	0.023605,	0.029606,	350.175,	0.500
-6.840,	27.594,	0.023613,	0.029685,	350.160,	0.500
-6.840,	27.644,	0.024141,	0.029714,	350.149,	0.500
-6.840,	27.694,	0.024368,	0.029787,	350.139,	0.500
-6.840,	27.744,	0.024332,	0.029832,	350.130,	0.500
-6.840,	27.796,	0.024161,	0.029888,	350.113,	0.500
-6.840,	27.846,	0.024028,	0.029959,	350.103,	0.500
-6.840,	27.896,	0.023623,	0.030044,	350.094,	0.500
-6.840,	27.946,	0.023567,	0.030128,	350.088,	0.500
-6.840,	27.996,	0.023757,	0.030197,	350.066,	0.500
-6.840,	28.046,	0.023945,	0.030278,	350.058,	0.500
-6.840,	28.094,	0.024188,	0.030353,	350.051,	0.500
-6.840,	28.144,	0.024346,	0.030429,	350.041,	0.500
-6.840,	28.196,	0.024380,	0.030504,	350.022,	0.500
-6.840,	28.246,	0.024349,	0.030580,	350.014,	0.500
-6.840,	28.294,	0.023991,	0.030621,	350.006,	0.500
-6.840,	28.344,	0.024080,	0.030695,	349.994,	0.500
-6.840,	28.394,	0.023848,	0.030734,	349.978,	0.500
-6.840,	28.446,	0.024014,	0.030795,	349.969,	0.500
-6.840,	28.496,	0.024099,	0.030859,	349.958,	0.500
-6.840,	28.546,	0.024139,	0.030922,	349.948,	0.500
-6.840,	28.596,	0.024173,	0.030967,	349.933,	0.500
-6.840,	28.644,	0.023656,	0.031027,	349.921,	0.500
-6.840,	28.694,	0.023971,	0.031084,	349.912,	0.500
-6.840,	28.746,	0.024055,	0.031140,	349.903,	0.500
-6.840,	28.796,	0.023651,	0.031181,	349.885,	0.500
-6.840,	28.846,	0.023926,	0.031232,	349.876,	0.500
-6.840,	28.896,	0.024078,	0.031263,	349.868,	0.500
-6.840,	28.946,	0.024306,	0.031286,	349.861,	0.500
-6.840,	28.996,	0.024368,	0.031268,	349.840,	0.500
-6.840,	29.046,	0.024242,	0.031319,	349.832,	0.500
-6.840,	29.096,	0.024313,	0.031351,	349.825,	0.500
-6.840,	29.146,	0.024232,	0.031427,	349.814,	0.500
-6.840,	29.196,	0.023702,	0.031380,	349.796,	0.500
-6.840,	29.246,	0.023746,	0.031400,	349.789,	0.500
-6.840,	29.296,	0.023996,	0.031442,	350.151,	0.500
-6.840,	29.346,	0.024240,	0.031459,	350.148,	0.500
-6.840,	29.396,	0.024395,	0.031432,	350.132,	0.500
-6.840,	29.446,	0.024743,	0.031484,	350.123,	0.500
-6.840,	29.496,	0.024502,	0.031473,	350.111,	0.500
-6.840,	29.546,	0.024330,	0.031458,	350.103,	0.500
-6.840,	29.594,	0.024206,	0.031389,	350.088,	0.500
-6.840,	29.644,	0.024108,	0.031442,	350.077,	0.500
-6.840,	29.694,	0.024185,	0.031419,	350.067,	0.500
-6.840,	29.744,	0.024588,	0.031405,	350.059,	0.500
-6.840,	29.796,	0.024080,	0.031364,	350.041,	0.500
-6.840,	29.846,	0.024057,	0.031361,	350.032,	0.500
-6.840,	29.896,	0.024241,	0.031345,	350.023,	0.500
-6.840,	29.946,	0.024386,	0.031318,	350.016,	0.500
-6.840,	29.994,	0.024545,	0.031252,	349.996,	0.500
-6.840,	30.046,	0.024592,	0.031258,	349.988,	0.500
-6.840,	30.096,	0.024240,	0.031202,	349.980,	0.500
-6.840,	30.146,	0.024192,	0.031203,	349.969,	0.500
-6.840,	30.194,	0.024316,	0.031119,	349.952,	0.500
-6.840,	30.244,	0.024330,	0.031121,	349.945,	0.500
-6.840,	30.296,	0.023862,	0.031106,	349.934,	0.500
-6.840,	30.346,	0.023945,	0.031066,	349.924,	0.500
-6.840,	30.396,	0.024190,	0.030996,	349.908,	0.500
-6.840,	30.446,	0.024371,	0.030969,	349.896,	0.500
-6.840,	30.494,	0.024418,	0.030924,	349.887,	0.500
-6.840,	30.544,	0.024515,	0.030893,	349.878,	0.500
-6.840,	30.594,	0.024076,	0.030833,	349.862,	0.500
-6.840,	30.644,	0.023988,	0.030831,	349.851,	0.500
-6.840,	30.696,	0.024092,	0.030796,	349.842,	0.500
-6.840,	30.746,	0.024408,	0.030780,	349.835,	0.500
-6.840,	30.794,	0.024692,	0.030721,	350.116,	0.500
-6.840,	30.846,	0.024749,	0.030684,	350.106,	0.500
-6.840,	30.896,	0.024653,	0.030631,	350.100,	0.500
-6.840,	30.946,	0.024614,	0.030605,	350.092,	0.500
-6.840,	30.996,	0.024467,	0.030562,	350.073,	0.500
-6.840,	31.046,	0.024330,	0.030544,	350.064,	0.500
-6.840,	31.096,	0.023964,	0.030526,	350.056,	0.500
-6.840,	31.146,	0.024394,	0.030491,	350.045,	0.500
-6.840,	31.194,	0.024686,	0.030460,	350.027,	0.500
-6.840,	31.246,	0.024544,	0.030424,	350.020,	0.500
-6.840,	31.294,	0.024450,	0.030381,	350.009,	0.500
-6.840,	31.344,	0.024627,	0.030365,	350.000,	0.500
-6.840,	31.394,	0.024317,	0.030320,	349.984,	0.500
-6.840,	31.444,	0.024039,	0.030323,	349.974,	0.500
-6.840,	31.494,	0.024260,	0.030289,	349.963,	0.500
-6.840,	31.546,	0.024483,	0.030277,	349.956,	0.500
-6.840,	31.596,	0.024554,	0.030212,	349.937,	0.500
-6.840,	31.646,	0.024548,	0.030181,	349.928,	0.500
-6.840,	31.694,	0.024621,	0.030188,	349.920,	0.500
-6.840,	31.744,	0.024576,	0.030172,	349.911,	0.500
-6.840,	31.796,	0.024402,	0.030184,	349.891,	0.500
-6.840,	31.846,	0.024506,	0.030185,	349.882,	0.500
-6.840,	31.896,	0.024481,	0.030163,	349.875,	0.500
-6.840,	31.944,	0.024435,	0.030149,	349.864,	0.500
-6.840,	31.994,	0.024423,	0.030143,	349.846,	0.500
-6.840,	32.044,	0.024313,	0.030100,	349.839,	0.500
-6.840,	32.096,	0.023998,	0.030110,	349.829,	0.500
-6.840,	32.146,	0.023916,	0.030094,	349.818,	0.500
-6.840,	32.196,	0.024362,	0.030120,	349.802,	0.500
-6.840,	32.246,	0.024864,	0.030125,	349.792,	0.500
-6.840,	32.294,	0.024811,	0.030130,	350.140,	0.500
-6.840,	32.344,	0.024569,	0.030128,	350.140,	0.500
-6.840,	32.394,	0.024274,	0.030178,	350.125,	0.500
-6.840,	32.444,	0.024086,	0.030184,	350.115,	0.500
-6.840,	32.496,	0.024622,	0.030222,	350.105,	0.500
-6.840,	32.546,	0.024695,	0.030245,	350.098,	0.500
-6.840,	32.594,	0.024734,	0.030260,	350.079,	0.500
-6.840,	32.646,	0.024696,	0.030289,	350.068,	0.500
-6.840,	32.696,	0.024510,	0.030324,	350.061,	0.500
-6.840,	32.746,	0.024614,	0.030378,	350.052,	0.500
-6.840,	32.794,	0.024763,	0.030428,	350.032,	0.500
-6.840,	32.846,	0.024932,	0.030457,	350.025,	0.500
-6.840,	32.896,	0.025144,	0.030559,	350.017,	0.500
-6.840,	32.946,	0.025299,	0.030633,	350.006,	0.500
-6.840,	32.994,	0.025371,	0.030722,	349.988,	0.500
-6.840,	33.046,	0.025759,	0.030786,	349.979,	0.500
-6.840,	33.094,	0.026018,	0.030872,	349.969,	0.500
-6.840,	33.144,	0.026226,	0.030953,	349.959,	0.500
-6.840,	33.194,	0.026307,	0.031031,	349.943,	0.500
-6.840,	33.244,	0.026509,	0.031082,	349.934,	0.500
-6.840,	33.294,	0.026229,	0.031171,	349.923,	0.500
-6.840,	33.346,	0.026357,	0.031233,	349.914,	0.500
-6.840,	33.396,	0.026800,	0.031262,	349.897,	0.500
-6.840,	33.446,	0.027165,	0.031313,	349.887,	0.500
-6.840,	33.494,	0.026769,	0.031342,	349.879,	0.500
-6.840,	33.544,	0.027126,	0.031336,	349.871,	0.500
-6.840,	33.596,	0.027709,	0.031274,	349.850,	0.500
-6.840,	33.646,	0.027441,	0.031211,	349.842,	0.500
-6.840,	33.696,	0.027933,	0.031122,	349.835,	0.500
-6.840,	33.744,	0.029009,	0.031000,	349.825,	0.500
-6.840,	33.794,	0.029307,	0.030859,	350.155,	0.500
-6.840,	33.846,	0.029195,	0.030705,	350.147,	0.500
-6.840,	33.896,	0.029781,	0.030557,	350.139,	0.500
-6.840,	33.944,	0.030344,	0.030294,	350.128,	0.500
-6.840,	33.994,	0.030060,	0.030037,	350.112,	0.500
-6.840,	34.044,	0.030075,	0.029763,	350.103,	0.500
-6.840,	34.094,	0.030644,	0.029489,	350.093,	0.500
-6.840,	34.144,	0.030964,	0.029205,	350.083,	0.500
-6.840,	34.194,	0.031097,	0.028966,	350.067,	0.500
-6.840,	34.246,	0.031037,	0.028716,	350.057,	0.500
-6.840,	34.296,	0.030730,	0.028490,	350.047,	0.500
-6.840,	34.346,	0.030476,	0.028251,	350.039,	0.500
-6.840,	34.396,	0.021164,	0.028097,	350.021,	0.500
-6.840,	34.446,	0.023475,	0.027980,	350.010,	0.500
-6.840,	34.496,	0.026454,	0.027922,	350.004,	0.500
-6.840,	34.546,	0.027449,	0.027874,	349.994,	0.500
-6.840,	34.596,	0.028320,	0.027916,	349.976,	0.500
-6.840,	34.646,	0.028325,	0.027985,	349.968,	0.500
-6.840,	34.694,	0.027350,	0.028118,	349.959,	0.500
-6.840,	34.746,	0.027691,	0.028296,	349.950,	0.500
-6.840,	34.796,	0.027695,	0.028466,	349.930,	0.500
-6.840,	34.846,	0.027071,	0.028681,	349.921,	0.500
-6.840,	34.896,	0.027067,	0.028884,	349.913,	0.500
-6.840,	34.946,	0.026927,	0.029152,	349.902,	0.500
-6.840,	34.994,	0.025761,	0.029391,	349.884,	0.500
-6.840,	35.044,	0.026123,	0.029626,	349.875,	0.500
-6.840,	35.094,	0.026229,	0.029852,	349.865,	0.500
-6.840,	35.144,	0.026184,	0.030082,	349.858,	0.500
-6.840,	35.196,	0.024930,	0.030241,	349.840,	0.500
-6.840,	35.246,	0.023905,	0.030363,	349.829,	0.500
-6.840,	35.296,	0.024426,	0.030523,	350.169,	0.500
-6.840,	35.346,	0.024690,	0.030667,	350.173,	0.500
-6.840,	35.394,	0.024148,	0.030742,	350.154,	0.500
-6.840,	35.444,	0.024202,	0.030843,	350.146,	0.500
-6.840,	35.494,	0.024344,	0.030920,	350.138,	0.500
-6.840,	35.546,	0.024471,	0.030936,	350.128,	0.500
-6.840,	35.594,	0.024472,	0.030963,	350.109,	0.500
-6.840,	35.644,	0.023816,	0.031008,	350.101,	0.500
-6.840,	35.694,	0.023848,	0.031039,	350.093,	0.500
-6.840,	35.746,	0.024188,	0.031033,	350.083,	0.500
-6.840,	35.794,	0.024213,	0.031048,	350.066,	0.500
-6.840,	35.844,	0.024181,	0.031088,	350.057,	0.500
-6.840,	35.894,	0.024226,	0.031113,	350.047,	0.500
-6.840,	35.946,	0.024235,	0.031120,	350.036,	0.500
-6.840,	35.994,	0.024219,	0.031136,	350.020,	0.500
-6.840,	36.046,	0.023472,	0.031053,	350.011,	0.510
-6.840,	36.096,	0.023359,	0.031184,	350.000,	0.500
-6.840,	36.144,	0.023728,	0.031196,	349.993,	0.490
-6.840,	36.194,	0.023964,	0.031200,	349.975,	0.500
-6.840,	36.246,	0.024091,	0.031235,	349.964,	0.500
-6.840,	36.296,	0.024100,	0.031246,	349.957,	0.500
-6.840,	36.346,	0.024198,	0.031267,	349.947,	0.500
-6.840,	36.394,	0.023872,	0.031301,	349.929,	0.500
-6.840,	36.446,	0.024092,	0.031296,	349.921,	0.500
-6.840,	36.496,	0.024302,	0.031302,	349.913,	0.500
-6.840,	36.544,	0.024375,	0.031315,	349.903,	0.500
-6.840,	36.594,	0.024218,	0.031328,	349.885,	0.500
-6.840,	36.644,	0.023617,	0.031331,	349.876,	0.500
-6.840,	36.694,	0.023817,	0.031377,	349.868,	0.500
-6.840,	36.744,	0.024166,	0.031383,	349.858,	0.500
-6.840,	36.794,	0.023992,	0.031382,	349.841,	0.500
-6.840,	36.844,	0.023559,	0.031365,	349.831,	0.500
-6.840,	36.894,	0.023773,	0.031387,	349.823,	0.500
-6.840,	36.946,	0.024171,	0.031406,	349.812,	0.500
-6.840,	36.996,	0.024409,	0.031382,	349.795,	0.500
-6.840,	37.046,	0.024278,	0.031393,	349.786,	0.500
-6.840,	37.094,	0.024291,	0.031436,	350.119,	0.500
-6.840,	37.144,	0.024089,	0.031457,	350.125,	0.500
-6.840,	37.196,	0.024269,	0.031447,	350.107,	0.500
-6.840,	37.246,	0.023821,	0.031498,	350.097,	0.500
-6.840,	37.296,	0.023846,	0.031478,	350.089,	0.500
-6.840,	37.344,	0.023765,	0.031476,	350.080,	0.500
-6.840,	37.394,	0.024116,	0.031497,	350.063,	0.500
-6.840,	37.446,	0.024296,	0.031499,	350.056,	0.510
-6.840,	37.496,	0.024265,	0.031533,	350.046,	0.490
-6.840,	37.544,	0.023652,	0.031543,	350.039,	0.500
-6.840,	37.594,	0.023743,	0.031512,	350.019,	0.500
-6.840,	37.646,	0.024015,	0.031437,	350.011,	0.500
-6.840,	37.696,	0.024124,	0.031520,	350.002,	0.500
-6.840,	37.744,	0.024239,	0.031525,	349.991,	0.500
-6.840,	37.796,	0.024143,	0.031516,	349.974,	0.500
-6.840,	37.846,	0.024260,	0.031485,	349.966,	0.500
-6.840,	37.894,	0.024084,	0.031543,	349.956,	0.500
-6.840,	37.946,	0.024124,	0.031541,	349.946,	0.500
-6.840,	37.994,	0.024097,	0.031565,	349.931,	0.500
-6.840,	38.044,	0.023928,	0.031484,	349.921,	0.500
-6.840,	38.096,	0.023743,	0.031517,	349.912,	0.500
-6.840,	38.146,	0.024028,	0.031519,	349.902,	0.500
-6.840,	38.194,	0.023764,	0.031537,	349.885,	0.500
-6.840,	38.246,	0.023693,	0.031495,	349.875,	0.500
-6.840,	38.296,	0.023898,	0.031529,	349.867,	0.500
-6.840,	38.344,	0.024012,	0.031535,	349.858,	0.500
-6.840,	38.394,	0.024176,	0.031541,	349.840,	0.500
-6.840,	38.444,	0.023660,	0.031471,	349.831,	0.500
-6.840,	38.494,	0.023715,	0.031514,	349.821,	0.500
-6.840,	38.544,	0.023795,	0.031539,	349.812,	0.500
-6.840,	38.594,	0.023906,	0.031531,	350.186,	0.500
-6.840,	38.644,	0.023830,	0.031508,	350.177,	0.500
-6.840,	38.694,	0.023905,	0.031542,	350.169,	0.500
-6.840,	38.746,	0.023947,	0.031567,	350.159,	0.500
-6.840,	38.794,	0.023850,	0.031562,	350.141,	0.500
-6.840,	38.844,	0.023806,	0.031523,	350.134,	0.500
-6.840,	38.894,	0.023766,	0.031528,	350.124,	0.500
-6.840,	38.944,	0.023893,	0.031523,	350.115,	0.500
-6.840,	38.996,	0.023978,	0.031490,	350.098,	0.500
-6.840,	39.046,	0.024079,	0.031519,	350.087,	0.500
-6.840,	39.096,	0.024137,	0.031503,	350.079,	0.500
-6.840,	39.144,	0.024197,	0.031517,	350.069,	0.500
-6.840,	39.194,	0.024285,	0.031492,	350.052,	0.500
-6.840,	39.246,	0.024281,	0.031453,	350.044,	0.500
-6.840,	39.296,	0.024252,	0.031459,	350.033,	0.500
-6.840,	39.344,	0.024072,	0.031473,	350.026,	0.500
-6.840,	39.394,	0.023731,	0.031439,	350.005,	0.500
-6.840,	39.446,	0.023787,	0.031462,	349.998,	0.500
-6.840,	39.496,	0.023896,	0.031450,	349.989,	0.500
-6.840,	39.544,	0.024064,	0.031443,	349.980,	0.500
-6.840,	39.596,	0.024146,	0.031397,	349.961,	0.500
-6.840,	39.646,	0.024143,	0.031408,	349.952,	0.500
-6.840,	39.694,	0.024096,	0.031386,	349.943,	0.500
-6.840,	39.746,	0.024088,	0.031358,	349.933,	0.500
-6.840,	39.794,	0.023680,	0.031352,	349.914,	0.500
-6.840,	39.850,	0.023885,	0.031308,	349.906,	0.550
-6.840,	39.898,	0.023966,	0.031346,	349.896,	0.490
-6.840,	39.950,	0.023911,	0.031340,	349.887,	0.500
-6.840,	39.998,	0.023967,	0.031308,	349.870,	0.500
-6.840,	40.048,	0.023633,	0.031292,	349.860,	0.490
-6.840,	40.098,	0.023701,	0.031288,	349.851,	0.490
-6.840,	40.146,	0.023886,	0.031271,	349.841,	0.500
-6.840,	40.196,	0.024027,	0.031244,	349.824,	0.490
-6.840,	40.246,	0.023488,	0.031237,	349.815,	0.490
-6.840,	40.294,	0.023702,	0.031189,	349.804,	0.500
-6.840,	40.344,	0.023814,	0.031189,	349.797,	0.500
-6.840,	40.396,	0.023925,	0.031187,	350.152,	0.500
-6.840,	40.444,	0.023991,	0.031201,	350.143,	0.500
-6.840,	40.494,	0.023988,	0.031184,	350.135,	0.500
-6.840,	40.546,	0.023689,	0.031171,	350.126,	0.500
-6.840,	40.596,	0.023613,	0.031137,	350.107,	0.500
-6.840,	40.644,	0.023761,	0.031137,	350.098,	0.500
-6.840,	40.696,	0.023972,	0.031137,	350.089,	0.500
-6.840,	40.746,	0.024073,	0.031100,	350.080,	0.500
-6.840,	40.794,	0.024121,	0.031109,	350.063,	0.500
-6.840,	40.844,	0.024164,	0.031051,	350.053,	0.500
-6.840,	40.896,	0.024126,	0.031063,	350.044,	0.500
-6.840,	40.946,	0.023265,	0.031067,	350.035,	0.500
-6.840,	40.996,	0.023544,	0.031046,	350.017,	0.500
-6.840,	41.044,	0.023645,	0.031020,	350.009,	0.500
-6.840,	41.094,	0.023742,	0.030957,	349.999,	0.500
-6.840,	41.144,	0.023892,	0.030986,	349.991,	0.500
-6.840,	41.194,	0.023987,	0.030984,	349.973,	0.500
-6.840,	41.246,	0.024012,	0.030939,	349.964,	0.500
-6.840,	41.296,	0.023562,	0.030946,	349.954,	0.510
-6.840,	41.344,	0.023825,	0.030924,	349.946,	0.490
-6.840,	41.396,	0.024000,	0.030900,	349.928,	0.500
-6.840,	41.444,	0.024031,	0.030874,	349.917,	0.500
-6.840,	41.494,	0.023877,	0.030857,	349.911,	0.510
-6.840,	41.544,	0.023567,	0.030845,	349.900,	0.490
-6.840,	41.594,	0.023679,	0.030840,	349.881,	0.500
-6.840,	41.644,	0.023791,	0.030796,	349.874,	0.500
-6.840,	41.698,	0.023456,	0.030760,	349.865,	0.520
-6.840,	41.746,	0.023579,	0.030796,	349.856,	0.500
-6.840,	41.796,	0.023847,	0.030779,	349.839,	0.500
-6.840,	41.846,	0.023914,	0.030765,	349.828,	0.490
-6.840,	41.896,	0.024007,	0.030721,	350.151,	0.500
-6.840,	41.944,	0.023982,	0.030729,	350.151,	0.490
-6.840,	41.994,	0.023961,	0.030713,	350.135,	0.500
-6.840,	42.046,	0.023846,	0.030711,	350.126,	0.500
-6.840,	42.094,	0.023778,	0.030685,	350.118,	0.500
-6.840,	42.144,	0.023699,	0.030674,	350.110,	0.500
-6.840,	42.194,	0.023516,	0.030663,	350.093,	0.500
-6.840,	42.244,	0.023258,	0.030654,	350.082,	0.500
-6.840,	42.294,	0.023703,	0.030631,	350.075,	0.500
-6.840,	42.344,	0.023885,	0.030616,	350.065,	0.500
-6.840,	42.396,	0.023742,	0.030589,	350.047,	0.500
-6.840,	42.444,	0.023766,	0.030559,	350.038,	0.500
-6.840,	42.494,	0.023497,	0.030549,	350.030,	0.500
-6.840,	42.546,	0.023710,	0.030548,	350.020,	0.500
-6.840,	42.596,	0.023849,	0.030512,	350.001,	0.500
-6.840,	42.644,	0.023900,	0.030527,	349.992,	0.500
-6.840,	42.694,	0.023020,	0.030482,	349.983,	0.500
-6.840,	42.744,	0.023709,	0.030502,	349.973,	0.500
-6.840,	42.796,	0.023899,	0.030488,	349.956,	0.500
-6.840,	42.844,	0.023882,	0.030488,	349.946,	0.500
-6.840,	42.894,	0.023752,	0.030466,	349.938,	0.510
-6.840,	42.944,	0.023406,	0.030459,	349.928,	0.490
-6.840,	42.994,	0.023722,	0.030455,	349.911,	0.500
-6.840,	43.044,	0.023936,	0.030449,	349.902,	0.500
-6.840,	43.096,	0.023914,	0.030397,	349.890,	0.500
-6.840,	43.146,	0.023898,	0.030414,	349.884,	0.500
-6.840,	43.196,	0.023771,	0.030415,	349.866,	0.500
-6.840,	43.244,	0.023770,	0.030406,	349.854,	0.500
-6.840,	43.294,	0.023449,	0.030349,	349.846,	0.500
-6.840,	43.344,	0.023612,	0.030328,	349.838,	0.500
-6.840,	43.394,	0.023884,	0.030273,	350.196,	0.500
-6.840,	43.444,	0.023905,	0.030288,	350.191,	0.500
-6.840,	43.494,	0.023768,	0.030210,	350.183,	0.500
-6.840,	43.544,	0.023908,	0.030159,	350.174,	0.500
-6.840,	43.594,	0.024020,	0.030057,	350.156,	0.500
-6.840,	43.644,	0.023907,	0.029910,	350.149,	0.500
-6.840,	43.694,	0.023795,	0.029724,	350.139,	0.500
-6.840,	43.744,	0.023603,	0.029515,	350.129,	0.500
-6.840,	43.794,	0.022875,	0.029308,	350.114,	0.500
-6.840,	43.844,	0.023256,	0.029020,	350.103,	0.500
-6.840,	43.894,	0.023300,	0.028650,	350.093,	0.500
-6.840,	43.946,	0.023221,	0.028275,	350.085,	0.500
-6.840,	43.996,	0.023191,	0.027773,	350.067,	0.500
