Lmd,  eV,  sig,    mon,    Ring,  sec
#lmd,   E,  HOYAX,  Y,  Smpl,  Det, AGC X, Y, Smpl, Det, pps
#3.27125,	379.0118,	-6.840,	34.530,	82.900,	30.000,	0.000,	-76.000,	0.000,	29.999,100

2.77000,	447.5965,	0.024178,	0.000954,	349.992,	57.110
2.77069,	447.4851,	0.024189,	0.006906,	349.974,	0.500
2.77146,	447.3608,	0.024210,	0.008350,	349.966,	0.500
2.77226,	447.2317,	0.024232,	0.007100,	349.955,	0.500
2.77303,	447.1075,	0.024244,	0.008184,	349.946,	0.500
2.77379,	446.9850,	0.024275,	0.006232,	349.930,	0.500
2.77456,	446.8609,	0.024305,	0.007488,	349.919,	0.500
2.77533,	446.7369,	0.024327,	0.006995,	349.909,	0.500
2.77613,	446.6082,	0.024334,	0.006452,	349.903,	0.500
2.77686,	446.4908,	0.024370,	0.006531,	349.883,	0.500
2.77762,	446.3686,	0.024390,	0.007845,	349.874,	0.500
2.77835,	446.2514,	0.024407,	0.006445,	349.865,	0.500
2.77915,	446.1229,	0.024424,	0.006187,	349.858,	0.500
2.77996,	445.9929,	0.024445,	0.006249,	349.837,	0.500
2.78072,	445.8710,	0.024469,	0.007641,	349.830,	0.500
2.78145,	445.7540,	0.024485,	0.006458,	349.821,	0.500
2.78222,	445.6306,	0.024500,	0.006807,	349.812,	0.500
2.78298,	445.5089,	0.024526,	0.007180,	349.790,	0.500
2.78375,	445.3857,	0.024550,	0.006669,	349.782,	0.500
2.78452,	445.2625,	0.024568,	0.008126,	349.777,	0.500
2.78524,	445.1474,	0.024593,	0.006368,	350.079,	0.500
2.78601,	445.0244,	0.024618,	0.008175,	350.068,	0.500
2.78681,	444.8967,	0.024652,	0.007636,	350.058,	0.500
2.78762,	444.7674,	0.024674,	0.007673,	350.048,	0.500
2.78838,	444.6462,	0.024689,	0.006338,	350.040,	0.500
2.78911,	444.5298,	0.024708,	0.005956,	350.023,	0.500
2.78988,	444.4071,	0.024735,	0.007496,	350.014,	0.500
2.79064,	444.2861,	0.024750,	0.007809,	350.005,	0.500
2.79145,	444.1571,	0.024750,	0.008959,	349.996,	0.500
2.79217,	444.0426,	0.024770,	0.006004,	349.977,	0.500
2.79294,	443.9202,	0.024814,	0.007686,	349.968,	0.500
2.79367,	443.8042,	0.024834,	0.007626,	349.960,	0.500
2.79447,	443.6771,	0.024835,	0.005491,	349.952,	0.500
2.79527,	443.5502,	0.024855,	0.005816,	349.932,	0.500
2.79604,	443.4280,	0.024881,	0.007135,	349.923,	0.500
2.79677,	443.3123,	0.024898,	0.005657,	349.916,	0.500
2.79750,	443.1966,	0.024920,	0.006161,	349.905,	0.500
2.79830,	443.0699,	0.024928,	0.007079,	349.887,	0.500
2.79907,	442.9480,	0.024955,	0.006434,	349.880,	0.500
2.79983,	442.8278,	0.024976,	0.006867,	349.870,	0.500
2.80056,	442.7123,	0.024990,	0.006262,	349.859,	0.500
2.80132,	442.5922,	0.024999,	0.006895,	349.844,	0.500
2.80209,	442.4706,	0.025021,	0.006719,	349.835,	0.500
2.80289,	442.3443,	0.025035,	0.006419,	349.823,	0.500
2.80366,	442.2228,	0.025052,	0.007350,	349.815,	0.500
2.80443,	442.1014,	0.025065,	0.008864,	349.798,	0.500
2.80515,	441.9879,	0.025091,	0.006779,	349.788,	0.500
2.80596,	441.8603,	0.025106,	0.005786,	349.779,	0.500
2.80676,	441.7344,	0.025116,	0.006292,	349.772,	0.500
2.80749,	441.6195,	0.025126,	0.004076,	350.100,	0.500
2.80825,	441.5000,	0.025170,	0.005961,	350.129,	0.500
2.80898,	441.3853,	0.025192,	0.006527,	350.122,	0.500
2.80979,	441.2580,	0.025207,	0.007352,	350.113,	0.500
2.81059,	441.1324,	0.025226,	0.006495,	350.095,	0.500
2.81136,	441.0116,	0.025243,	0.006622,	350.087,	0.500
2.81208,	440.8987,	0.025264,	0.007169,	350.079,	0.500
2.81285,	440.7780,	0.025277,	0.007066,	350.068,	0.500
2.81362,	440.6574,	0.025293,	0.007313,	350.051,	0.500
2.81438,	440.5384,	0.025303,	0.006775,	350.043,	0.500
2.81515,	440.4179,	0.025320,	0.006982,	350.033,	0.500
2.81587,	440.3053,	0.025333,	0.006874,	350.023,	0.500
2.81664,	440.1849,	0.025349,	0.007053,	350.007,	0.500
2.81741,	440.0646,	0.025364,	0.007191,	349.997,	0.500
2.81821,	439.9397,	0.025379,	0.007923,	349.987,	0.500
2.81898,	439.8195,	0.025400,	0.007335,	349.979,	0.500
2.81974,	439.7010,	0.025417,	0.006928,	349.962,	0.500
2.82047,	439.5872,	0.025430,	0.006630,	349.951,	0.500
2.82123,	439.4688,	0.025441,	0.006725,	349.942,	0.500
2.82204,	439.3426,	0.025452,	0.007471,	349.935,	0.500
2.82277,	439.2290,	0.025466,	0.007826,	349.915,	0.500
2.82353,	439.1108,	0.025481,	0.006880,	349.906,	0.500
2.82430,	438.9911,	0.025490,	0.006719,	349.899,	0.500
2.82506,	438.8730,	0.025501,	0.006579,	349.890,	0.500
2.82587,	438.7472,	0.025513,	0.007126,	349.872,	0.500
2.82663,	438.6292,	0.025538,	0.006469,	349.862,	0.500
2.82740,	438.5097,	0.025552,	0.007852,	349.854,	0.500
2.82813,	438.3966,	0.025564,	0.006643,	349.843,	0.500
2.82893,	438.2726,	0.025576,	0.007772,	349.826,	0.500
2.82970,	438.1533,	0.025594,	0.006811,	349.817,	0.500
2.83046,	438.0357,	0.025610,	0.006251,	349.816,	0.500
2.83119,	437.9227,	0.025637,	0.006001,	350.132,	0.500
2.83196,	437.8037,	0.025655,	0.006934,	350.118,	0.500
2.83276,	437.6800,	0.025670,	0.007059,	350.108,	0.500
2.83356,	437.5564,	0.025688,	0.006525,	350.099,	0.500
2.83433,	437.4376,	0.025707,	0.007126,	350.091,	0.500
2.83510,	437.3188,	0.025719,	0.008136,	350.071,	0.500
2.83582,	437.2077,	0.025732,	0.007001,	350.064,	0.500
2.83659,	437.0891,	0.025745,	0.006538,	350.054,	0.500
2.83735,	436.9720,	0.025761,	0.006620,	350.046,	0.500
2.83812,	436.8534,	0.025777,	0.007322,	350.026,	0.500
2.83885,	436.7411,	0.025794,	0.007447,	350.019,	0.500
2.83961,	436.6242,	0.025810,	0.006092,	350.010,	0.500
2.84042,	436.4997,	0.025826,	0.007430,	350.000,	0.500
2.84122,	436.3768,	0.025845,	0.006493,	349.981,	0.500
2.84199,	436.2586,	0.025859,	0.006303,	349.973,	0.500
2.84272,	436.1465,	0.025874,	0.005674,	349.965,	0.500
2.84348,	436.0299,	0.025889,	0.007339,	349.954,	0.500
2.84425,	435.9119,	0.025907,	0.006178,	349.938,	0.500
2.84505,	435.7893,	0.025923,	0.006874,	349.930,	0.500
2.84582,	435.6714,	0.025946,	0.007456,	349.918,	0.500
2.84654,	435.5612,	0.025962,	0.007544,	349.909,	0.500
2.84731,	435.4434,	0.025977,	0.006376,	349.893,	0.500
2.84808,	435.3257,	0.025995,	0.006450,	349.882,	0.500
2.84888,	435.2035,	0.026018,	0.007113,	349.874,	0.500
2.84965,	435.0859,	0.026031,	0.006663,	349.865,	0.500
2.85037,	434.9760,	0.026049,	0.007751,	349.847,	0.500
2.85114,	434.8585,	0.026066,	0.006105,	349.838,	0.500
2.85190,	434.7426,	0.026091,	0.007303,	349.829,	0.500
2.85271,	434.6192,	0.026110,	0.006760,	349.821,	0.500
2.85344,	434.5080,	0.026134,	0.005799,	350.164,	0.500
2.85416,	434.3984,	0.026171,	0.006857,	350.181,	0.500
2.85493,	434.2812,	0.026198,	0.007109,	350.174,	0.500
2.85573,	434.1595,	0.026218,	0.007102,	350.164,	0.500
2.85654,	434.0364,	0.026248,	0.006129,	350.148,	0.500
2.85730,	433.9210,	0.026269,	0.006829,	350.138,	0.500
2.85803,	433.8102,	0.026294,	0.007283,	350.128,	0.500
2.85880,	433.6933,	0.026315,	0.007117,	350.118,	0.500
2.85956,	433.5780,	0.026335,	0.006941,	350.102,	0.500
2.86033,	433.4613,	0.026361,	0.006275,	350.093,	0.500
2.86109,	433.3462,	0.026386,	0.006911,	350.082,	0.500
2.86186,	433.2296,	0.026407,	0.006788,	350.075,	0.500
2.86263,	433.1131,	0.026427,	0.007542,	350.057,	0.500
2.86343,	432.9921,	0.026453,	0.007264,	350.047,	0.500
2.86420,	432.8757,	0.026479,	0.006792,	350.039,	0.500
2.86500,	432.7548,	0.026502,	0.006867,	350.030,	0.500
2.86573,	432.6445,	0.026524,	0.005388,	350.010,	0.500
2.86649,	432.5298,	0.026547,	0.006611,	350.003,	0.500
2.86726,	432.4137,	0.026572,	0.006579,	349.994,	0.500
2.86802,	432.2991,	0.026597,	0.006577,	349.986,	0.500
2.86879,	432.1831,	0.026623,	0.007608,	349.967,	0.500
2.86952,	432.0731,	0.026649,	0.006895,	349.958,	0.500
2.87028,	431.9587,	0.026672,	0.007738,	349.949,	0.500
2.87105,	431.8429,	0.026703,	0.007003,	349.938,	0.500
2.87185,	431.7226,	0.026725,	0.006777,	349.922,	0.500
2.87262,	431.6068,	0.026745,	0.006073,	349.913,	0.500
2.87335,	431.4972,	0.026769,	0.008384,	349.903,	0.500
2.87411,	431.3831,	0.026796,	0.006609,	349.894,	0.500
2.87488,	431.2675,	0.026819,	0.007975,	349.876,	0.500
2.87568,	431.1476,	0.026848,	0.006490,	349.867,	0.500
2.87645,	431.0322,	0.026868,	0.007415,	349.858,	0.500
2.87718,	430.9228,	0.026896,	0.006652,	349.849,	0.500
2.87794,	430.8090,	0.026915,	0.006995,	349.831,	0.500
2.87875,	430.6878,	0.026936,	0.007716,	349.821,	0.500
2.87955,	430.5681,	0.026957,	0.007529,	349.812,	0.500
2.88032,	430.4530,	0.026978,	0.007535,	349.804,	0.500
2.88104,	430.3454,	0.026999,	0.007684,	350.127,	0.500
2.88181,	430.2305,	0.027037,	0.006990,	350.137,	0.500
2.88257,	430.1170,	0.027072,	0.007014,	350.129,	0.500
2.88338,	429.9962,	0.027096,	0.007199,	350.121,	0.500
2.88411,	429.8874,	0.027112,	0.006169,	350.103,	0.500
2.88487,	429.7741,	0.027131,	0.007182,	350.094,	0.500
2.88564,	429.6594,	0.027147,	0.005978,	350.085,	0.500
2.88640,	429.5463,	0.027166,	0.006822,	350.075,	0.500
2.88721,	429.4258,	0.027180,	0.007938,	350.058,	0.500
2.88797,	429.3128,	0.027206,	0.006396,	350.049,	0.500
2.88870,	429.2043,	0.027220,	0.007445,	350.039,	0.500
2.88947,	429.0899,	0.027233,	0.007305,	350.030,	0.500
2.89023,	428.9771,	0.027236,	0.007100,	350.013,	0.500
2.89100,	428.8628,	0.027260,	0.007066,	350.003,	0.500
2.89176,	428.7501,	0.027271,	0.006452,	349.993,	0.500
2.89249,	428.6419,	0.027282,	0.006680,	349.985,	0.500
2.89330,	428.5219,	0.027279,	0.007260,	349.967,	0.500
2.89406,	428.4094,	0.027303,	0.006926,	349.959,	0.500
2.89487,	428.2895,	0.027314,	0.007059,	349.948,	0.500
2.89563,	428.1771,	0.027328,	0.008737,	349.941,	0.500
2.89636,	428.0692,	0.027328,	0.007204,	349.922,	0.500
2.89713,	427.9554,	0.027344,	0.006768,	349.914,	0.500
2.89789,	427.8432,	0.027352,	0.006611,	349.906,	0.500
2.89866,	427.7295,	0.027352,	0.006872,	349.896,	0.500
2.89942,	427.6174,	0.027345,	0.007145,	349.878,	0.500
2.90015,	427.5098,	0.027354,	0.008104,	349.870,	0.500
2.90092,	427.3963,	0.027349,	0.006605,	349.861,	0.500
2.90172,	427.2785,	0.027346,	0.006863,	349.851,	0.500
2.90252,	427.1607,	0.027329,	0.006932,	349.834,	0.500
2.90329,	427.0474,	0.027317,	0.007796,	349.826,	0.500
2.90402,	426.9400,	0.027319,	0.006368,	349.855,	0.500
2.90478,	426.8283,	0.027330,	0.007682,	350.142,	0.500
2.90555,	426.7152,	0.027334,	0.006740,	350.128,	0.500
2.90631,	426.6036,	0.027340,	0.006771,	350.118,	0.500
2.90708,	426.4907,	0.027342,	0.006350,	350.109,	0.500
2.90781,	426.3836,	0.027327,	0.007468,	350.100,	0.500
2.90857,	426.2722,	0.027316,	0.008421,	350.081,	0.500
2.90938,	426.1535,	0.027308,	0.006650,	350.074,	0.500
2.91018,	426.0363,	0.027303,	0.006876,	350.063,	0.500
2.91095,	425.9236,	0.027292,	0.006542,	350.055,	0.500
2.91168,	425.8169,	0.027277,	0.006538,	350.037,	0.500
2.91244,	425.7057,	0.027268,	0.006734,	350.027,	0.500
2.91321,	425.5932,	0.027269,	0.007031,	350.021,	0.500
2.91401,	425.4764,	0.027257,	0.007023,	350.011,	0.500
2.91478,	425.3640,	0.027240,	0.002914,	349.994,	0.500
2.91550,	425.2589,	0.027229,	0.005747,	349.986,	0.500
2.91627,	425.1467,	0.027230,	0.006223,	349.975,	0.500
2.91707,	425.0301,	0.027210,	0.006992,	349.967,	0.500
2.91784,	424.9179,	0.027194,	0.006693,	349.949,	0.500
2.91861,	424.8058,	0.027165,	0.006053,	349.940,	0.500
2.91937,	424.6952,	0.027159,	0.007417,	349.931,	0.500
2.92010,	424.5890,	0.027145,	0.006790,	349.922,	0.500
2.92086,	424.4786,	0.027133,	0.007684,	349.905,	0.500
2.92167,	424.3609,	0.027113,	0.008166,	349.894,	0.500
2.92243,	424.2505,	0.027105,	0.006975,	349.885,	0.500
2.92316,	424.1446,	0.027097,	0.007503,	349.876,	0.500
2.92393,	424.0329,	0.027093,	0.007156,	349.858,	0.500
2.92473,	423.9169,	0.027080,	0.004931,	349.849,	0.500
2.92550,	423.8053,	0.027076,	0.008177,	349.839,	0.500
2.92630,	423.6895,	0.027063,	0.006544,	349.831,	0.500
2.92703,	423.5838,	0.027054,	0.007124,	350.155,	0.500
2.92776,	423.4782,	0.027054,	0.006962,	350.164,	0.500
2.92852,	423.3683,	0.027056,	0.006964,	350.157,	0.500
2.92929,	423.2570,	0.027054,	0.007643,	350.146,	0.500
2.93005,	423.1472,	0.027049,	0.006221,	350.128,	0.500
2.93078,	423.0418,	0.027044,	0.007029,	350.121,	0.500
2.93155,	422.9307,	0.027048,	0.006926,	350.109,	0.500
2.93235,	422.8153,	0.027046,	0.007540,	350.101,	0.500
2.93316,	422.6985,	0.027045,	0.006090,	350.085,	0.500
2.93392,	422.5890,	0.027044,	0.007481,	350.075,	0.500
2.93465,	422.4839,	0.027053,	0.006837,	350.066,	0.500
2.93541,	422.3745,	0.027060,	0.007079,	350.056,	0.500
2.93618,	422.2638,	0.027066,	0.006680,	350.040,	0.500
2.93698,	422.1488,	0.027074,	0.006732,	350.030,	0.500
2.93771,	422.0439,	0.027080,	0.007496,	350.021,	0.500
2.93848,	421.9333,	0.027075,	0.006120,	350.012,	0.500
2.93924,	421.8242,	0.027100,	0.007602,	349.994,	0.500
2.94005,	421.7079,	0.027125,	0.006721,	349.984,	0.500
2.94085,	421.5932,	0.027150,	0.006587,	349.976,	0.500
2.94162,	421.4829,	0.027173,	0.007240,	349.968,	0.500
2.94235,	421.3783,	0.027201,	0.006409,	349.948,	0.500
2.94307,	421.2752,	0.027226,	0.006939,	349.939,	0.500
2.94384,	421.1650,	0.027251,	0.005941,	349.932,	0.500
2.94464,	421.0506,	0.027281,	0.006915,	349.921,	0.500
2.94541,	420.9405,	0.027318,	0.006331,	349.904,	0.500
2.94614,	420.8362,	0.027353,	0.007178,	349.896,	0.500
2.94690,	420.7277,	0.027396,	0.006753,	349.887,	0.500
2.94771,	420.6121,	0.027442,	0.006165,	349.877,	0.500
2.94851,	420.4980,	0.027485,	0.007367,	349.862,	0.500
2.94928,	420.3882,	0.027541,	0.007223,	349.850,	0.500
2.95000,	420.2856,	0.027594,	0.006781,	349.841,	0.500
2.95077,	420.1759,	0.027648,	0.007348,	349.831,	0.500
2.95153,	420.0677,	0.027701,	0.007490,	349.814,	0.500
2.95230,	419.9581,	0.027769,	0.007412,	349.805,	0.500
2.95307,	419.8486,	0.027837,	0.007639,	349.795,	0.500
2.95383,	419.7406,	0.027903,	0.007311,	349.790,	0.500
2.95460,	419.6312,	0.027969,	0.007141,	350.126,	0.500
2.95536,	419.5233,	0.028054,	0.007197,	350.136,	0.500
2.95617,	419.4084,	0.028137,	0.007139,	350.129,	0.500
2.95693,	419.3006,	0.028211,	0.007492,	350.120,	0.500
2.95770,	419.1914,	0.028291,	0.006999,	350.101,	0.500
2.95843,	419.0880,	0.028367,	0.007033,	350.093,	0.500
2.95919,	418.9803,	0.028435,	0.007891,	350.084,	0.500
2.95996,	418.8713,	0.028508,	0.008143,	350.075,	0.500
2.96072,	418.7638,	0.028585,	0.008087,	350.059,	0.500
2.96145,	418.6606,	0.028656,	0.005696,	350.050,	0.500
2.96222,	418.5518,	0.028734,	0.007221,	350.039,	0.500
2.96298,	418.4444,	0.028806,	0.006473,	350.030,	0.500
2.96379,	418.3301,	0.028886,	0.006378,	350.014,	0.500
2.96455,	418.2228,	0.028962,	0.007247,	350.005,	0.500
2.96528,	418.1199,	0.029032,	0.006786,	349.995,	0.500
2.96605,	418.0113,	0.029096,	0.007221,	349.985,	0.500
2.96681,	417.9042,	0.029167,	0.006413,	349.967,	0.500
2.96762,	417.7902,	0.029235,	0.006322,	349.959,	0.500
2.96834,	417.6888,	0.029302,	0.006932,	349.948,	0.500
2.96911,	417.5805,	0.029371,	0.006643,	349.941,	0.500
2.96988,	417.4722,	0.029437,	0.006635,	349.921,	0.500
2.97064,	417.3654,	0.029515,	0.007048,	349.911,	0.500
2.97145,	417.2517,	0.029592,	0.006169,	349.904,	0.500
2.97221,	417.1450,	0.029666,	0.006525,	349.894,	0.500
2.97294,	417.0425,	0.029743,	0.006350,	349.875,	0.500
2.97370,	416.9360,	0.029822,	0.006962,	349.868,	0.500
2.97447,	416.8280,	0.029902,	0.006751,	349.859,	0.500
2.97527,	416.7159,	0.029977,	0.007076,	349.849,	0.500
2.97604,	416.6081,	0.030060,	0.007072,	349.833,	0.500
2.97681,	416.5004,	0.030133,	0.006723,	349.822,	0.500
2.97757,	416.3941,	0.030214,	0.006704,	349.847,	0.500
2.97834,	416.2864,	0.030306,	0.007820,	350.183,	0.500
2.97914,	416.1746,	0.030379,	0.007529,	350.169,	0.500
2.97991,	416.0671,	0.030451,	0.006967,	350.158,	0.500
2.98067,	415.9610,	0.030502,	0.006829,	350.148,	0.500
2.98140,	415.8591,	0.030551,	0.006646,	350.141,	0.500
2.98220,	415.7476,	0.030591,	0.007079,	350.122,	0.500
2.98297,	415.6403,	0.030624,	0.006378,	350.113,	0.500
2.98374,	415.5330,	0.030645,	0.006335,	350.104,	0.500
2.98446,	415.4328,	0.030659,	0.007053,	350.098,	0.500
2.98527,	415.3200,	0.030665,	0.006939,	350.077,	0.500
2.98603,	415.2143,	0.030662,	0.005579,	350.070,	0.500
2.98684,	415.1017,	0.030659,	0.007447,	350.061,	0.500
2.98760,	414.9961,	0.030651,	0.007680,	350.052,	0.500
2.98833,	414.8948,	0.030636,	0.006809,	350.032,	0.500
2.98906,	414.7934,	0.030621,	0.005633,	350.026,	0.500
2.98986,	414.6824,	0.030597,	0.006857,	350.015,	0.500
2.99063,	414.5757,	0.030570,	0.006721,	350.005,	0.500
2.99136,	414.4745,	0.030552,	0.005917,	349.990,	0.500
2.99212,	414.3692,	0.030527,	0.007384,	349.978,	0.500
2.99289,	414.2626,	0.030500,	0.006525,	349.971,	0.500
2.99369,	414.1519,	0.030464,	0.006195,	349.959,	0.500
2.99446,	414.0454,	0.030429,	0.005898,	349.942,	0.500
2.99522,	413.9404,	0.030390,	0.006917,	349.935,	0.500
2.99595,	413.8395,	0.030356,	0.008197,	349.924,	0.500
2.99672,	413.7332,	0.030331,	0.005937,	349.917,	0.500
2.99748,	413.6283,	0.030295,	0.007350,	349.897,	0.500
2.99825,	413.5220,	0.030260,	0.007145,	349.887,	0.500
2.99901,	413.4172,	0.030233,	0.007163,	349.880,	0.500
2.99978,	413.3111,	0.030212,	0.006025,	349.871,	0.500
3.00051,	413.2106,	0.030191,	0.006327,	349.850,	0.500
3.00131,	413.1004,	0.030174,	0.006434,	349.844,	0.500
3.00212,	412.9890,	0.030159,	0.005739,	349.835,	0.500
3.00288,	412.8844,	0.030151,	0.007518,	349.825,	0.500
3.00361,	412.7841,	0.030142,	0.006346,	349.806,	0.500
3.00434,	412.6838,	0.030139,	0.006381,	349.799,	0.500
3.00514,	412.5739,	0.030147,	0.006217,	349.831,	0.500
3.00591,	412.4683,	0.030169,	0.006779,	350.119,	0.500
3.00667,	412.3640,	0.030184,	0.007514,	350.104,	0.500
3.00744,	412.2584,	0.030197,	0.007221,	350.093,	0.500
3.00820,	412.1543,	0.030210,	0.006566,	350.083,	0.500
3.00897,	412.0488,	0.030229,	0.006256,	350.075,	0.500
3.00977,	411.9393,	0.030247,	0.006723,	350.059,	0.500
3.01054,	411.8339,	0.030257,	0.006721,	350.049,	0.500
3.01127,	411.7341,	0.030271,	0.006434,	350.040,	0.500
3.01199,	411.6356,	0.030285,	0.006930,	350.034,	0.500
3.01276,	411.5304,	0.030295,	0.008393,	350.013,	0.500
3.01353,	411.4253,	0.030299,	0.008147,	350.003,	0.500
3.01429,	411.3216,	0.030298,	0.006493,	349.998,	0.500
3.01506,	411.2165,	0.030284,	0.006975,	349.987,	0.500
3.01582,	411.1129,	0.030276,	0.006753,	349.968,	0.500
3.01659,	411.0079,	0.030260,	0.007649,	349.963,	0.500
3.01735,	410.9044,	0.030248,	0.006893,	349.952,	0.500
3.01812,	410.7996,	0.030227,	0.006456,	349.943,	0.500
3.01889,	410.6948,	0.030198,	0.007701,	349.925,	0.500
3.01961,	410.5969,	0.030156,	0.006639,	349.916,	0.500
3.02038,	410.4922,	0.030132,	0.006908,	349.906,	0.500
3.02118,	410.3835,	0.030089,	0.007040,	349.896,	0.500
3.02195,	410.2789,	0.030049,	0.007208,	349.882,	0.500
3.02268,	410.1799,	0.029985,	0.007501,	349.871,	0.500
3.02344,	410.0767,	0.029939,	0.006749,	349.860,	0.500
3.02425,	409.9669,	0.029881,	0.006844,	349.852,	0.500
3.02501,	409.8639,	0.029820,	0.007496,	349.834,	0.500
3.02578,	409.7596,	0.029750,	0.006725,	349.823,	0.500
3.02654,	409.6567,	0.029690,	0.007936,	349.816,	0.500
3.02727,	409.5579,	0.029614,	0.007313,	349.809,	0.500
3.02804,	409.4538,	0.029542,	0.007522,	350.119,	0.500
3.02884,	409.3456,	0.029465,	0.006032,	350.121,	0.500
3.02961,	409.2416,	0.029400,	0.007361,	350.116,	0.500
3.03033,	409.1444,	0.029312,	0.006381,	350.105,	0.500
3.03110,	409.0404,	0.029220,	0.007141,	350.087,	0.500
3.03190,	408.9325,	0.029116,	0.007257,	350.081,	0.500
3.03267,	408.8287,	0.029028,	0.007822,	350.072,	0.500
3.03344,	408.7249,	0.028921,	0.007632,	350.060,	0.500
3.03416,	408.6279,	0.028828,	0.007380,	350.045,	0.500
3.03493,	408.5242,	0.028723,	0.008141,	350.036,	0.500
3.03570,	408.4206,	0.028633,	0.007608,	350.025,	0.500
3.03646,	408.3184,	0.028532,	0.005762,	350.015,	0.500
3.03727,	408.2095,	0.028435,	0.007318,	349.999,	0.500
3.03799,	408.1127,	0.028341,	0.002540,	349.989,	0.500
3.03876,	408.0093,	0.028257,	0.006301,	349.978,	0.500
3.03956,	407.9019,	0.028195,	0.007025,	349.973,	0.500
3.04037,	407.7933,	0.028120,	0.006579,	349.954,	0.500
3.04113,	407.6914,	0.028053,	0.007979,	349.943,	0.500
3.04186,	407.5935,	0.027990,	0.006320,	349.936,	0.500
3.04263,	407.4904,	0.027948,	0.007137,	349.928,	0.500
3.04339,	407.3886,	0.027900,	0.007111,	349.907,	0.500
3.04416,	407.2856,	0.027849,	0.008184,	349.900,	0.500
3.04492,	407.1839,	0.027790,	0.007809,	349.892,	0.500
3.04569,	407.0810,	0.027754,	0.006917,	349.882,	0.500
3.04649,	406.9741,	0.027700,	0.007647,	349.863,	0.500
3.04726,	406.8712,	0.027641,	0.006747,	349.857,	0.500
3.04802,	406.7698,	0.027570,	0.006809,	349.845,	0.500
3.04879,	406.6671,	0.027512,	0.007822,	349.836,	0.500
3.04952,	406.5697,	0.027449,	0.006238,	349.821,	0.500
3.05025,	406.4724,	0.027392,	0.007272,	349.809,	0.500
3.05101,	406.3711,	0.027333,	0.005844,	349.882,	0.500
3.05182,	406.2633,	0.027296,	0.006755,	350.177,	0.500
3.05258,	406.1621,	0.027250,	0.006105,	350.162,	0.500
3.05335,	406.0597,	0.027209,	0.007721,	350.152,	0.500
3.05411,	405.9587,	0.027163,	0.007333,	350.143,	0.500
3.05492,	405.8510,	0.027160,	0.006758,	350.138,	0.500
3.05572,	405.7448,	0.027157,	0.006159,	350.116,	0.500
3.05645,	405.6479,	0.027167,	0.007417,	350.108,	0.500
3.05718,	405.5510,	0.027173,	0.006977,	350.101,	0.500
3.05794,	405.4502,	0.027212,	0.007186,	350.092,	0.500
3.05871,	405.3482,	0.027259,	0.007451,	350.071,	0.500
3.05951,	405.2422,	0.027319,	0.007016,	350.065,	0.500
3.06028,	405.1402,	0.027384,	0.004509,	350.057,	0.500
3.06100,	405.0449,	0.027478,	0.006225,	350.046,	0.500
3.06177,	404.9430,	0.027579,	0.006661,	350.029,	0.500
3.06257,	404.8373,	0.027685,	0.006396,	350.021,	0.500
3.06334,	404.7355,	0.027812,	0.004937,	350.010,	0.500
3.06411,	404.6338,	0.027955,	0.006622,	349.999,	0.500
3.06483,	404.5387,	0.028098,	0.007063,	349.986,	0.500
3.06560,	404.4371,	0.028249,	0.006273,	349.974,	0.500
3.06637,	404.3356,	0.028412,	0.007393,	349.962,	0.500
3.06713,	404.2354,	0.028594,	0.006316,	349.957,	0.500
3.06790,	404.1339,	0.028782,	0.007193,	349.939,	0.500
3.06866,	404.0338,	0.028967,	0.006480,	349.928,	0.500
3.06943,	403.9325,	0.029166,	0.006663,	349.920,	0.500
3.07019,	403.8325,	0.029365,	0.006210,	349.913,	0.500
3.07096,	403.7312,	0.029568,	0.007828,	349.891,	0.500
3.07173,	403.6300,	0.029762,	0.007104,	349.883,	0.500
3.07245,	403.5354,	0.029959,	0.006799,	349.877,	0.500
3.07318,	403.4396,	0.030145,	0.007718,	349.866,	0.500
3.07395,	403.3385,	0.030326,	0.006475,	349.847,	0.500
3.07475,	403.2336,	0.030511,	0.005691,	349.842,	0.500
3.07552,	403.1326,	0.030685,	0.007057,	349.831,	0.500
3.07628,	403.0330,	0.030842,	0.007328,	349.821,	0.500
3.07705,	402.9322,	0.030982,	0.006503,	349.805,	0.500
3.07781,	402.8327,	0.031106,	0.005907,	349.796,	0.500
3.07862,	402.7267,	0.031232,	0.008166,	349.868,	0.500
3.07935,	402.6312,	0.031354,	0.006439,	350.144,	0.500
3.08007,	402.5371,	0.031437,	0.007621,	350.129,	0.500
3.08084,	402.4365,	0.031502,	0.006221,	350.118,	0.500
3.08160,	402.3372,	0.031555,	0.007945,	350.109,	0.500
3.08241,	402.2315,	0.031587,	0.005388,	350.103,	0.500
3.08317,	402.1324,	0.031597,	0.008563,	350.084,	0.500
3.08394,	402.0320,	0.031576,	0.006236,	350.073,	0.500
3.08471,	401.9316,	0.031519,	0.006641,	350.067,	0.500
3.08547,	401.8326,	0.031437,	0.006971,	350.058,	0.500
3.08628,	401.7271,	0.031329,	0.007611,	350.039,	0.500
3.08700,	401.6334,	0.031206,	0.007677,	350.033,	0.500
3.08773,	401.5385,	0.031102,	0.007320,	350.024,	0.500
3.08850,	401.4384,	0.031015,	0.006241,	350.012,	0.500
3.08926,	401.3396,	0.030952,	0.006807,	349.993,	0.500
3.09007,	401.2344,	0.030922,	0.007288,	349.987,	0.500
3.09083,	401.1358,	0.030912,	0.007363,	349.975,	0.500
3.09156,	401.0410,	0.030936,	0.006480,	349.965,	0.500
3.09233,	400.9412,	0.030982,	0.007749,	349.952,	0.500
3.09313,	400.8375,	0.031058,	0.007122,	349.941,	0.500
3.09390,	400.7377,	0.031179,	0.007085,	349.931,	0.500
3.09466,	400.6393,	0.031338,	0.006551,	349.921,	0.500
3.09539,	400.5448,	0.031534,	0.007462,	349.905,	0.500
3.09612,	400.4504,	0.031738,	0.006225,	349.895,	0.500
3.09688,	400.3521,	0.031950,	0.007320,	349.885,	0.500
3.09769,	400.2474,	0.032159,	0.006745,	349.879,	0.500
3.09845,	400.1492,	0.032340,	0.006786,	349.858,	0.500
3.09922,	400.0498,	0.032490,	0.006098,	349.848,	0.500
3.09995,	399.9556,	0.032609,	0.008442,	349.842,	0.500
3.10075,	399.8524,	0.032730,	0.006652,	349.832,	0.500
3.10155,	399.7493,	0.032832,	0.008100,	349.811,	0.500
3.10228,	399.6552,	0.032951,	0.006340,	349.806,	0.500
3.10301,	399.5612,	0.033077,	0.006161,	349.796,	0.500
3.10377,	399.4634,	0.033240,	0.007266,	349.784,	0.500
3.10454,	399.3643,	0.033421,	0.007912,	349.769,	0.500
3.10534,	399.2614,	0.033616,	0.006740,	349.760,	0.500
3.10611,	399.1624,	0.033801,	0.006730,	349.805,	0.500
3.10688,	399.0635,	0.033994,	0.007499,	350.079,	0.500
3.10764,	398.9659,	0.034113,	0.006995,	350.066,	0.500
3.10841,	398.8671,	0.034183,	0.007361,	350.055,	0.500
3.10921,	398.7645,	0.034180,	0.006073,	350.044,	0.500
3.10998,	398.6657,	0.034131,	0.006947,	350.039,	0.500
3.11070,	398.5735,	0.034017,	0.007240,	350.020,	0.500
3.11143,	398.4799,	0.033853,	0.007098,	350.009,	0.500
3.11220,	398.3814,	0.033627,	0.006822,	350.002,	0.500
3.11300,	398.2790,	0.033368,	0.006990,	349.996,	0.500
3.11377,	398.1805,	0.033069,	0.006643,	349.972,	0.500
3.11453,	398.0833,	0.032743,	0.006796,	349.965,	0.500
3.11530,	397.9849,	0.032393,	0.003684,	349.960,	0.500
3.11607,	397.8866,	0.032023,	0.006523,	349.949,	0.500
3.11687,	397.7845,	0.031635,	0.006219,	349.929,	0.500
3.11764,	397.6862,	0.031250,	0.006730,	349.924,	0.500
3.11836,	397.5944,	0.030903,	0.006738,	349.913,	0.500
3.11909,	397.5013,	0.030589,	0.006497,	349.901,	0.500
3.11989,	397.3994,	0.030298,	0.006979,	349.887,	0.500
3.12066,	397.3014,	0.030027,	0.006816,	349.878,	0.500
3.12146,	397.1995,	0.029791,	0.007484,	349.866,	0.500
3.12219,	397.1067,	0.029567,	0.008453,	349.857,	0.500
3.12296,	397.0087,	0.029386,	0.007076,	349.843,	0.500
3.12372,	396.9122,	0.029206,	0.005543,	349.833,	0.500
3.12453,	396.8093,	0.029031,	0.007085,	349.822,	0.500
3.12529,	396.7128,	0.028846,	0.007320,	349.816,	0.500
3.12602,	396.6201,	0.028684,	0.006848,	349.796,	0.500
3.12675,	396.5275,	0.028517,	0.006887,	349.784,	0.500
3.12751,	396.4312,	0.028342,	0.006775,	349.779,	0.500
3.12832,	396.3285,	0.028151,	0.006816,	349.770,	0.500
3.12908,	396.2323,	0.027980,	0.007677,	350.087,	0.500
3.12981,	396.1398,	0.027817,	0.006760,	350.096,	0.500
3.13054,	396.0475,	0.027651,	0.007453,	350.090,	0.500
3.13134,	395.9463,	0.027473,	0.007929,	350.078,	0.500
3.13211,	395.8489,	0.027317,	0.006456,	350.061,	0.500
3.13287,	395.7529,	0.027144,	0.007443,	350.055,	0.500
3.13360,	395.6607,	0.026984,	0.006880,	350.043,	0.500
3.13433,	395.5686,	0.026823,	0.004076,	350.033,	0.500
3.13513,	395.4676,	0.026690,	0.006129,	350.020,	0.500
3.13590,	395.3705,	0.026549,	0.007348,	350.008,	0.500
3.13670,	395.2697,	0.026411,	0.008044,	349.996,	0.500
3.13743,	395.1777,	0.026290,	0.005394,	349.989,	0.500
3.13820,	395.0808,	0.026177,	0.006921,	349.973,	0.500
3.13900,	394.9801,	0.026072,	0.007725,	349.961,	0.500
3.13977,	394.8832,	0.025974,	0.006101,	349.954,	0.500
3.14053,	394.7876,	0.025882,	0.006378,	349.948,	0.500
3.14126,	394.6959,	0.025803,	0.007171,	349.926,	0.500
3.14199,	394.6042,	0.025727,	0.006995,	349.917,	0.500
3.14279,	394.5037,	0.025658,	0.006995,	349.911,	0.500
3.14356,	394.4071,	0.025591,	0.006951,	349.902,	0.500
3.14432,	394.3118,	0.025530,	0.008016,	349.880,	0.500
3.14509,	394.2152,	0.025470,	0.006501,	349.874,	0.500
3.14582,	394.1238,	0.025416,	0.007917,	349.866,	0.500
3.14662,	394.0236,	0.025369,	0.005930,	349.853,	0.500
3.14742,	393.9234,	0.025327,	0.005418,	349.838,	0.500
3.14815,	393.8321,	0.025280,	0.007031,	349.830,	0.500
3.14888,	393.7408,	0.025238,	0.006301,	349.818,	0.500
3.14965,	393.6445,	0.025205,	0.007449,	349.807,	0.500
3.15045,	393.5446,	0.025175,	0.006775,	349.793,	0.500
3.15122,	393.4484,	0.025135,	0.007585,	349.782,	0.500
3.15198,	393.3535,	0.025105,	0.006870,	349.801,	0.500
3.15275,	393.2575,	0.025091,	0.007673,	350.150,	0.500
3.15347,	393.1677,	0.025080,	0.006273,	350.134,	0.500
3.15428,	393.0667,	0.025067,	0.007298,	350.124,	0.500
3.15504,	392.9720,	0.025045,	0.006727,	350.117,	0.500
3.15581,	392.8761,	0.025020,	0.007096,	350.111,	0.500
3.15654,	392.7853,	0.024998,	0.006146,	350.088,	0.500
3.15730,	392.6907,	0.024989,	0.006932,	350.081,	0.500
3.15807,	392.5950,	0.024970,	0.007227,	350.076,	0.500
3.15887,	392.4956,	0.024952,	0.007029,	350.063,	0.500
3.15964,	392.3999,	0.024935,	0.007615,	350.044,	0.500
3.16040,	392.3055,	0.024921,	0.007223,	350.038,	0.500
3.16113,	392.2149,	0.024911,	0.007091,	350.030,	0.500
3.16194,	392.1145,	0.024898,	0.007356,	350.017,	0.500
3.16270,	392.0202,	0.024890,	0.006816,	350.002,	0.500
3.16347,	391.9248,	0.024877,	0.007300,	349.993,	0.500
3.16423,	391.8307,	0.024870,	0.007102,	349.980,	0.500
3.16496,	391.7403,	0.024868,	0.007083,	349.972,	0.500
3.16577,	391.6401,	0.024856,	0.008009,	349.957,	0.500
3.16653,	391.5461,	0.024849,	0.007305,	349.945,	0.500
3.16730,	391.4509,	0.024840,	0.007964,	349.935,	0.500
3.16802,	391.3619,	0.024834,	0.005954,	349.931,	0.500
3.16879,	391.2668,	0.024829,	0.006027,	349.910,	0.500
3.16959,	391.1681,	0.024826,	0.006639,	349.900,	0.500
3.17036,	391.0731,	0.024819,	0.006900,	349.892,	0.500
3.17113,	390.9781,	0.024820,	0.007695,	349.884,	0.500
3.17185,	390.8894,	0.024814,	0.007029,	349.861,	0.500
3.17262,	390.7945,	0.024810,	0.007421,	349.855,	0.500
3.17338,	390.7009,	0.024807,	0.008035,	349.848,	0.500
3.17419,	390.6012,	0.024797,	0.007865,	349.836,	0.500
3.17495,	390.5077,	0.024801,	0.005773,	349.819,	0.500
3.17572,	390.4130,	0.024798,	0.007770,	349.812,	0.500
3.17649,	390.3184,	0.024803,	0.005795,	349.800,	0.500
3.17725,	390.2250,	0.024795,	0.008513,	349.789,	0.500
3.17806,	390.1256,	0.024808,	0.006809,	349.775,	0.500
3.17882,	390.0323,	0.024807,	0.006344,	349.764,	0.500
3.17955,	389.9427,	0.024805,	0.007415,	349.774,	0.500
3.18028,	389.8532,	0.024803,	0.005866,	350.134,	0.500
3.18108,	389.7552,	0.024826,	0.007225,	350.119,	0.500
3.18189,	389.6560,	0.024830,	0.007512,	350.108,	0.500
3.18265,	389.5629,	0.024831,	0.005842,	350.099,	0.500
3.18342,	389.4687,	0.024820,	0.007124,	350.095,	0.500
3.18414,	389.3806,	0.024832,	0.007589,	350.073,	0.500
3.18495,	389.2816,	0.024836,	0.006221,	350.065,	0.500
3.18571,	389.1887,	0.024836,	0.008048,	350.059,	0.500
3.18648,	389.0947,	0.024828,	0.005728,	350.050,	0.500
3.18721,	389.0056,	0.024844,	0.007733,	350.029,	0.500
3.18793,	388.9177,	0.024844,	0.006799,	350.022,	0.500
3.18874,	388.8189,	0.024843,	0.006620,	350.014,	0.500
3.18950,	388.7263,	0.024838,	0.006066,	350.002,	0.500
3.19031,	388.6276,	0.024849,	0.007031,	349.988,	0.500
3.19104,	388.5387,	0.024850,	0.007356,	349.980,	0.500
3.19176,	388.4510,	0.024854,	0.006381,	349.965,	0.500
3.19253,	388.3573,	0.024856,	0.003903,	349.956,	0.500
3.19333,	388.2600,	0.024858,	0.009272,	349.944,	0.500
3.19410,	388.1664,	0.024870,	0.007524,	349.930,	0.500
3.19483,	388.0778,	0.024871,	0.007240,	349.921,	0.500
3.19555,	387.9903,	0.024876,	0.007025,	349.915,	0.500
3.19636,	387.8920,	0.024866,	0.007374,	349.895,	0.500
3.19712,	387.7998,	0.024885,	0.006626,	349.884,	0.500
3.19793,	387.7016,	0.024888,	0.007716,	349.879,	0.500
3.19866,	387.6131,	0.024890,	0.006503,	349.872,	0.500
3.19942,	387.5210,	0.024886,	0.005219,	349.850,	0.500
3.20019,	387.4278,	0.024903,	0.007132,	349.843,	0.500
3.20099,	387.3309,	0.024909,	0.006695,	349.837,	0.500
3.20176,	387.2378,	0.024917,	0.006639,	349.824,	0.500
3.20248,	387.1507,	0.024902,	0.006320,	350.137,	0.500
3.20321,	387.0625,	0.024937,	0.006523,	350.154,	0.500
3.20402,	386.9646,	0.024952,	0.007178,	350.146,	0.500
3.20478,	386.8729,	0.024960,	0.007206,	350.134,	0.500
3.20559,	386.7751,	0.024957,	0.006482,	350.122,	0.500
3.20631,	386.6883,	0.024971,	0.005924,	350.112,	0.500
3.20704,	386.6002,	0.024976,	0.008057,	350.099,	0.500
3.20785,	386.5026,	0.024976,	0.006456,	350.091,	0.500
3.20861,	386.4111,	0.024968,	0.005267,	350.077,	0.500
3.20938,	386.3184,	0.024989,	0.007132,	350.064,	0.500
3.21010,	386.2317,	0.025001,	0.007331,	350.056,	0.500
3.21087,	386.1391,	0.025004,	0.006674,	350.049,	0.500
3.21164,	386.0465,	0.025003,	0.007380,	350.028,	0.500
3.21244,	385.9504,	0.025009,	0.006842,	350.019,	0.500
3.21321,	385.8579,	0.025020,	0.008298,	350.012,	0.500
3.21393,	385.7715,	0.025025,	0.006292,	350.005,	0.500
3.21470,	385.6790,	0.025033,	0.007677,	349.982,	0.500
3.21547,	385.5867,	0.025039,	0.007014,	349.976,	0.500
3.21627,	385.4908,	0.025045,	0.006923,	349.969,	0.500
3.21704,	385.3985,	0.025050,	0.006225,	349.955,	0.500
3.21776,	385.3123,	0.025054,	0.007098,	349.941,	0.500
3.21849,	385.2249,	0.025054,	0.006883,	349.935,	0.500
3.21929,	385.1292,	0.025060,	0.007354,	349.922,	0.500
3.22006,	385.0371,	0.025066,	0.007955,	349.910,	0.500
3.22086,	384.9414,	0.025070,	0.006861,	349.898,	0.500
3.22159,	384.8542,	0.025076,	0.007300,	349.886,	0.500
3.22236,	384.7622,	0.025080,	0.007589,	349.875,	0.500
3.22312,	384.6715,	0.025089,	0.006820,	349.868,	0.500
3.22393,	384.5749,	0.025094,	0.006895,	349.850,	0.500
3.22469,	384.4842,	0.025096,	0.007936,	349.838,	0.500
3.22538,	384.4020,	0.025100,	0.006249,	349.830,	0.500
3.22615,	384.3102,	0.025105,	0.007617,	349.825,	0.500
3.22691,	384.2197,	0.025110,	0.007111,	349.800,	0.500
3.22772,	384.1233,	0.025117,	0.007505,	349.793,	0.500
3.22848,	384.0329,	0.025121,	0.007865,	349.788,	0.500
3.22925,	383.9413,	0.025123,	0.006792,	349.779,	0.500
3.22998,	383.8545,	0.025124,	0.007559,	350.091,	0.500
3.23078,	383.7595,	0.025156,	0.007561,	350.106,	0.500
3.23155,	383.6680,	0.025169,	0.007486,	350.098,	0.500
3.23231,	383.5778,	0.025181,	0.007736,	350.084,	0.500
3.23304,	383.4912,	0.025182,	0.006799,	350.070,	0.500
3.23381,	383.3999,	0.025178,	0.006977,	350.063,	0.500
3.23461,	383.3051,	0.025181,	0.007587,	350.051,	0.500
3.23538,	383.2139,	0.025187,	0.006954,	350.041,	0.500
3.23614,	383.1239,	0.025188,	0.006898,	350.026,	0.500
3.23691,	383.0327,	0.025197,	0.007423,	350.015,	0.500
3.23763,	382.9475,	0.025207,	0.007568,	350.006,	0.500
3.23844,	382.8518,	0.025211,	0.007568,	349.998,	0.500
3.23924,	382.7572,	0.025208,	0.008138,	349.979,	0.500
3.24001,	382.6662,	0.025235,	0.008018,	349.968,	0.500
3.24070,	382.5848,	0.025246,	0.007083,	349.962,	0.500
3.24146,	382.4951,	0.025247,	0.006829,	349.954,	0.500
3.24227,	382.3995,	0.025237,	0.007165,	349.933,	0.500
3.24307,	382.3052,	0.025256,	0.007546,	349.926,	0.500
3.24384,	382.2144,	0.025262,	0.007089,	349.919,	0.500
3.24457,	382.1284,	0.025266,	0.006307,	349.908,	0.500
3.24529,	382.0437,	0.025256,	0.006699,	349.888,	0.500
3.24610,	381.9483,	0.025276,	0.006480,	349.882,	0.500
3.24690,	381.8542,	0.025276,	0.005945,	349.873,	0.500
3.24763,	381.7684,	0.025280,	0.006913,	349.860,	0.500
3.24836,	381.6826,	0.025280,	0.002115,	349.845,	0.500
3.24912,	381.5933,	0.025296,	0.006568,	349.836,	0.500
3.24993,	381.4982,	0.025304,	0.006540,	349.824,	0.500
3.25069,	381.4090,	0.025305,	0.006049,	349.816,	0.500
3.25146,	381.3187,	0.025315,	0.005396,	349.801,	0.500
3.25218,	381.2343,	0.025320,	0.007266,	349.788,	0.500
3.25295,	381.1440,	0.025322,	0.007481,	349.814,	0.500
3.25372,	381.0538,	0.025342,	0.006521,	350.104,	0.500
3.25452,	380.9602,	0.025356,	0.006684,	350.085,	0.500
3.25525,	380.8747,	0.025366,	0.008151,	350.076,	0.500
3.25598,	380.7893,	0.025380,	0.006900,	350.070,	0.500
3.25674,	380.7005,	0.025383,	0.007173,	350.063,	0.500
3.25755,	380.6058,	0.025389,	0.007072,	350.041,	0.500
3.25835,	380.5124,	0.025381,	0.008173,	350.033,	0.500
3.25908,	380.4271,	0.025401,	0.006596,	350.027,	0.500
3.25984,	380.3384,	0.025408,	0.006572,	350.014,	0.500
3.26057,	380.2533,	0.025412,	0.008222,	349.996,	0.500
3.26137,	380.1600,	0.025396,	0.006682,	349.991,	0.500
3.26214,	380.0703,	0.025423,	0.007895,	349.978,	0.500
3.26291,	379.9806,	0.025433,	0.005922,	349.969,	0.500
3.26363,	379.8968,	0.025436,	0.007251,	349.954,	0.500
3.26440,	379.8071,	0.025422,	0.007178,	349.943,	0.500
3.26520,	379.7141,	0.025443,	0.006172,	349.931,	0.500
3.26597,	379.6246,	0.025446,	0.006083,	349.925,	0.500
3.26674,	379.5351,	0.025450,	0.007072,	349.908,	0.500
3.26746,	379.4515,	0.025447,	0.002927,	349.896,	0.500
3.26823,	379.3621,	0.025465,	0.007285,	349.889,	0.500
3.26899,	379.2739,	0.025473,	0.006887,	349.882,	0.500
3.26980,	379.1799,	0.025474,	0.007333,	349.861,	0.500
3.27056,	379.0918,	0.025477,	0.006471,	349.852,	0.500
3.27129,	379.0072,	0.025487,	0.006281,	349.846,	0.500
