Lmd,  eV,  sig,    mon,    Ring,  sec
#lmd,   E,  HOYAX,  Y,  Smpl,  Det, AGC X, Y, Smpl, Det, pps
#2.42084,	512.1538,	0.000,	94.000,	82.900,	-0.259,	0.000,	-76.000,	0.000,	29.999,75

2.11904,	585.0963,	-0.000095,	13.262510,	349.845,	51.400
2.11954,	584.9583,	-0.000058,	13.329880,	349.838,	0.500
2.12007,	584.8120,	-0.000045,	13.407310,	349.817,	0.500
2.12069,	584.6411,	-0.000035,	13.473530,	349.808,	0.500
2.12126,	584.4840,	-0.000038,	13.547320,	349.802,	0.500
2.12184,	584.3242,	-0.000021,	13.623780,	349.794,	0.500
2.12241,	584.1673,	-0.000018,	13.690020,	349.772,	0.500
2.12295,	584.0187,	-0.000019,	13.757780,	349.765,	0.500
2.12352,	583.8619,	-0.000026,	13.828030,	349.758,	0.500
2.12410,	583.7025,	-0.000016,	13.897480,	349.746,	0.500
2.12467,	583.5459,	-0.000019,	13.980800,	349.730,	0.500
2.12524,	583.3894,	-0.000020,	14.040240,	349.722,	0.500
2.12582,	583.2302,	-0.000025,	14.090510,	349.710,	0.500
2.12635,	583.0848,	-0.000016,	14.159950,	349.699,	0.500
2.12689,	582.9368,	-0.000009,	14.234940,	349.686,	0.500
2.12746,	582.7806,	-0.000008,	14.302570,	349.682,	0.500
2.12808,	582.6108,	-0.000013,	14.356360,	350.037,	0.500
2.12865,	582.4548,	0.000001,	14.414720,	350.031,	0.500
2.12926,	582.2879,	-0.000001,	14.493360,	350.015,	0.500
2.12984,	582.1294,	0.000004,	14.543110,	350.004,	0.500
2.13037,	581.9846,	-0.000003,	14.601250,	349.996,	0.500
2.13095,	581.8262,	0.000008,	14.636190,	349.989,	0.500
2.13152,	581.6706,	0.000008,	14.686380,	349.967,	0.500
2.13210,	581.5123,	0.000004,	14.743540,	349.959,	0.500
2.13267,	581.3569,	0.000002,	14.784890,	349.953,	0.500
2.13325,	581.1988,	0.000007,	14.818380,	349.944,	0.500
2.13382,	581.0436,	0.000007,	14.852570,	349.923,	0.500
2.13436,	580.8966,	0.000007,	14.897180,	349.917,	0.500
2.13493,	580.7415,	0.000019,	14.931180,	349.908,	0.500
2.13554,	580.5756,	0.000018,	14.952390,	349.896,	0.500
2.13616,	580.4071,	0.000021,	14.990920,	349.880,	0.500
2.13673,	580.2523,	0.000017,	15.034070,	349.872,	0.500
2.13731,	580.0948,	0.000018,	15.060110,	349.859,	0.500
2.13784,	579.9510,	0.000017,	15.099340,	349.850,	0.500
2.13842,	579.7937,	0.000019,	15.134040,	349.836,	0.500
2.13899,	579.6392,	0.000021,	15.167280,	349.824,	0.500
2.13956,	579.4848,	0.000020,	15.205040,	349.814,	0.500
2.14014,	579.3277,	0.000019,	15.241460,	349.806,	0.500
2.14071,	579.1735,	0.000024,	15.280640,	349.787,	0.500
2.14129,	579.0166,	0.000020,	15.353440,	349.779,	0.500
2.14186,	578.8625,	0.000019,	15.407000,	350.128,	0.500
2.14240,	578.7166,	0.000020,	15.426480,	350.123,	0.500
2.14301,	578.5519,	0.000023,	15.476130,	350.101,	0.500
2.14358,	578.3980,	0.000026,	15.524260,	350.093,	0.500
2.14420,	578.2308,	0.000025,	15.590760,	350.087,	0.500
2.14477,	578.0771,	0.000017,	15.648480,	350.076,	0.500
2.14535,	577.9208,	0.000027,	15.688410,	350.056,	0.500
2.14588,	577.7781,	0.000022,	15.738270,	350.052,	0.500
2.14642,	577.6327,	0.000023,	15.808490,	350.041,	0.500
2.14703,	577.4686,	0.000014,	15.867290,	350.030,	0.500
2.14761,	577.3127,	0.000025,	15.938590,	350.016,	0.500
2.14818,	577.1595,	0.000027,	15.995610,	350.005,	0.500
2.14875,	577.0064,	0.000029,	16.059580,	349.994,	0.500
2.14933,	576.8507,	0.000017,	16.128000,	349.985,	0.500
2.14986,	576.7085,	0.000027,	16.198160,	349.968,	0.500
2.15044,	576.5529,	0.000027,	16.270140,	349.956,	0.500
2.15105,	576.3894,	0.000027,	16.335790,	349.946,	0.500
2.15166,	576.2260,	0.000017,	16.412760,	349.940,	0.500
2.15224,	576.0707,	0.000027,	16.480590,	349.920,	0.500
2.15281,	575.9182,	0.000027,	16.551900,	349.911,	0.500
2.15339,	575.7631,	0.000024,	16.618950,	349.903,	0.500
2.15392,	575.6214,	0.000015,	16.681830,	349.897,	0.500
2.15450,	575.4664,	0.000025,	16.756920,	349.873,	0.500
2.15511,	575.3036,	0.000026,	16.830120,	349.867,	0.500
2.15568,	575.1514,	0.000024,	16.894730,	349.859,	0.500
2.15626,	574.9967,	0.000017,	16.970000,	349.847,	0.500
2.15683,	574.8448,	0.000027,	17.038850,	349.830,	0.500
2.15741,	574.6902,	0.000027,	17.112090,	349.824,	0.500
2.15798,	574.5384,	0.000026,	17.187070,	349.811,	0.500
2.15856,	574.3841,	0.000016,	17.277690,	349.801,	0.500
2.15917,	574.2218,	0.000024,	17.358050,	350.148,	0.500
2.15974,	574.0702,	0.000023,	17.431760,	350.135,	0.500
2.16032,	573.9161,	0.000025,	17.520050,	350.125,	0.500
2.16085,	573.7753,	0.000018,	17.595610,	350.117,	0.500
2.16143,	573.6214,	0.000027,	17.677180,	350.099,	0.500
2.16196,	573.4807,	-0.000013,	17.755150,	350.089,	0.500
2.16258,	573.3163,	0.000021,	17.845450,	350.081,	0.500
2.16315,	573.1653,	0.000027,	17.936840,	350.075,	0.500
2.16373,	573.0116,	0.000031,	18.024830,	350.053,	0.500
2.16430,	572.8607,	0.000027,	18.119780,	350.044,	0.500
2.16487,	572.7099,	0.000025,	18.208460,	350.037,	0.500
2.16541,	572.5671,	0.000025,	18.302610,	350.027,	0.500
2.16602,	572.4058,	0.000025,	18.397230,	350.008,	0.500
2.16660,	572.2526,	0.000025,	18.490890,	350.001,	0.500
2.16721,	572.0915,	0.000025,	18.593630,	349.992,	0.500
2.16778,	571.9411,	0.000023,	18.690220,	349.980,	0.500
2.16836,	571.7881,	0.000025,	18.782130,	349.966,	0.500
2.16889,	571.6484,	0.000025,	18.873400,	349.957,	0.500
2.16943,	571.5061,	0.000028,	18.962350,	349.945,	0.500
2.17000,	571.3560,	0.000027,	19.049040,	349.935,	0.500
2.17062,	571.1928,	0.000024,	19.136680,	349.922,	0.500
2.17119,	571.0428,	0.000026,	19.219830,	349.909,	0.500
2.17177,	570.8903,	0.000027,	19.297290,	349.900,	0.500
2.17230,	570.7510,	0.000028,	19.384680,	349.893,	0.500
2.17288,	570.5987,	0.000027,	19.459390,	349.874,	0.500
2.17345,	570.4490,	0.000024,	19.535520,	349.863,	0.500
2.17406,	570.2890,	0.000026,	19.615960,	349.856,	0.500
2.17468,	570.1264,	0.000026,	19.690460,	349.850,	0.500
2.17525,	569.9770,	0.000026,	19.763990,	349.828,	0.500
2.17582,	569.8277,	0.000022,	19.851360,	349.821,	0.500
2.17636,	569.6863,	0.000022,	19.913320,	350.184,	0.500
2.17694,	569.5345,	0.000024,	19.975060,	350.174,	0.500
2.17751,	569.3854,	0.000025,	20.041280,	350.156,	0.500
2.17808,	569.2364,	0.000022,	20.108520,	350.151,	0.500
2.17866,	569.0849,	0.000024,	20.166260,	350.140,	0.500
2.17923,	568.9360,	0.000024,	20.230290,	350.128,	0.500
2.17981,	568.7846,	0.000022,	20.291430,	350.114,	0.500
2.18038,	568.6359,	0.000024,	20.357390,	350.105,	0.500
2.18096,	568.4847,	0.000023,	20.411010,	350.091,	0.500
2.18157,	568.3258,	0.000025,	20.479320,	350.084,	0.500
2.18214,	568.1773,	0.000022,	20.541040,	350.069,	0.500
2.18276,	568.0159,	0.000024,	20.601230,	350.056,	0.500
2.18333,	567.8676,	0.000023,	20.661850,	350.048,	0.500
2.18387,	567.7272,	0.000025,	20.717490,	350.041,	0.500
2.18444,	567.5791,	0.000023,	20.769190,	350.021,	0.500
2.18498,	567.4388,	0.000023,	20.819640,	350.012,	0.500
2.18555,	567.2908,	0.000024,	20.873210,	350.004,	0.500
2.18612,	567.1429,	0.000023,	20.916420,	349.996,	0.500
2.18670,	566.9925,	0.000024,	20.956400,	349.974,	0.500
2.18727,	566.8447,	0.000023,	21.003090,	349.968,	0.500
2.18781,	566.7048,	0.000020,	21.030550,	349.960,	0.500
2.18838,	566.5572,	0.000022,	21.063370,	349.948,	0.500
2.18900,	566.3967,	0.000020,	21.099460,	349.932,	0.500
2.18957,	566.2493,	0.000020,	21.110250,	349.925,	0.500
2.19018,	566.0916,	0.000024,	21.125420,	349.913,	0.500
2.19076,	565.9417,	0.000022,	21.144180,	349.903,	0.500
2.19133,	565.7945,	0.000026,	21.153800,	349.889,	0.500
2.19187,	565.6551,	0.000022,	21.152370,	349.875,	0.500
2.19244,	565.5080,	0.000023,	21.155650,	349.866,	0.500
2.19302,	565.3585,	0.000024,	21.160640,	349.858,	0.500
2.19363,	565.2013,	0.000024,	21.149630,	349.842,	0.500
2.19420,	565.0544,	0.000024,	21.144030,	349.831,	0.500
2.19478,	564.9051,	0.000024,	21.140500,	349.824,	0.500
2.19531,	564.7687,	0.000022,	21.132690,	349.816,	0.500
2.19589,	564.6196,	0.000022,	21.120710,	349.795,	0.500
2.19646,	564.4730,	0.000023,	21.136850,	349.800,	0.500
2.19708,	564.3137,	0.000023,	21.137540,	350.130,	0.500
2.19769,	564.1571,	0.000023,	21.129370,	350.123,	0.500
2.19826,	564.0108,	0.000024,	21.130240,	350.101,	0.500
2.19880,	563.8723,	0.000025,	21.143390,	350.096,	0.500
2.19937,	563.7262,	0.000030,	21.143630,	350.088,	0.500
2.19991,	563.5878,	0.000024,	21.151050,	350.076,	0.500
2.20052,	563.4316,	0.000027,	21.175850,	350.059,	0.500
2.20110,	563.2831,	0.000023,	21.194900,	350.053,	0.500
2.20167,	563.1373,	0.000023,	21.226200,	350.040,	0.500
2.20224,	562.9915,	0.000018,	21.264860,	350.031,	0.500
2.20278,	562.8535,	0.000023,	21.309660,	350.016,	0.500
2.20335,	562.7079,	0.000024,	21.357610,	350.004,	0.500
2.20393,	562.5598,	0.000023,	21.412390,	349.994,	0.500
2.20454,	562.4041,	0.000014,	21.485460,	349.986,	0.500
2.20512,	562.2562,	0.000025,	21.560570,	349.968,	0.500
2.20573,	562.1007,	0.000022,	21.647480,	349.958,	0.500
2.20630,	561.9555,	0.000023,	21.745470,	349.950,	0.500
2.20684,	561.8180,	0.000012,	21.850750,	349.943,	0.500
2.20741,	561.6729,	0.000021,	21.949010,	349.921,	0.500
2.20799,	561.5254,	0.000024,	22.060460,	349.914,	0.500
2.20856,	561.3805,	0.000025,	22.188780,	349.909,	0.500
2.20914,	561.2331,	0.000012,	22.331380,	349.897,	0.500
2.20971,	561.0883,	0.000020,	22.457450,	349.878,	0.500
2.21029,	560.9411,	0.000020,	22.593960,	349.872,	0.500
2.21086,	560.7965,	0.000021,	22.745450,	349.861,	0.500
2.21140,	560.6595,	0.000011,	22.892380,	349.851,	0.500
2.21201,	560.5049,	0.000020,	23.045570,	349.835,	0.500
2.21258,	560.3605,	0.000022,	23.214710,	349.826,	0.500
2.21320,	560.2035,	0.000023,	23.391880,	349.814,	0.500
2.21377,	560.0593,	0.000011,	23.572860,	349.806,	0.500
2.21431,	559.9227,	0.000022,	23.719940,	350.130,	0.500
2.21488,	559.7786,	0.000021,	23.880430,	350.117,	0.500
2.21542,	559.6422,	0.000022,	23.972980,	350.109,	0.500
2.21599,	559.4982,	0.000020,	24.106100,	350.102,	0.500
2.21660,	559.3442,	0.000038,	24.257750,	350.082,	0.500
2.21718,	559.1979,	0.000029,	24.397720,	350.072,	0.500
2.21775,	559.0542,	0.000026,	24.523660,	350.067,	0.500
2.21829,	558.9181,	0.000011,	24.623410,	350.059,	0.500
2.21886,	558.7745,	0.000025,	24.753430,	350.039,	0.500
2.21944,	558.6285,	0.000022,	24.870240,	350.031,	0.500
2.22005,	558.4750,	0.000021,	24.978400,	350.024,	0.500
2.22062,	558.3317,	0.000008,	25.096460,	350.011,	0.500
2.22120,	558.1859,	0.000019,	25.183520,	349.996,	0.500
2.22177,	558.0427,	0.000016,	25.271570,	349.988,	0.500
2.22235,	557.8970,	0.000019,	25.373450,	349.976,	0.500
2.22288,	557.7640,	0.000012,	25.483560,	349.966,	0.500
2.22346,	557.6185,	0.000016,	25.560390,	349.952,	0.500
2.22403,	557.4756,	0.000020,	25.656870,	349.940,	0.500
2.22464,	557.3227,	0.000019,	25.760850,	349.929,	0.500
2.22522,	557.1775,	0.000012,	25.861120,	349.923,	0.500
2.22575,	557.0448,	0.000014,	25.954870,	349.905,	0.500
2.22633,	556.8997,	0.000017,	26.048220,	349.894,	0.500
2.22690,	556.7571,	0.000018,	26.156360,	349.886,	0.500
2.22748,	556.6122,	0.000019,	26.267290,	349.880,	0.500
2.22809,	556.4598,	0.000007,	26.407200,	349.857,	0.500
2.22866,	556.3174,	0.000019,	26.559410,	349.850,	0.500
2.22924,	556.1727,	0.000016,	26.677710,	349.843,	0.500
2.22981,	556.0305,	0.000018,	26.796380,	349.835,	0.500
2.23035,	555.8959,	0.000004,	26.929320,	349.813,	0.500
2.23092,	555.7539,	0.000021,	27.087920,	349.874,	0.500
2.23150,	555.6094,	0.000020,	27.204000,	350.147,	0.500
2.23211,	555.4576,	0.000017,	27.346630,	350.135,	0.500
2.23268,	555.3158,	0.000008,	27.504050,	350.120,	0.500
2.23326,	555.1716,	0.000022,	27.639870,	350.112,	0.500
2.23380,	555.0374,	0.000019,	27.741760,	350.100,	0.500
2.23437,	554.8958,	0.000017,	27.864690,	350.091,	0.500
2.23498,	554.7443,	0.000007,	28.000590,	350.077,	0.500
2.23556,	554.6004,	0.000016,	28.144320,	350.065,	0.500
2.23613,	554.4590,	0.000015,	28.272810,	350.056,	0.500
2.23674,	554.3078,	0.000015,	28.406810,	350.049,	0.500
2.23728,	554.1740,	0.000002,	28.514700,	350.030,	0.500
2.23785,	554.0329,	0.000016,	28.631010,	350.018,	0.500
2.23839,	553.8992,	0.000016,	28.752390,	350.012,	0.500
2.23896,	553.7582,	0.000017,	28.863660,	350.004,	0.500
2.23958,	553.6049,	0.000004,	28.985400,	349.982,	0.500
2.24015,	553.4640,	0.000014,	29.098680,	349.976,	0.500
2.24073,	553.3208,	0.000013,	29.186780,	349.969,	0.500
2.24126,	553.1899,	0.000013,	29.302490,	349.958,	0.500
2.24184,	553.0468,	0.000002,	29.410000,	349.939,	0.500
2.24241,	552.9062,	0.000014,	29.505620,	349.933,	0.500
2.24302,	552.7559,	0.000015,	29.624610,	349.923,	0.500
2.24360,	552.6130,	0.000014,	29.711690,	349.912,	0.500
2.24421,	552.4628,	0.000007,	29.818090,	349.897,	0.500
2.24475,	552.3299,	0.000012,	29.916070,	349.887,	0.500
2.24532,	552.1896,	0.000012,	30.004190,	349.874,	0.500
2.24586,	552.0569,	0.000013,	30.092620,	349.867,	0.500
2.24643,	551.9168,	0.000009,	30.182840,	349.851,	0.500
2.24701,	551.7743,	0.000013,	30.277630,	349.838,	0.500
2.24762,	551.6246,	0.000012,	30.356160,	349.830,	0.500
2.24819,	551.4847,	0.000011,	30.469160,	349.823,	0.500
2.24877,	551.3425,	0.000012,	30.549290,	350.132,	0.500
2.24930,	551.2126,	0.000012,	30.615410,	350.126,	0.500
2.24988,	551.0705,	0.000012,	30.677410,	350.118,	0.500
2.25049,	550.9211,	0.000012,	30.751530,	350.111,	0.500
2.25110,	550.7718,	0.000021,	30.792710,	350.090,	0.500
2.25168,	550.6299,	0.000017,	30.828990,	350.082,	0.500
2.25225,	550.4906,	0.000016,	30.868730,	350.075,	0.500
2.25279,	550.3586,	0.000012,	30.881220,	350.062,	0.500
2.25336,	550.2194,	0.000012,	30.898740,	350.048,	0.500
2.25394,	550.0778,	0.000010,	30.906510,	350.040,	0.500
2.25451,	549.9388,	0.000009,	30.893330,	350.027,	0.500
2.25508,	549.7998,	0.000010,	30.880440,	350.018,	0.500
2.25570,	549.6486,	0.000010,	30.860330,	350.002,	0.500
2.25627,	549.5098,	0.000010,	30.815760,	349.993,	0.500
2.25681,	549.3783,	0.000011,	30.763670,	349.983,	0.500
2.25738,	549.2396,	0.000011,	30.731830,	349.974,	0.500
2.25799,	549.0912,	0.000008,	30.669550,	349.957,	0.500
2.25857,	548.9502,	0.000009,	30.608140,	349.946,	0.500
2.25914,	548.8117,	0.000011,	30.559980,	349.938,	0.500
2.25972,	548.6708,	0.000010,	30.496470,	349.931,	0.500
2.26029,	548.5325,	0.000009,	30.444010,	349.911,	0.500
2.26083,	548.4014,	0.000008,	30.392800,	349.902,	0.500
2.26136,	548.2729,	0.000009,	30.355830,	349.895,	0.500
2.26198,	548.1226,	0.000009,	30.330520,	349.886,	0.500
2.26255,	547.9845,	0.000006,	30.317630,	349.866,	0.500
2.26313,	547.8441,	0.000008,	30.339070,	349.858,	0.500
2.26370,	547.7062,	0.000009,	30.378000,	349.850,	0.500
2.26427,	547.5683,	0.000009,	30.433250,	349.839,	0.500
2.26485,	547.4281,	0.000006,	30.550880,	349.822,	0.500
2.26542,	547.2903,	0.000005,	30.707190,	349.974,	0.500
2.26600,	547.1502,	0.000007,	30.877040,	350.192,	0.500
2.26661,	547.0030,	0.000003,	31.082740,	350.184,	0.500
2.26718,	546.8655,	0.000001,	31.300530,	350.169,	0.500
2.26776,	546.7256,	0.000002,	31.510560,	350.156,	0.500
2.26829,	546.5979,	0.000003,	31.741240,	350.147,	0.500
2.26887,	546.4581,	0.000003,	31.960840,	350.140,	0.500
2.26944,	546.3209,	0.000001,	32.192140,	350.121,	0.500
2.27002,	546.1813,	0.000001,	32.410800,	350.111,	0.500
2.27059,	546.0442,	0.000000,	32.612170,	350.104,	0.500
2.27120,	545.8975,	0.000001,	32.777290,	350.096,	0.500
2.27174,	545.7678,	-0.000003,	32.951850,	350.076,	0.500
2.27231,	545.6309,	-0.000004,	33.071920,	350.067,	0.500
2.27289,	545.4916,	-0.000002,	33.188190,	350.060,	0.500
2.27346,	545.3549,	-0.000003,	33.274890,	350.049,	0.500
2.27408,	545.2062,	-0.000003,	33.340800,	350.032,	0.500
2.27465,	545.0695,	-0.000002,	33.378300,	350.024,	0.500
2.27522,	544.9330,	-0.000003,	33.393990,	350.014,	0.500
2.27576,	544.8037,	0.000000,	33.364690,	350.002,	0.500
2.27630,	544.6744,	-0.000003,	33.320280,	349.988,	0.500
2.27687,	544.5381,	-0.000002,	33.223700,	349.978,	0.500
2.27745,	544.3994,	-0.000002,	33.118290,	349.967,	0.500
2.27806,	544.2536,	-0.000003,	32.950390,	349.959,	0.500
2.27863,	544.1175,	-0.000007,	32.749570,	349.943,	0.500
2.27921,	543.9790,	0.000000,	32.514720,	349.931,	0.500
2.27974,	543.8526,	0.000003,	32.249760,	349.923,	0.500
2.28032,	543.7142,	0.000000,	31.924830,	349.914,	0.500
2.28093,	543.5688,	-0.000014,	31.549270,	349.896,	0.500
2.28150,	543.4330,	0.000002,	31.122590,	349.887,	0.500
2.28212,	543.2854,	0.000005,	30.636980,	349.879,	0.500
2.28269,	543.1497,	0.000003,	30.143230,	349.871,	0.500
2.28323,	543.0213,	-0.000009,	29.605500,	349.851,	0.500
2.28376,	542.8952,	0.000003,	29.055050,	349.843,	0.500
2.28434,	542.7574,	0.000006,	28.480490,	349.836,	0.500
2.28491,	542.6220,	0.000006,	27.873190,	349.824,	0.500
2.28552,	542.4772,	-0.000007,	27.251660,	349.808,	0.500
2.28610,	542.3395,	0.000005,	26.724180,	350.001,	0.500
2.28667,	542.2044,	0.000010,	26.232090,	350.167,	0.500
2.28721,	542.0763,	0.000012,	25.840410,	350.159,	0.500
2.28778,	541.9413,	-0.000001,	25.536180,	350.144,	0.500
2.28836,	541.8039,	0.000008,	25.324100,	350.134,	0.500
2.28897,	541.6595,	0.000014,	25.230380,	350.125,	0.500
2.28954,	541.5247,	0.000021,	25.242250,	350.117,	0.500
2.29012,	541.3875,	0.000007,	25.338310,	350.099,	0.500
2.29069,	541.2528,	0.000003,	25.489730,	350.089,	0.500
2.29123,	541.1253,	0.000016,	25.695980,	350.080,	0.500
2.29177,	540.9978,	0.000015,	25.922310,	350.073,	0.500
2.29238,	540.8538,	0.000011,	26.146160,	350.052,	0.500
2.29295,	540.7194,	-0.000002,	26.397830,	350.045,	0.500
2.29353,	540.5826,	0.000014,	26.626820,	350.036,	0.500
2.29410,	540.4483,	0.000015,	26.828840,	350.027,	0.500
2.29468,	540.3117,	0.000011,	27.010900,	350.009,	0.500
2.29525,	540.1775,	0.000000,	27.160950,	350.000,	0.500
2.29582,	540.0434,	0.000012,	27.296590,	349.991,	0.500
2.29640,	539.9070,	0.000015,	27.413100,	349.980,	0.500
2.29701,	539.7636,	0.000013,	27.495810,	349.964,	0.500
2.29759,	539.6274,	0.000001,	27.562090,	349.955,	0.500
2.29816,	539.4935,	0.000013,	27.624360,	349.943,	0.500
2.29873,	539.3598,	0.000014,	27.679710,	349.935,	0.500
2.29927,	539.2331,	0.000013,	27.709290,	349.917,	0.500
2.29984,	539.0994,	0.000009,	27.772160,	349.906,	0.500
2.30042,	538.9635,	0.000023,	27.856230,	349.899,	0.500
2.30103,	538.8206,	0.000023,	27.945100,	349.891,	0.500
2.30161,	538.6849,	0.000020,	28.047550,	349.873,	0.500
2.30218,	538.5515,	0.000019,	28.195560,	349.864,	0.500
2.30272,	538.4252,	0.000016,	28.376570,	349.856,	0.500
2.30329,	538.2919,	0.000044,	28.613120,	349.847,	0.500
2.30390,	538.1494,	0.000029,	28.859890,	349.827,	0.500
2.30448,	538.0140,	0.000022,	29.178450,	349.820,	0.500
2.30505,	537.8809,	0.000055,	29.502270,	349.811,	0.500
2.30563,	537.7456,	0.000035,	29.867670,	349.801,	0.500
2.30620,	537.6127,	0.000023,	30.251920,	349.784,	0.500
2.30674,	537.4869,	0.000016,	30.650770,	350.026,	0.500
2.30727,	537.3634,	0.000016,	31.106020,	350.139,	0.500
2.30785,	537.2283,	0.000014,	31.569180,	350.128,	0.500
2.30846,	537.0864,	0.000011,	32.050500,	350.113,	0.500
2.30903,	536.9538,	0.000011,	32.436740,	350.103,	0.500
2.30961,	536.8190,	0.000011,	32.886530,	350.093,	0.500
2.31018,	536.6865,	0.000011,	33.372420,	350.087,	0.500
2.31076,	536.5518,	0.000009,	33.849630,	350.069,	0.500
2.31133,	536.4195,	0.000006,	34.273030,	350.056,	0.500
2.31194,	536.2779,	0.000007,	34.701880,	350.049,	0.500
2.31252,	536.1434,	0.000005,	35.121380,	350.041,	0.500
2.31309,	536.0113,	0.000002,	35.488680,	350.020,	0.500
2.31367,	535.8770,	0.000001,	35.817610,	350.012,	0.500
2.31420,	535.7542,	0.000000,	36.127500,	350.003,	0.500
2.31474,	535.6292,	0.000002,	36.375310,	349.996,	0.500
2.31531,	535.4974,	-0.000005,	36.624890,	349.978,	0.500
2.31589,	535.3633,	-0.000006,	36.827960,	349.969,	0.500
2.31650,	535.2223,	-0.000004,	36.940870,	349.961,	0.500
2.31708,	535.0883,	-0.000008,	37.026880,	349.949,	0.500
2.31765,	534.9567,	-0.000009,	37.054930,	349.934,	0.500
2.31819,	534.8321,	-0.000011,	37.043780,	349.924,	0.500
2.31876,	534.7006,	-0.000007,	36.940220,	349.913,	0.500
2.31937,	534.5600,	-0.000008,	36.720100,	349.905,	0.500
2.31995,	534.4264,	-0.000011,	36.421640,	349.888,	0.500
2.32052,	534.2951,	-0.000011,	35.993930,	349.878,	0.500
2.32110,	534.1616,	-0.000010,	35.520330,	349.867,	0.500
2.32163,	534.0396,	-0.000008,	34.992990,	349.858,	0.500
2.32221,	533.9063,	-0.000006,	34.451580,	349.839,	0.500
2.32278,	533.7752,	-0.000007,	33.880300,	349.831,	0.500
2.32335,	533.6443,	-0.000005,	33.388230,	349.823,	0.500
2.32393,	533.5111,	-0.000004,	33.045430,	349.813,	0.500
2.32454,	533.3711,	-0.000007,	32.893580,	350.168,	0.500
2.32512,	533.2380,	-0.000006,	32.953730,	350.161,	0.500
2.32565,	533.1165,	-0.000006,	33.197270,	350.152,	0.500
2.32623,	532.9836,	-0.000007,	33.675630,	350.143,	0.500
2.32680,	532.8530,	-0.000008,	34.353660,	350.127,	0.500
2.32741,	532.7134,	-0.000012,	35.130600,	350.117,	0.500
2.32799,	532.5807,	-0.000012,	35.965580,	350.110,	0.500
2.32856,	532.4503,	-0.000022,	36.783490,	350.098,	0.500
2.32914,	532.3177,	-0.000012,	37.553740,	350.081,	0.500
2.32967,	532.1966,	-0.000012,	38.277950,	350.073,	0.500
2.33021,	532.0733,	-0.000010,	38.983850,	350.062,	0.500
2.33082,	531.9340,	-0.000014,	39.658010,	350.054,	0.500
2.33140,	531.8017,	-0.000011,	40.290840,	350.038,	0.500
2.33201,	531.6626,	-0.000010,	40.876390,	350.027,	0.500
2.33258,	531.5327,	-0.000004,	41.395950,	350.019,	0.500
2.33312,	531.4096,	-0.000003,	41.889390,	350.010,	0.500
2.33369,	531.2798,	-0.000001,	42.354040,	349.991,	0.500
2.33427,	531.1478,	-0.000001,	42.789390,	349.983,	0.500
2.33484,	531.0182,	0.000004,	43.204760,	349.974,	0.500
2.33545,	530.8795,	0.000004,	43.547850,	349.966,	0.500
2.33603,	530.7477,	0.000007,	43.894440,	349.947,	0.500
2.33656,	530.6273,	-0.000004,	44.179950,	349.937,	0.500
2.33714,	530.4956,	0.000012,	44.395240,	349.928,	0.500
2.33767,	530.3753,	0.000012,	44.620180,	349.919,	0.500
2.33825,	530.2437,	0.000007,	44.819340,	349.902,	0.500
2.33882,	530.1145,	-0.000008,	44.993940,	349.893,	0.500
2.33944,	529.9740,	0.000009,	45.141640,	349.885,	0.500
2.34001,	529.8449,	0.000010,	45.273390,	349.874,	0.500
2.34058,	529.7159,	0.000008,	45.402470,	349.856,	0.500
2.34112,	529.5937,	-0.000007,	45.492340,	349.849,	0.500
2.34170,	529.4625,	0.000007,	45.605160,	349.837,	0.500
2.34227,	529.3337,	0.000008,	45.707480,	349.829,	0.500
2.34288,	529.1959,	0.000007,	45.798600,	349.811,	0.500
2.34346,	529.0649,	-0.000009,	45.899490,	349.801,	0.500
2.34403,	528.9363,	-0.000005,	45.964310,	349.792,	0.500
2.34457,	528.8144,	0.000010,	46.089700,	349.783,	0.500
2.34514,	528.6859,	0.000007,	46.168800,	350.105,	0.500
2.34568,	528.5642,	0.000003,	46.240900,	350.098,	0.500
2.34629,	528.4268,	-0.000005,	46.309200,	350.090,	0.500
2.34690,	528.2894,	0.000012,	46.399600,	350.082,	0.500
2.34748,	528.1589,	0.000008,	46.476760,	350.064,	0.500
2.34805,	528.0307,	0.000006,	46.540570,	350.054,	0.500
2.34859,	527.9093,	-0.000005,	46.609910,	350.046,	0.500
2.34916,	527.7812,	0.000009,	46.687500,	350.036,	0.500
2.34974,	527.6509,	0.000008,	46.772750,	350.018,	0.500
2.35035,	527.5140,	0.000008,	46.851560,	350.010,	0.500
2.35092,	527.3861,	-0.000002,	46.909980,	350.001,	0.500
2.35150,	527.2560,	0.000007,	47.003510,	349.991,	0.500
2.35203,	527.1372,	0.000009,	47.075640,	349.974,	0.500
2.35261,	527.0072,	0.000008,	47.161230,	349.965,	0.500
2.35314,	526.8885,	0.000006,	47.231290,	349.956,	0.500
2.35376,	526.7497,	0.000009,	47.308760,	349.946,	0.500
2.35433,	526.6222,	0.000007,	47.424570,	349.929,	0.500
2.35491,	526.4925,	0.000008,	47.509540,	349.918,	0.500
2.35552,	526.3562,	0.000010,	47.600840,	349.910,	0.500
2.35605,	526.2377,	0.000001,	47.672220,	349.901,	0.500
2.35663,	526.1082,	0.000008,	47.792130,	349.883,	0.500
2.35720,	525.9810,	0.000008,	47.871900,	349.874,	0.500
2.35778,	525.8516,	0.000008,	47.975160,	349.865,	0.500
2.35839,	525.7156,	0.000007,	48.087570,	349.857,	0.500
2.35896,	525.5886,	0.000006,	48.177370,	349.838,	0.500
2.35950,	525.4683,	0.000004,	48.291060,	349.829,	0.500
2.36004,	525.3481,	0.000006,	48.384460,	349.820,	0.500
2.36061,	525.2212,	0.000007,	48.469920,	349.810,	0.500
2.36118,	525.0944,	0.000004,	48.572970,	349.792,	0.500
2.36176,	524.9655,	0.000003,	48.748750,	350.095,	0.500
2.36233,	524.8388,	0.000005,	48.850430,	350.111,	0.500
2.36295,	524.7011,	0.000005,	48.940460,	350.104,	0.500
2.36352,	524.5745,	0.000006,	49.044550,	350.086,	0.500
2.36406,	524.4547,	0.000003,	49.157630,	350.076,	0.500
2.36463,	524.3283,	0.000004,	49.256240,	350.069,	0.500
2.36521,	524.1997,	0.000005,	49.348690,	350.059,	0.500
2.36582,	524.0646,	0.000006,	49.443780,	350.042,	0.500
2.36639,	523.9383,	0.000003,	49.545660,	350.034,	0.500
2.36693,	523.8188,	0.000005,	49.638740,	350.024,	0.500
2.36750,	523.6927,	0.000004,	49.724770,	350.016,	0.500
2.36804,	523.5733,	0.000002,	49.809080,	349.997,	0.500
2.36857,	523.4561,	0.000002,	49.895120,	349.989,	0.500
2.36919,	523.3191,	0.000002,	49.986020,	349.980,	0.500
2.36980,	523.1844,	0.000002,	50.062330,	349.970,	0.500
2.37037,	523.0586,	0.000003,	50.148450,	349.952,	0.500
2.37095,	522.9307,	0.000001,	50.222410,	349.943,	0.500
2.37152,	522.8050,	0.000002,	50.293730,	349.935,	0.500
2.37206,	522.6860,	0.000002,	50.358690,	349.926,	0.500
2.37267,	522.5516,	0.000002,	50.432290,	349.906,	0.500
2.37325,	522.4239,	0.000002,	50.486650,	349.898,	0.500
2.37382,	522.2984,	0.000004,	50.525260,	349.889,	0.500
2.37439,	522.1730,	0.000001,	50.605320,	349.880,	0.500
2.37497,	522.0455,	0.000002,	50.645060,	349.863,	0.500
2.37551,	521.9268,	0.000002,	50.683160,	349.852,	0.500
2.37604,	521.8104,	0.000002,	50.736010,	349.844,	0.500
2.37665,	521.6765,	0.000005,	50.779120,	349.835,	0.500
2.37723,	521.5492,	0.000002,	50.818750,	349.816,	0.500
2.37784,	521.4154,	0.000001,	50.870010,	349.808,	0.500
2.37842,	521.2883,	-0.000006,	50.913280,	349.798,	0.500
2.37895,	521.1721,	0.000003,	50.993180,	349.825,	0.500
2.37953,	521.0451,	0.000001,	51.041730,	350.114,	0.500
2.38010,	520.9203,	0.000001,	51.077210,	350.104,	0.500
2.38067,	520.7956,	-0.000015,	51.119910,	350.096,	0.500
2.38129,	520.6600,	0.000001,	51.155380,	350.087,	0.500
2.38186,	520.5354,	0.000001,	51.220650,	350.068,	0.500
2.38240,	520.4174,	0.000000,	51.273450,	350.061,	0.500
2.38293,	520.3017,	-0.000015,	51.320390,	350.052,	0.500
2.38351,	520.1751,	-0.000001,	51.398890,	350.043,	0.500
2.38408,	520.0507,	0.000002,	51.453900,	350.026,	0.500
2.38466,	519.9242,	0.000000,	51.518020,	350.016,	0.500
2.38527,	519.7912,	-0.000016,	51.617270,	350.006,	0.500
2.38584,	519.6671,	-0.000002,	51.692200,	349.997,	0.500
2.38642,	519.5408,	0.000001,	51.788780,	349.980,	0.500
2.38699,	519.4167,	-0.000002,	51.884690,	349.971,	0.500
2.38757,	519.2905,	-0.000012,	51.980480,	349.962,	0.500
2.38814,	519.1666,	-0.000003,	52.086530,	349.953,	0.500
2.38875,	519.0340,	0.000003,	52.201860,	349.934,	0.500
2.38933,	518.9080,	0.000003,	52.325500,	349.925,	0.500
2.38990,	518.7842,	-0.000004,	52.430880,	349.915,	0.500
2.39044,	518.6670,	-0.000020,	52.561840,	349.908,	0.500
2.39097,	518.5521,	0.000001,	52.669910,	349.888,	0.500
2.39155,	518.4263,	-0.000002,	52.810980,	349.880,	0.500
2.39212,	518.3028,	-0.000002,	52.943630,	349.872,	0.500
2.39274,	518.1685,	-0.000017,	53.076470,	349.863,	0.500
2.39331,	518.0451,	-0.000001,	53.215840,	349.844,	0.500
2.39388,	517.9217,	-0.000001,	53.354630,	349.836,	0.500
2.39446,	517.7963,	0.000000,	53.484680,	349.826,	0.500
2.39503,	517.6730,	-0.000017,	53.638130,	349.817,	0.500
2.39561,	517.5477,	-0.000002,	53.735250,	349.800,	0.500
2.39618,	517.4246,	-0.000001,	53.965930,	350.140,	0.500
2.39679,	517.2929,	-0.000005,	54.113330,	350.145,	0.500
2.39737,	517.1677,	-0.000015,	54.246290,	350.134,	0.500
2.39790,	517.0534,	-0.000002,	54.386690,	350.119,	0.500
2.39848,	516.9284,	-0.000003,	54.525330,	350.110,	0.500
2.39901,	516.8142,	-0.000002,	54.652350,	350.101,	0.500
2.39963,	516.6807,	-0.000009,	54.788710,	350.092,	0.500
2.40020,	516.5580,	-0.000004,	54.954020,	350.074,	0.500
2.40081,	516.4267,	-0.000004,	55.079250,	350.065,	0.500
2.40139,	516.3020,	-0.000006,	55.213540,	350.055,	0.500
2.40196,	516.1795,	-0.000004,	55.360200,	350.049,	0.500
2.40250,	516.0635,	-0.000005,	55.477980,	350.029,	0.500
2.40307,	515.9410,	-0.000004,	55.612940,	350.020,	0.500
2.40369,	515.8080,	-0.000007,	55.767190,	350.012,	0.500
2.40426,	515.6857,	-0.000008,	55.896810,	350.003,	0.500
2.40484,	515.5613,	-0.000008,	56.014160,	349.983,	0.500
2.40541,	515.4391,	-0.000007,	56.153570,	349.975,	0.500
2.40595,	515.3234,	-0.000008,	56.272540,	349.966,	0.500
2.40648,	515.2099,	-0.000007,	56.393100,	349.956,	0.500
2.40706,	515.0858,	-0.000006,	56.513520,	349.940,	0.500
2.40767,	514.9553,	-0.000007,	56.657410,	349.929,	0.500
2.40824,	514.8334,	-0.000008,	56.766020,	349.920,	0.500
2.40882,	514.7095,	-0.000008,	56.918560,	349.912,	0.500
2.40939,	514.5877,	-0.000008,	57.021550,	349.894,	0.500
2.40993,	514.4724,	-0.000009,	57.140570,	349.884,	0.500
2.41050,	514.3507,	-0.000013,	57.275600,	349.874,	0.500
2.41111,	514.2206,	-0.000011,	57.394820,	349.866,	0.500
2.41169,	514.0969,	-0.000011,	57.502230,	349.849,	0.500
2.41226,	513.9755,	-0.000011,	57.637550,	349.839,	0.500
2.41284,	513.8519,	-0.000010,	57.760630,	349.830,	0.500
2.41341,	513.7305,	-0.000010,	57.869170,	349.823,	0.500
2.41395,	513.6156,	-0.000009,	57.986150,	349.802,	0.500
2.41452,	513.4944,	-0.000011,	58.081920,	349.794,	0.500
2.41510,	513.3711,	-0.000010,	58.215020,	349.785,	0.500
2.41571,	513.2414,	-0.000012,	58.333220,	349.775,	0.500
2.41628,	513.1204,	-0.000012,	58.273670,	349.758,	0.500
2.41686,	512.9972,	-0.000012,	58.617180,	350.125,	0.500
2.41739,	512.8847,	-0.000011,	58.743360,	350.124,	0.500
2.41797,	512.7617,	-0.000012,	58.857040,	350.115,	0.500
2.41854,	512.6409,	-0.000013,	58.943870,	350.098,	0.500
2.41912,	512.5180,	-0.000013,	59.065510,	350.089,	0.500
2.41969,	512.3972,	-0.000013,	59.179410,	350.079,	0.500
2.42030,	512.2681,	-0.000014,	59.284230,	350.069,	0.500
2.42084,	512.1538,	-0.000012,	59.397350,	350.053,	0.500
