Lmd,  eV,  sig,    mon,    Ring,  sec
#lmd,   E,  HOYAX,  Y,  Smpl,  Det, AGC X, Y, Smpl, Det, pps
#4.37039,	283.6915,	2.001,	94.000,	82.900,	-0.259,	0.000,	-76.000,	0.000,	29.999,150

4.27031,	290.3401,	-0.000017,	23.982800,	349.963,	187.780
4.27142,	290.2647,	-0.000015,	24.535440,	349.954,	0.500
4.27257,	290.1866,	-0.000007,	25.093750,	349.944,	0.500
4.27375,	290.1064,	-0.000009,	25.648630,	349.927,	0.500
4.27490,	290.0284,	-0.000008,	26.148340,	349.917,	0.500
4.27605,	289.9504,	-0.000010,	26.602140,	349.907,	0.500
4.27720,	289.8724,	-0.000007,	27.053810,	349.901,	0.500
4.27839,	289.7918,	-0.000011,	27.493280,	349.881,	0.500
4.27953,	289.7146,	-0.000012,	27.863500,	349.871,	0.500
4.28068,	289.6368,	-0.000013,	28.206190,	349.864,	0.500
4.28183,	289.5590,	-0.000017,	28.577100,	349.854,	0.500
4.28298,	289.4813,	-0.000022,	28.899350,	349.836,	0.500
4.28409,	289.4063,	-0.000023,	29.185420,	349.830,	0.500
4.28524,	289.3286,	-0.000025,	29.450010,	349.820,	0.500
4.28643,	289.2483,	-0.000024,	29.772220,	349.810,	0.500
4.28758,	289.1707,	-0.000023,	30.045990,	350.022,	0.500
4.28869,	289.0958,	-0.000021,	30.265270,	350.132,	0.500
4.28987,	289.0163,	-0.000021,	30.490590,	350.123,	0.500
4.29102,	288.9389,	-0.000019,	30.723740,	350.114,	0.500
4.29213,	288.8641,	-0.000020,	30.946680,	350.099,	0.500
4.29332,	288.7841,	-0.000020,	31.173020,	350.088,	0.500
4.29451,	288.7041,	-0.000022,	31.406000,	350.079,	0.500
4.29565,	288.6274,	-0.000020,	31.661500,	350.072,	0.500
4.29676,	288.5529,	-0.000020,	31.873750,	350.052,	0.500
4.29795,	288.4730,	-0.000019,	32.129280,	350.043,	0.500
4.29906,	288.3985,	-0.000016,	32.364080,	350.035,	0.500
4.30017,	288.3241,	-0.000014,	32.569790,	350.027,	0.500
4.30136,	288.2443,	-0.000012,	32.827170,	350.008,	0.500
4.30255,	288.1646,	-0.000012,	33.014730,	350.000,	0.500
4.30366,	288.0902,	-0.000010,	33.184960,	349.991,	0.500
4.30481,	288.0133,	-0.000004,	33.371680,	349.981,	0.500
4.30599,	287.9344,	0.000004,	33.469950,	349.962,	0.500
4.30710,	287.8601,	0.000008,	33.575950,	349.957,	0.500
4.30825,	287.7833,	0.000010,	33.624290,	349.945,	0.500
4.30944,	287.7038,	0.000013,	33.624760,	349.936,	0.500
4.31059,	287.6271,	0.000011,	33.625760,	349.921,	0.500
4.31170,	287.5530,	0.000014,	33.613360,	349.909,	0.500
4.31285,	287.4764,	0.000016,	33.581670,	349.899,	0.500
4.31396,	287.4024,	0.000020,	33.491610,	349.890,	0.500
4.31511,	287.3258,	0.000020,	33.338620,	349.872,	0.500
4.31625,	287.2499,	0.000025,	33.098050,	349.863,	0.500
4.31748,	287.1681,	0.000021,	32.694090,	349.853,	0.500
4.31863,	287.0916,	0.000023,	32.184910,	349.847,	0.500
4.31974,	287.0178,	0.000023,	31.480040,	349.826,	0.500
4.32089,	286.9414,	0.000027,	30.633880,	349.817,	0.500
4.32204,	286.8651,	0.000023,	29.727190,	349.811,	0.500
4.32315,	286.7914,	0.000027,	28.668250,	350.143,	0.500
4.32433,	286.7132,	0.000024,	27.446640,	350.128,	0.500
4.32552,	286.6343,	0.000027,	26.121950,	350.121,	0.500
4.32663,	286.5608,	0.000027,	24.815370,	350.112,	0.500
4.32778,	286.4846,	0.000029,	23.454510,	350.101,	0.500
4.32897,	286.4059,	0.000028,	22.046930,	350.085,	0.500
4.33008,	286.3325,	0.000027,	20.742120,	350.078,	0.500
4.33123,	286.2564,	0.000029,	19.452760,	350.067,	0.500
4.33245,	286.1758,	0.000036,	18.254550,	350.057,	0.500
4.33360,	286.0999,	0.000033,	17.238450,	350.042,	0.500
4.33475,	286.0240,	0.000032,	16.392950,	350.031,	0.500
4.33590,	285.9481,	0.000032,	15.639940,	350.023,	0.500
4.33705,	285.8723,	0.000036,	15.107080,	350.014,	0.500
4.33816,	285.7991,	0.000034,	14.738750,	349.996,	0.500
4.33934,	285.7214,	0.000038,	14.462490,	349.986,	0.500
4.34053,	285.6431,	0.000037,	14.349220,	349.977,	0.500
4.34168,	285.5674,	0.000040,	14.357060,	349.972,	0.500
4.34279,	285.4944,	0.000038,	14.494640,	349.951,	0.500
4.34398,	285.4162,	0.000038,	14.779980,	349.940,	0.500
4.34509,	285.3433,	0.000040,	15.254230,	349.934,	0.500
4.34620,	285.2705,	0.000039,	15.976180,	349.923,	0.500
4.34738,	285.1930,	0.000039,	16.977650,	349.905,	0.500
4.34857,	285.1150,	0.000038,	18.184840,	349.898,	0.500
4.34968,	285.0422,	0.000036,	19.552700,	349.888,	0.500
4.35083,	284.9669,	0.000039,	21.101030,	349.878,	0.500
4.35198,	284.8916,	0.000040,	22.803010,	349.861,	0.500
4.35313,	284.8163,	0.000037,	24.545780,	349.851,	0.500
4.35424,	284.7437,	0.000034,	26.375530,	349.841,	0.500
4.35542,	284.6666,	0.000034,	28.364250,	349.832,	0.500
4.35657,	284.5914,	0.000032,	30.347330,	350.071,	0.500
4.35768,	284.5189,	0.000034,	32.260470,	350.143,	0.500
4.35887,	284.4413,	0.000028,	34.289250,	350.134,	0.500
4.36002,	284.3662,	0.000031,	36.196650,	350.127,	0.500
4.36113,	284.2939,	0.000026,	37.943580,	350.108,	0.500
4.36232,	284.2163,	0.000024,	39.701180,	350.099,	0.500
4.36350,	284.1394,	0.000024,	41.321480,	350.091,	0.500
4.36465,	284.0646,	0.000025,	42.704420,	350.083,	0.500
4.36576,	283.9923,	0.000021,	44.001890,	350.065,	0.500
4.36695,	283.9150,	0.000022,	45.236330,	350.055,	0.500
4.36810,	283.8402,	0.000021,	46.356080,	350.049,	0.500
4.36921,	283.7681,	0.000021,	47.392910,	350.038,	0.500
4.37036,	283.6934,	0.000021,	48.404750,	350.021,	0.500
4.37154,	283.6169,	0.000024,	49.329640,	350.014,	0.500
