X, Y, sig,    mon,    Ring,  sec
#lmd,   E,  HOYAX,  Y,  Smpl,  Det, AGC X, Y, Smpl, Det, pps
#13.50012,	91.8394,	12.501,	34.200,	82.900,	167.431,	0.000,	-76.000,	0.000,	29.999,50

-20.007,	34.200,	0.001510,	-0.000523,	349.901,	59.910
-19.932,	34.200,	0.001780,	-0.000944,	349.889,	0.500
-19.860,	34.200,	0.002917,	-0.000811,	349.880,	0.500
-19.782,	34.200,	0.004637,	-0.000693,	349.874,	0.500
-19.707,	34.200,	0.006314,	-0.000681,	349.853,	0.500
-19.632,	34.200,	0.008747,	-0.000622,	349.844,	0.500
-19.557,	34.200,	0.011462,	-0.000570,	349.836,	0.500
-19.485,	34.200,	0.014267,	-0.000587,	349.828,	0.500
-19.410,	34.200,	0.016865,	-0.000619,	349.807,	0.500
-19.332,	34.200,	0.019281,	-0.000551,	349.801,	0.500
-19.257,	34.200,	0.021702,	-0.000572,	349.793,	0.500
-19.182,	34.200,	0.022485,	-0.000547,	350.132,	0.500
-19.110,	34.200,	0.022494,	-0.000577,	350.119,	0.500
-19.032,	34.200,	0.022264,	-0.000553,	350.111,	0.500
-18.960,	34.200,	0.021929,	-0.000548,	350.100,	0.500
-18.882,	34.200,	0.021954,	-0.000546,	350.090,	0.500
-18.807,	34.200,	0.022565,	-0.000533,	350.076,	0.500
-18.732,	34.200,	0.022081,	-0.000486,	350.065,	0.500
-18.657,	34.200,	0.021720,	-0.000490,	350.054,	0.500
-18.585,	34.200,	0.020964,	-0.000469,	350.048,	0.500
-18.507,	34.200,	0.020106,	-0.000415,	350.031,	0.500
-18.432,	34.200,	0.019269,	-0.000384,	350.020,	0.500
-18.357,	34.200,	0.038563,	-0.000361,	350.012,	0.500
-18.282,	34.200,	0.046540,	0.011061,	350.003,	0.500
-18.207,	34.200,	0.036044,	0.025308,	349.983,	0.500
-18.135,	34.200,	0.028040,	0.032048,	349.976,	0.500
-18.057,	34.200,	0.023641,	0.034160,	349.970,	0.500
-17.982,	34.200,	0.021862,	0.034036,	349.960,	0.500
-17.907,	34.200,	0.021459,	0.033302,	349.941,	0.500
-17.832,	34.200,	0.021655,	0.032819,	349.933,	0.500
-17.757,	34.200,	0.021836,	0.032546,	349.923,	0.500
-17.685,	34.200,	0.021871,	0.032433,	349.912,	0.500
-17.610,	34.200,	0.021855,	0.032373,	349.896,	0.500
-17.532,	34.200,	0.022028,	0.032326,	349.888,	0.500
-17.460,	34.200,	0.022113,	0.032294,	349.875,	0.500
-17.382,	34.200,	0.021931,	0.032265,	349.867,	0.500
-17.310,	34.200,	0.021855,	0.032204,	349.851,	0.500
-17.235,	34.200,	0.021838,	0.032141,	349.840,	0.500
-17.157,	34.200,	0.021835,	0.032101,	349.832,	0.500
-17.085,	34.200,	0.021833,	0.032090,	349.824,	0.500
-17.007,	34.200,	0.021848,	0.032072,	350.070,	0.500
-16.935,	34.200,	0.021837,	0.032075,	350.139,	0.500
-16.857,	34.200,	0.021806,	0.032097,	350.132,	0.500
-16.782,	34.200,	0.021719,	0.032113,	350.126,	0.500
-16.707,	34.200,	0.021673,	0.032156,	350.104,	0.500
-16.635,	34.200,	0.021662,	0.032192,	350.097,	0.500
-16.560,	34.200,	0.021682,	0.032244,	350.090,	0.500
-16.485,	34.200,	0.021696,	0.032347,	350.080,	0.500
-16.407,	34.200,	0.021700,	0.032440,	350.060,	0.500
-16.335,	34.200,	0.021736,	0.032520,	350.054,	0.500
-16.257,	34.200,	0.021795,	0.032626,	350.044,	0.500
-16.185,	34.200,	0.021825,	0.032752,	350.033,	0.500
-16.110,	34.200,	0.021864,	0.032867,	350.018,	0.500
-16.035,	34.200,	0.022042,	0.032958,	350.009,	0.500
-15.957,	34.200,	0.022003,	0.033081,	349.997,	0.500
-15.882,	34.200,	0.021936,	0.033197,	349.989,	0.500
-15.810,	34.200,	0.021878,	0.033293,	349.974,	0.500
-15.735,	34.200,	0.021847,	0.033420,	349.959,	0.500
-15.660,	34.200,	0.021861,	0.033520,	349.952,	0.500
-15.585,	34.200,	0.021922,	0.033630,	349.945,	0.500
-15.510,	34.200,	0.021902,	0.033720,	349.924,	0.500
-15.432,	34.200,	0.021865,	0.033813,	349.917,	0.500
-15.357,	34.200,	0.021808,	0.033882,	349.908,	0.500
-15.285,	34.200,	0.021183,	0.033934,	349.900,	0.500
-15.210,	34.200,	0.020577,	0.033945,	349.880,	0.500
-15.132,	34.200,	0.020286,	0.033954,	349.871,	0.500
-15.060,	34.200,	0.020303,	0.033982,	349.865,	0.500
-14.982,	34.200,	0.020380,	0.033984,	349.852,	0.500
-14.907,	34.200,	0.020520,	0.033934,	349.836,	0.500
-14.835,	34.200,	0.022450,	0.033888,	349.829,	0.500
-14.757,	34.200,	0.021950,	0.033791,	349.817,	0.500
-14.685,	34.200,	0.021292,	0.033710,	350.186,	0.500
-14.607,	34.200,	0.020811,	0.033616,	350.173,	0.500
-14.535,	34.200,	0.020620,	0.033484,	350.163,	0.500
-14.457,	34.200,	0.020561,	0.033343,	350.152,	0.500
-14.382,	34.200,	0.020652,	0.033194,	350.145,	0.500
-14.310,	34.200,	0.020722,	0.033031,	350.129,	0.500
-14.235,	34.200,	0.020844,	0.032900,	350.117,	0.500
-14.160,	34.200,	0.020920,	0.032775,	350.110,	0.500
-14.085,	34.200,	0.020815,	0.032567,	350.103,	0.500
-14.007,	34.200,	0.020875,	0.032397,	350.082,	0.500
-13.935,	34.200,	0.020905,	0.032275,	350.074,	0.500
-13.860,	34.200,	0.021134,	0.032169,	350.067,	0.500
-13.782,	34.200,	0.021266,	0.032023,	350.058,	0.500
-13.707,	34.200,	0.021380,	0.031946,	350.039,	0.500
-13.635,	34.200,	0.021538,	0.031890,	350.031,	0.500
-13.557,	34.200,	0.021556,	0.031834,	350.023,	0.500
-13.485,	34.200,	0.021530,	0.031797,	350.011,	0.500
-13.407,	34.200,	0.021533,	0.031769,	349.995,	0.500
-13.335,	34.200,	0.021663,	0.031789,	349.989,	0.500
-13.260,	34.200,	0.021727,	0.031830,	349.975,	0.500
-13.182,	34.200,	0.021759,	0.031871,	349.966,	0.500
-13.107,	34.200,	0.021836,	0.031951,	349.952,	0.500
-13.032,	34.200,	0.021856,	0.032053,	349.938,	0.500
-12.957,	34.200,	0.021844,	0.032149,	349.929,	0.500
-12.882,	34.200,	0.021857,	0.032277,	349.922,	0.500
-12.807,	34.200,	0.021887,	0.032381,	349.902,	0.500
-12.732,	34.200,	0.021924,	0.032504,	349.892,	0.500
-12.660,	34.200,	0.021972,	0.032679,	349.885,	0.500
-12.585,	34.200,	0.022164,	0.032822,	349.878,	0.500
-12.507,	34.200,	0.022123,	0.032960,	349.856,	0.500
-12.435,	34.200,	0.022104,	0.033066,	349.849,	0.500
-12.357,	34.200,	0.022106,	0.033161,	349.841,	0.500
-12.285,	34.200,	0.022123,	0.033246,	349.831,	0.500
-12.207,	34.200,	0.022146,	0.033284,	349.813,	0.500
-12.132,	34.200,	0.022180,	0.033367,	349.805,	0.500
-12.057,	34.200,	0.022212,	0.033329,	349.793,	0.500
-11.982,	34.200,	0.022240,	0.033327,	350.126,	0.500
-11.910,	34.200,	0.022076,	0.033271,	350.112,	0.500
-11.835,	34.200,	0.022228,	0.033196,	350.104,	0.500
-11.757,	34.200,	0.022346,	0.033062,	350.092,	0.500
-11.682,	34.200,	0.022407,	0.032916,	350.086,	0.500
-11.610,	34.200,	0.022429,	0.032737,	350.071,	0.500
-11.535,	34.200,	0.022445,	0.032555,	350.058,	0.500
-11.460,	34.200,	0.022463,	0.032340,	350.050,	0.500
-11.385,	34.200,	0.022493,	0.032131,	350.043,	0.500
-11.307,	34.200,	0.022509,	0.031919,	350.022,	0.500
-11.235,	34.200,	0.022504,	0.031720,	350.015,	0.500
-11.160,	34.200,	0.022528,	0.031570,	350.005,	0.500
-11.085,	34.200,	0.022547,	0.031409,	349.999,	0.500
-11.007,	34.200,	0.022569,	0.031307,	349.977,	0.500
-10.935,	34.200,	0.022561,	0.031222,	349.969,	0.500
-10.857,	34.200,	0.022507,	0.031193,	349.963,	0.500
-10.785,	34.200,	0.022494,	0.031171,	349.950,	0.500
-10.710,	34.200,	0.022488,	0.031186,	349.933,	0.500
-10.635,	34.200,	0.022515,	0.031243,	349.927,	0.500
-10.557,	34.200,	0.022557,	0.031335,	349.914,	0.500
-10.485,	34.200,	0.022620,	0.031437,	349.906,	0.500
-10.410,	34.200,	0.022668,	0.031559,	349.891,	0.500
-10.335,	34.200,	0.022727,	0.031733,	349.879,	0.500
-10.260,	34.200,	0.022967,	0.031917,	349.869,	0.500
-10.185,	34.200,	0.022925,	0.032083,	349.861,	0.500
-10.110,	34.200,	0.022930,	0.032238,	349.843,	0.500
-10.035,	34.200,	0.022957,	0.032394,	349.833,	0.500
-9.957,	34.200,	0.022979,	0.032538,	349.825,	0.500
-9.885,	34.200,	0.023031,	0.032611,	349.818,	0.500
-9.810,	34.200,	0.023101,	0.032644,	350.038,	0.500
-9.732,	34.200,	0.023162,	0.032693,	350.155,	0.500
-9.660,	34.200,	0.023196,	0.032725,	350.149,	0.500
-9.582,	34.200,	0.023223,	0.032708,	350.141,	0.500
-9.510,	34.200,	0.023244,	0.032644,	350.121,	0.500
-9.435,	34.200,	0.023283,	0.032553,	350.113,	0.500
-9.360,	34.200,	0.023469,	0.032387,	350.105,	0.500
-9.282,	34.200,	0.023444,	0.032230,	350.085,	0.520
-9.207,	34.200,	0.023438,	0.032119,	350.077,	0.490
-9.132,	34.200,	0.023449,	0.031874,	350.070,	0.490
-9.057,	34.200,	0.023483,	0.031638,	350.058,	0.500
-8.982,	34.200,	0.023520,	0.031403,	350.049,	0.500
-8.910,	34.200,	0.023578,	0.031177,	350.035,	0.500
-8.832,	34.200,	0.023616,	0.030983,	350.021,	0.500
-8.760,	34.200,	0.023649,	0.030824,	350.013,	0.500
-8.685,	34.200,	0.023697,	0.030704,	350.005,	0.500
-8.610,	34.200,	0.023743,	0.030719,	349.986,	0.500
-8.535,	34.200,	0.023827,	0.030779,	349.978,	0.500
-8.457,	34.200,	0.024088,	0.030603,	349.970,	0.500
-8.382,	34.200,	0.024475,	0.030260,	349.963,	0.500
-8.307,	34.200,	0.025077,	0.030154,	349.941,	0.500
-8.232,	34.200,	0.025772,	0.030128,	349.933,	0.500
-8.157,	34.200,	0.026507,	0.030340,	349.926,	0.500
-8.085,	34.200,	0.027194,	0.030589,	349.915,	0.500
-8.007,	34.200,	0.027728,	0.030776,	349.898,	0.500
-7.935,	34.200,	0.028160,	0.030946,	349.890,	0.500
-7.860,	34.200,	0.028588,	0.031055,	349.880,	0.500
-7.782,	34.200,	0.028949,	0.031212,	349.869,	0.500
-7.707,	34.200,	0.029217,	0.031194,	349.853,	0.500
-7.632,	34.200,	0.029319,	0.031176,	349.845,	0.500
-7.557,	34.200,	0.029487,	0.031074,	349.833,	0.500
-7.485,	34.200,	0.029325,	0.031093,	350.206,	0.500
-7.410,	34.200,	0.029295,	0.031349,	350.194,	0.500
-7.332,	34.200,	0.029400,	0.031920,	350.183,	0.500
-7.257,	34.200,	0.029769,	0.032584,	350.175,	0.500
-7.185,	34.200,	0.030158,	0.033223,	350.165,	0.500
-7.110,	34.200,	0.030504,	0.033487,	350.146,	0.500
-7.032,	34.200,	0.030783,	0.031449,	350.139,	0.500
-6.960,	34.200,	0.030985,	0.029287,	350.131,	0.500
-6.885,	34.200,	0.031072,	0.028302,	350.123,	0.500
-6.810,	34.200,	0.031125,	0.028129,	350.103,	0.500
-6.735,	34.200,	0.031024,	0.029785,	350.095,	0.500
-6.660,	34.200,	0.030887,	0.031752,	350.088,	0.500
-6.585,	34.200,	0.030396,	0.032695,	350.075,	0.500
-6.507,	34.200,	0.029854,	0.032482,	350.059,	0.500
-6.432,	34.200,	0.028931,	0.031698,	350.052,	0.500
-6.357,	34.200,	0.027823,	0.030810,	350.040,	0.500
-6.285,	34.200,	0.026472,	0.029932,	350.030,	0.500
-6.210,	34.200,	0.025629,	0.029475,	350.015,	0.500
-6.132,	34.200,	0.025352,	0.029527,	350.003,	0.500
-6.060,	34.200,	0.025286,	0.029689,	349.994,	0.500
-5.985,	34.200,	0.025275,	0.029657,	349.986,	0.500
-5.907,	34.200,	0.025290,	0.029461,	349.969,	0.500
-5.832,	34.200,	0.025308,	0.029587,	349.958,	0.510
-5.760,	34.200,	0.025325,	0.029969,	349.951,	0.490
-5.685,	34.200,	0.025298,	0.030400,	349.943,	0.500
-5.607,	34.200,	0.025144,	0.030835,	349.923,	0.500
-5.535,	34.200,	0.025206,	0.031063,	349.915,	0.500
-5.460,	34.200,	0.025395,	0.031269,	349.906,	0.500
-5.382,	34.200,	0.025369,	0.031287,	349.898,	0.500
-5.310,	34.200,	0.025356,	0.031184,	349.878,	0.500
-5.235,	34.200,	0.025291,	0.030947,	349.870,	0.500
-5.157,	34.200,	0.025289,	0.030732,	349.862,	0.500
-5.085,	34.200,	0.025341,	0.030410,	349.851,	0.500
-5.010,	34.200,	0.025511,	0.030095,	349.834,	0.500
-4.935,	34.200,	0.025477,	0.029752,	349.827,	0.500
-4.860,	34.200,	0.025486,	0.029576,	349.815,	0.500
-4.785,	34.200,	0.025462,	0.029248,	350.143,	0.500
-4.707,	34.200,	0.025489,	0.029314,	350.131,	0.500
-4.635,	34.200,	0.025999,	0.029205,	350.119,	0.500
-4.557,	34.200,	0.025851,	0.029255,	350.110,	0.500
-4.482,	34.200,	0.025754,	0.029349,	350.102,	0.500
-4.410,	34.200,	0.025651,	0.029516,	350.083,	0.500
-4.332,	34.200,	0.025610,	0.029677,	350.075,	0.500
-4.260,	34.200,	0.025621,	0.029946,	350.066,	0.500
-4.182,	34.200,	0.025634,	0.030217,	350.059,	0.500
-4.110,	34.200,	0.025668,	0.030461,	350.039,	0.500
-4.035,	34.200,	0.025515,	0.030674,	350.031,	0.500
-3.957,	34.200,	0.025606,	0.030887,	350.023,	0.500
-3.882,	34.200,	0.025428,	0.031026,	350.014,	0.500
-3.810,	34.200,	0.025598,	0.031092,	349.994,	0.500
-3.732,	34.200,	0.025727,	0.031098,	349.987,	0.500
-3.657,	34.200,	0.025820,	0.031098,	349.977,	0.500
-3.582,	34.200,	0.026169,	0.031008,	349.965,	0.500
-3.507,	34.200,	0.026068,	0.030853,	349.951,	0.500
-3.435,	34.200,	0.025956,	0.030602,	349.942,	0.500
-3.357,	34.200,	0.025908,	0.030284,	349.932,	0.500
-3.285,	34.200,	0.025895,	0.029955,	349.923,	0.500
-3.210,	34.200,	0.025912,	0.029698,	349.907,	0.500
-3.135,	34.200,	0.025930,	0.029405,	349.895,	0.500
-3.057,	34.200,	0.025978,	0.029253,	349.887,	0.500
-2.985,	34.200,	0.026007,	0.029094,	349.879,	0.500
-2.910,	34.200,	0.026014,	0.029034,	349.859,	0.500
-2.832,	34.200,	0.026049,	0.029037,	349.850,	0.500
-2.760,	34.200,	0.026075,	0.029142,	349.843,	0.500
-2.682,	34.200,	0.026087,	0.029336,	349.834,	0.500
-2.610,	34.200,	0.026113,	0.029603,	350.058,	0.500
-2.535,	34.200,	0.026137,	0.029908,	350.147,	0.500
-2.457,	34.200,	0.026184,	0.030220,	350.140,	0.500
-2.385,	34.200,	0.026208,	0.030523,	350.129,	0.500
-2.307,	34.200,	0.026224,	0.030717,	350.112,	0.500
-2.235,	34.200,	0.026239,	0.030891,	350.106,	0.500
-2.157,	34.200,	0.026245,	0.030979,	350.094,	0.500
-2.082,	34.200,	0.026265,	0.031009,	350.085,	0.500
-2.007,	34.200,	0.026301,	0.030908,	350.069,	0.500
-1.935,	34.200,	0.026266,	0.030744,	350.059,	0.500
-1.860,	34.200,	0.026252,	0.030494,	350.049,	0.500
-1.782,	34.200,	0.026278,	0.030169,	350.038,	0.500
-1.707,	34.200,	0.026281,	0.029816,	350.022,	0.500
-1.635,	34.200,	0.026292,	0.029449,	350.013,	0.500
-1.557,	34.200,	0.026291,	0.029115,	350.003,	0.500
-1.485,	34.200,	0.026845,	0.028857,	349.996,	0.500
-1.407,	34.200,	0.026641,	0.028703,	349.976,	0.500
-1.332,	34.200,	0.026467,	0.028628,	349.968,	0.500
-1.260,	34.200,	0.026364,	0.028671,	349.959,	0.500
-1.185,	34.200,	0.026301,	0.028800,	349.952,	0.500
-1.107,	34.200,	0.026313,	0.029004,	349.931,	0.500
-1.035,	34.200,	0.026349,	0.029248,	349.923,	0.500
-0.960,	34.200,	0.026379,	0.029538,	349.916,	0.500
-0.885,	34.200,	0.026509,	0.029875,	349.903,	0.500
-0.810,	34.200,	0.026462,	0.030165,	349.887,	0.500
-0.732,	34.200,	0.026433,	0.030360,	349.879,	0.500
-0.660,	34.200,	0.026488,	0.030534,	349.868,	0.500
-0.582,	34.200,	0.026482,	0.030620,	349.860,	0.500
-0.507,	34.200,	0.026345,	0.030582,	349.844,	0.500
-0.432,	34.200,	0.026349,	0.030450,	349.832,	0.500
-0.360,	34.200,	0.026281,	0.030239,	349.823,	0.500
-0.285,	34.200,	0.026427,	0.029965,	350.168,	0.500
-0.207,	34.200,	0.026464,	0.029627,	350.152,	0.500
-0.132,	34.200,	0.026473,	0.029243,	350.143,	0.500
-0.057,	34.200,	0.026473,	0.028864,	350.135,	0.500
0.018,	34.200,	0.026485,	0.028544,	350.128,	0.500
0.093,	34.200,	0.026484,	0.028371,	350.108,	0.500
0.168,	34.200,	0.026489,	0.028223,	350.100,	0.500
0.240,	34.200,	0.026492,	0.028254,	350.092,	0.500
0.315,	34.200,	0.026585,	0.028372,	350.082,	0.500
0.390,	34.200,	0.026667,	0.028601,	350.064,	0.500
0.468,	34.200,	0.026602,	0.028879,	350.056,	0.500
0.540,	34.200,	0.026625,	0.029267,	350.047,	0.500
0.618,	34.200,	0.026698,	0.029578,	350.037,	0.500
0.693,	34.200,	0.026603,	0.029891,	350.020,	0.500
0.768,	34.200,	0.026550,	0.030133,	350.011,	0.500
0.840,	34.200,	0.026468,	0.030241,	350.000,	0.500
0.918,	34.200,	0.026475,	0.030265,	349.991,	0.500
0.993,	34.200,	0.026484,	0.030138,	349.973,	0.500
1.068,	34.200,	0.026502,	0.029890,	349.962,	0.500
1.143,	34.200,	0.026501,	0.029597,	349.953,	0.500
1.218,	34.200,	0.026615,	0.029228,	349.946,	0.500
1.293,	34.200,	0.026495,	0.028835,	349.927,	0.500
1.365,	34.200,	0.026383,	0.028412,	349.918,	0.500
1.440,	34.200,	0.026313,	0.028137,	349.909,	0.500
1.518,	34.200,	0.026289,	0.027919,	349.900,	0.500
1.593,	34.200,	0.026287,	0.027834,	349.879,	0.500
1.665,	34.200,	0.026309,	0.027862,	349.870,	0.500
1.740,	34.200,	0.026314,	0.028062,	349.863,	0.500
1.818,	34.200,	0.026320,	0.028331,	349.853,	0.500
1.890,	34.200,	0.026334,	0.028715,	350.147,	0.500
1.965,	34.200,	0.026342,	0.029072,	350.191,	0.500
2.040,	34.200,	0.026351,	0.029438,	350.181,	0.500
2.118,	34.200,	0.026347,	0.029789,	350.171,	0.500
2.193,	34.200,	0.026308,	0.029984,	350.156,	0.500
2.268,	34.200,	0.026338,	0.030101,	350.147,	0.500
2.340,	34.200,	0.026361,	0.030071,	350.137,	0.500
2.415,	34.200,	0.026368,	0.029927,	350.128,	0.500
2.490,	34.200,	0.026359,	0.029681,	350.111,	0.500
2.568,	34.200,	0.026350,	0.029310,	350.101,	0.500
2.640,	34.200,	0.026343,	0.028852,	350.094,	0.500
2.715,	34.200,	0.026332,	0.028421,	350.085,	0.500
2.793,	34.200,	0.026320,	0.028021,	350.065,	0.500
2.865,	34.200,	0.026316,	0.027708,	350.057,	0.500
2.940,	34.200,	0.026322,	0.027532,	350.048,	0.500
3.015,	34.200,	0.026334,	0.027515,	350.040,	0.500
3.093,	34.200,	0.026334,	0.027629,	350.020,	0.500
3.165,	34.200,	0.026331,	0.027884,	350.012,	0.500
3.240,	34.200,	0.026330,	0.028248,	350.004,	0.500
3.315,	34.200,	0.026329,	0.028683,	349.993,	0.500
3.393,	34.200,	0.026314,	0.029052,	349.977,	0.500
3.465,	34.200,	0.026193,	0.029326,	349.968,	0.500
3.540,	34.200,	0.026245,	0.029494,	349.958,	0.500
3.618,	34.200,	0.026284,	0.029542,	349.947,	0.500
3.690,	34.200,	0.026298,	0.029424,	349.932,	0.500
3.765,	34.200,	0.026302,	0.029123,	349.921,	0.500
3.840,	34.200,	0.026301,	0.028705,	349.910,	0.500
3.915,	34.200,	0.026281,	0.028241,	349.903,	0.500
3.990,	34.200,	0.026210,	0.027774,	349.886,	0.500
4.068,	34.200,	0.026205,	0.027391,	349.876,	0.500
4.140,	34.200,	0.026216,	0.027100,	349.866,	0.500
4.215,	34.200,	0.026228,	0.026925,	349.859,	0.500
4.290,	34.200,	0.026223,	0.026960,	349.838,	0.500
4.365,	34.200,	0.026220,	0.027169,	349.831,	0.500
4.443,	34.200,	0.026214,	0.027484,	349.823,	0.500
4.515,	34.200,	0.026210,	0.027904,	349.813,	0.500
4.593,	34.200,	0.026213,	0.028378,	350.141,	0.500
4.668,	34.200,	0.026219,	0.028793,	350.173,	0.500
4.740,	34.200,	0.026218,	0.029103,	350.163,	0.500
4.815,	34.200,	0.026211,	0.029241,	350.154,	0.500
4.893,	34.200,	0.026195,	0.029253,	350.135,	0.500
4.965,	34.200,	0.026175,	0.029028,	350.131,	0.500
5.040,	34.200,	0.026157,	0.028688,	350.117,	0.500
5.115,	34.200,	0.026144,	0.028275,	350.109,	0.500
5.190,	34.200,	0.026124,	0.027779,	350.094,	0.500
5.265,	34.200,	0.026115,	0.027312,	350.082,	0.500
5.346,	34.200,	0.026103,	0.026856,	350.075,	0.530
5.424,	34.200,	0.026078,	0.026594,	350.058,	0.530
5.496,	34.200,	0.026087,	0.026549,	350.047,	0.490
5.571,	34.200,	0.026079,	0.026636,	350.037,	0.490
5.646,	34.200,	0.026072,	0.026866,	350.029,	0.490
5.721,	34.200,	0.026063,	0.027229,	350.013,	0.500
5.793,	34.200,	0.026062,	0.027684,	350.001,	0.480
5.868,	34.200,	0.026059,	0.028122,	349.997,	0.500
5.940,	34.200,	0.026043,	0.028456,	349.985,	0.490
6.018,	34.200,	0.026022,	0.028644,	349.978,	0.500
6.090,	34.200,	0.025994,	0.028643,	349.958,	0.500
6.168,	34.200,	0.025955,	0.028399,	349.949,	0.500
6.243,	34.200,	0.025919,	0.027975,	349.939,	0.500
6.315,	34.200,	0.026022,	0.027442,	349.932,	0.500
6.393,	34.200,	0.025940,	0.026794,	349.914,	0.500
6.465,	34.200,	0.025892,	0.026185,	349.904,	0.500
6.540,	34.200,	0.025867,	0.025720,	349.894,	0.500
6.618,	34.200,	0.025844,	0.025530,	349.886,	0.500
6.693,	34.200,	0.025823,	0.025547,	349.868,	0.500
6.765,	34.200,	0.025811,	0.025821,	349.859,	0.500
6.840,	34.200,	0.025746,	0.026203,	349.850,	0.500
6.918,	34.200,	0.025744,	0.026846,	349.841,	0.500
6.993,	34.200,	0.025734,	0.027388,	349.822,	0.500
7.065,	34.200,	0.025761,	0.027845,	349.814,	0.500
7.140,	34.200,	0.025747,	0.028080,	349.805,	0.500
7.218,	34.200,	0.025728,	0.028235,	349.797,	0.500
7.290,	34.200,	0.025693,	0.028092,	350.124,	0.500
7.365,	34.200,	0.025674,	0.027737,	350.152,	0.500
7.443,	34.200,	0.025634,	0.027148,	350.145,	0.500
7.518,	34.200,	0.025613,	0.026660,	350.134,	0.500
7.590,	34.200,	0.025576,	0.026177,	350.117,	0.500
7.668,	34.200,	0.025550,	0.025817,	350.111,	0.500
7.743,	34.200,	0.025513,	0.025632,	350.099,	0.500
7.818,	34.200,	0.025508,	0.025787,	350.090,	0.500
7.893,	34.200,	0.025491,	0.026144,	350.074,	0.500
7.965,	34.200,	0.025473,	0.026627,	350.064,	0.500
8.043,	34.200,	0.025438,	0.027160,	350.054,	0.500
8.115,	34.200,	0.025409,	0.027721,	350.045,	0.500
8.190,	34.200,	0.025217,	0.028137,	350.029,	0.500
8.265,	34.200,	0.025097,	0.028333,	350.019,	0.500
8.343,	34.200,	0.025169,	0.028267,	350.010,	0.500
8.415,	34.200,	0.025206,	0.028003,	350.003,	0.500
8.490,	34.200,	0.025225,	0.027498,	349.983,	0.500
8.565,	34.200,	0.025196,	0.026885,	349.975,	0.500
8.643,	34.200,	0.025188,	0.026260,	349.967,	0.500
8.718,	34.200,	0.025139,	0.025736,	349.958,	0.500
8.790,	34.200,	0.025086,	0.025394,	349.941,	0.500
8.868,	34.200,	0.025132,	0.025339,	349.931,	0.500
8.940,	34.200,	0.025167,	0.025568,	349.923,	0.500
9.015,	34.200,	0.025154,	0.026055,	349.914,	0.500
9.093,	34.200,	0.025097,	0.026691,	349.894,	0.500
9.165,	34.200,	0.024411,	0.027285,	349.887,	0.500
9.240,	34.200,	0.024550,	0.027742,	349.876,	0.500
9.315,	34.200,	0.024754,	0.027924,	349.868,	0.500
9.393,	34.200,	0.024851,	0.027807,	349.852,	0.500
9.465,	34.200,	0.024848,	0.027319,	349.843,	0.500
9.540,	34.200,	0.024806,	0.026616,	349.833,	0.500
9.618,	34.200,	0.024756,	0.025830,	349.824,	0.500
9.690,	34.200,	0.024701,	0.025137,	349.807,	0.500
9.768,	34.200,	0.024650,	0.024698,	349.798,	0.500
9.840,	34.200,	0.024608,	0.024589,	349.788,	0.500
9.918,	34.200,	0.024576,	0.024792,	349.781,	0.500
9.990,	34.200,	0.024547,	0.025312,	350.100,	0.500
10.065,	34.200,	0.024527,	0.025964,	350.131,	0.500
10.140,	34.200,	0.024490,	0.026657,	350.124,	0.500
10.218,	34.200,	0.024435,	0.027128,	350.115,	0.500
10.293,	34.200,	0.024379,	0.027315,	350.096,	0.500
10.365,	34.200,	0.023987,	0.027122,	350.087,	0.500
10.440,	34.200,	0.024001,	0.026603,	350.080,	0.500
10.515,	34.200,	0.024071,	0.025849,	350.069,	0.500
10.590,	34.200,	0.024119,	0.025045,	350.052,	0.500
10.668,	34.200,	0.024097,	0.024334,	350.044,	0.500
10.740,	34.200,	0.024014,	0.023954,	350.033,	0.500
10.815,	34.200,	0.023968,	0.023911,	350.024,	0.500
10.890,	34.200,	0.023783,	0.024283,	350.008,	0.500
10.965,	34.200,	0.023808,	0.024849,	349.997,	0.500
11.040,	34.200,	0.023981,	0.025595,	349.988,	0.500
11.115,	34.200,	0.023904,	0.026273,	349.979,	0.500
11.190,	34.200,	0.023803,	0.026732,	349.962,	0.500
11.265,	34.200,	0.023769,	0.026869,	349.952,	0.500
11.340,	34.200,	0.023764,	0.026578,	349.943,	0.500
11.418,	34.200,	0.023682,	0.025893,	349.935,	0.500
11.493,	34.200,	0.023610,	0.025054,	349.917,	0.500
11.565,	34.200,	0.023540,	0.024157,	349.907,	0.500
11.640,	34.200,	0.023479,	0.023413,	349.898,	0.500
11.715,	34.200,	0.023422,	0.023049,	349.888,	0.500
11.790,	34.200,	0.023255,	0.023122,	349.870,	0.500
11.865,	34.200,	0.023247,	0.023579,	349.863,	0.500
11.940,	34.200,	0.023246,	0.024388,	349.852,	0.500
12.015,	34.200,	0.023218,	0.025169,	349.843,	0.500
12.093,	34.200,	0.023170,	0.025751,	349.826,	0.500
12.165,	34.200,	0.023098,	0.025841,	349.817,	0.500
12.240,	34.200,	0.023027,	0.025462,	349.807,	0.500
12.318,	34.200,	0.022951,	0.024667,	350.154,	0.500
12.393,	34.200,	0.022869,	0.023640,	350.140,	0.500
12.465,	34.200,	0.022782,	0.022709,	350.129,	0.500
12.540,	34.200,	0.022716,	0.022085,	350.121,	0.500
12.615,	34.200,	0.022730,	0.022051,	350.113,	0.500
12.690,	34.200,	0.022721,	0.022523,	350.093,	0.500
12.765,	34.200,	0.022686,	0.023297,	350.086,	0.500
12.843,	34.200,	0.022636,	0.024165,	350.077,	0.500
12.915,	34.200,	0.022540,	0.024774,	350.070,	0.500
12.990,	34.200,	0.022409,	0.024962,	350.049,	0.500
