Smpl, Det, sig,    mon,    Ring,  sec
#lmd,   E,  HOYAX,  Y,  Smpl,  Det, AGC X, Y, Smpl, Det, pps
#13.50012,	91.8394,	12.501,	34.200,	84.000,	165.000,	0.000,	-76.000,	0.000,	29.999,50

84.000,	164.981,	0.023766,	-0.001724,	349.894,	103.441
84.000,	165.283,	0.023726,	0.006717,	349.885,	0.520
84.000,	165.574,	0.023753,	0.006359,	349.868,	0.490
84.000,	165.881,	0.023742,	0.005067,	349.857,	0.490
84.000,	166.174,	0.023734,	0.006309,	349.849,	0.500
84.000,	166.483,	0.023729,	0.005721,	349.842,	0.500
84.000,	166.783,	0.023727,	0.006510,	349.822,	0.500
84.000,	167.081,	0.023726,	0.004903,	349.814,	0.500
84.000,	167.383,	0.023723,	0.005909,	349.806,	0.500
84.000,	167.671,	0.023725,	0.006228,	349.796,	0.500
84.000,	167.981,	0.023737,	0.006954,	350.114,	0.500
84.000,	168.274,	0.023737,	0.005743,	350.109,	0.500
84.000,	168.578,	0.023738,	0.010590,	350.100,	0.500
84.000,	168.874,	0.023735,	0.028213,	350.089,	0.500
84.000,	169.171,	0.023730,	0.028823,	350.073,	0.500
84.000,	169.471,	0.023727,	0.029258,	350.065,	0.500
84.000,	169.771,	0.023729,	0.029086,	350.054,	0.500
84.000,	170.076,	0.023727,	0.027750,	350.045,	0.500
84.000,	170.369,	0.023723,	0.028295,	350.029,	0.500
84.000,	170.676,	0.023722,	0.029146,	350.018,	0.500
84.000,	170.971,	0.023719,	0.006057,	350.009,	0.500
84.000,	171.281,	0.023715,	0.006402,	350.002,	0.500
84.000,	171.581,	0.023713,	0.005976,	349.983,	0.500
84.000,	171.881,	0.023711,	0.005431,	349.974,	0.500
84.000,	172.169,	0.023705,	0.006152,	349.965,	0.500
84.000,	172.476,	0.023702,	0.004950,	349.957,	0.510
84.000,	172.771,	0.023700,	0.005409,	349.937,	0.490
84.000,	173.081,	0.023699,	0.005954,	349.929,	0.500
84.000,	173.376,	0.023699,	0.006525,	349.921,	0.500
84.000,	173.671,	0.023692,	0.006363,	349.910,	0.510
84.000,	173.974,	0.023694,	0.005577,	349.893,	0.490
84.000,	174.276,	0.023698,	0.006430,	349.887,	0.500
84.000,	174.583,	0.023689,	0.005146,	349.876,	0.500
84.000,	174.876,	0.023680,	0.005499,	349.864,	0.500
84.000,	175.174,	0.023681,	0.006878,	349.849,	0.510
