Smpl, Det, sig,    mon,    Ring,  sec
#lmd,   E,  HOYAX,  Y,  Smpl,  Det, AGC X, Y, Smpl, Det, pps
#13.50012,	91.8394,	12.501,	34.200,	84.000,	175.174,	0.000,	-76.000,	0.000,	29.999,50

84.000,	168.000,	0.023622,	-0.001872,	350.172,	19.790
84.000,	168.012,	0.023626,	0.006609,	350.163,	0.500
84.000,	168.024,	0.023625,	0.006527,	350.143,	0.500
84.000,	168.036,	0.023619,	0.005736,	350.137,	0.500
84.000,	168.048,	0.023620,	0.006411,	350.130,	0.500
84.000,	168.060,	0.023636,	0.006348,	350.118,	0.500
84.000,	168.072,	0.023648,	0.005633,	350.101,	0.500
84.000,	168.084,	0.023643,	0.005614,	350.093,	0.500
84.000,	168.096,	0.023651,	0.005808,	350.081,	0.500
84.000,	168.108,	0.023639,	0.005973,	350.071,	0.500
84.000,	168.120,	0.023642,	0.006006,	350.056,	0.500
84.000,	168.132,	0.023640,	0.005853,	350.045,	0.500
84.000,	168.144,	0.023634,	0.006133,	350.034,	0.500
84.000,	168.156,	0.023620,	0.005467,	350.028,	0.500
84.000,	168.168,	0.023614,	0.005876,	350.011,	0.500
84.000,	168.180,	0.023611,	0.005771,	349.999,	0.500
84.000,	168.192,	0.023602,	0.005030,	349.989,	0.500
84.000,	168.204,	0.023602,	0.006484,	349.984,	0.500
84.000,	168.216,	0.023602,	0.006456,	349.963,	0.500
84.000,	168.228,	0.023598,	0.005650,	349.955,	0.500
84.000,	168.240,	0.023598,	0.006204,	349.947,	0.500
84.000,	168.252,	0.023593,	0.006152,	349.939,	0.500
84.000,	168.264,	0.023593,	0.005599,	349.919,	0.500
84.000,	168.276,	0.023592,	0.005950,	349.912,	0.500
84.000,	168.288,	0.023588,	0.006223,	349.903,	0.500
84.000,	168.300,	0.023584,	0.006462,	349.892,	0.500
84.000,	168.312,	0.023583,	0.009205,	349.875,	0.500
84.000,	168.324,	0.023580,	0.007945,	349.868,	0.500
84.000,	168.336,	0.023580,	0.008630,	349.856,	0.500
84.000,	168.348,	0.023577,	0.006678,	349.847,	0.500
84.000,	168.360,	0.023580,	0.006238,	349.831,	0.500
84.000,	168.372,	0.023586,	0.005991,	349.820,	0.500
84.000,	168.384,	0.023592,	0.006288,	350.180,	0.500
84.000,	168.396,	0.023588,	0.007251,	350.176,	0.500
84.000,	168.408,	0.023591,	0.005823,	350.158,	0.500
84.000,	168.420,	0.023588,	0.006008,	350.149,	0.500
84.000,	168.432,	0.023586,	0.006260,	350.142,	0.500
84.000,	168.444,	0.023582,	0.006329,	350.135,	0.500
84.000,	168.456,	0.023581,	0.006618,	350.114,	0.500
84.000,	168.468,	0.023578,	0.006019,	350.105,	0.500
84.000,	168.480,	0.023578,	0.006223,	350.099,	0.500
84.000,	168.492,	0.023576,	0.008701,	350.088,	0.500
84.000,	168.504,	0.023574,	0.013563,	350.069,	0.500
84.000,	168.516,	0.023571,	0.018304,	350.063,	0.500
84.000,	168.528,	0.023570,	0.025926,	350.054,	0.500
84.000,	168.540,	0.023567,	0.028558,	350.042,	0.500
84.000,	168.552,	0.023562,	0.029402,	350.027,	0.500
84.000,	168.564,	0.023560,	0.028808,	350.018,	0.500
84.000,	168.576,	0.023556,	0.027072,	350.007,	0.500
84.000,	168.588,	0.023556,	0.028849,	349.998,	0.500
84.000,	168.600,	0.023552,	0.029163,	349.984,	0.500
84.000,	168.612,	0.023550,	0.028403,	349.970,	0.500
84.000,	168.624,	0.023545,	0.029112,	349.962,	0.500
84.000,	168.636,	0.023547,	0.029189,	349.955,	0.500
84.000,	168.648,	0.023542,	0.029652,	349.934,	0.500
84.000,	168.660,	0.023543,	0.028967,	349.924,	0.500
84.000,	168.672,	0.023541,	0.028782,	349.918,	0.500
84.000,	168.684,	0.023537,	0.028356,	349.911,	0.500
84.000,	168.696,	0.023538,	0.029519,	349.888,	0.500
84.000,	168.708,	0.023533,	0.028834,	349.881,	0.500
84.000,	168.720,	0.023535,	0.028424,	349.874,	0.500
84.000,	168.732,	0.023530,	0.029138,	349.863,	0.500
84.000,	168.744,	0.023532,	0.029739,	349.844,	0.500
84.000,	168.756,	0.023527,	0.028715,	349.838,	0.500
84.000,	168.768,	0.023523,	0.028795,	349.827,	0.500
84.000,	168.780,	0.023520,	0.029919,	349.816,	0.500
84.000,	168.792,	0.023518,	0.029769,	349.801,	0.500
84.000,	168.804,	0.023520,	0.029021,	349.790,	0.500
84.000,	168.816,	0.023532,	0.029284,	350.162,	0.500
84.000,	168.828,	0.023539,	0.028694,	350.157,	0.500
84.000,	168.840,	0.023541,	0.029586,	350.141,	0.500
84.000,	168.852,	0.023538,	0.028513,	350.130,	0.500
84.000,	168.864,	0.023537,	0.029413,	350.123,	0.500
84.000,	168.876,	0.023536,	0.029099,	350.117,	0.500
84.000,	168.888,	0.023533,	0.029398,	350.096,	0.500
84.000,	168.900,	0.023530,	0.028985,	350.088,	0.500
84.000,	168.912,	0.023529,	0.029349,	350.080,	0.500
84.000,	168.924,	0.023527,	0.029308,	350.072,	0.500
84.000,	168.936,	0.023530,	0.029230,	350.051,	0.500
84.000,	168.948,	0.023527,	0.030921,	350.044,	0.500
84.000,	168.960,	0.023527,	0.029262,	350.037,	0.500
84.000,	168.972,	0.023523,	0.028679,	350.025,	0.500
84.000,	168.984,	0.023523,	0.029288,	350.009,	0.500
84.000,	168.996,	0.023522,	0.028487,	350.001,	0.500
84.000,	169.008,	0.023518,	0.028416,	349.990,	0.510
84.000,	169.020,	0.023517,	0.028093,	349.979,	0.490
84.000,	169.032,	0.023518,	0.028972,	349.964,	0.500
84.000,	169.044,	0.023513,	0.029118,	349.953,	0.500
84.000,	169.056,	0.023506,	0.029418,	349.945,	0.500
84.000,	169.068,	0.023504,	0.029868,	349.936,	0.500
84.000,	169.080,	0.023501,	0.028944,	349.918,	0.500
84.000,	169.092,	0.023507,	0.029517,	349.907,	0.500
84.000,	169.104,	0.023502,	0.029734,	349.900,	0.500
84.000,	169.116,	0.023526,	0.028427,	349.894,	0.500
84.000,	169.128,	0.023510,	0.029116,	349.872,	0.500
84.000,	169.140,	0.023498,	0.028623,	349.863,	0.500
84.000,	169.152,	0.023486,	0.028213,	349.856,	0.500
84.000,	169.164,	0.023488,	0.027841,	349.846,	0.500
84.000,	169.176,	0.023497,	0.029086,	350.198,	0.500
84.000,	169.188,	0.023504,	0.027705,	350.192,	0.500
84.000,	169.200,	0.023499,	0.028644,	350.182,	0.500
84.000,	169.212,	0.023503,	0.028733,	350.170,	0.500
84.000,	169.224,	0.023503,	0.028653,	350.155,	0.500
84.000,	169.236,	0.023498,	0.028881,	350.147,	0.500
84.000,	169.248,	0.023487,	0.028939,	350.134,	0.500
84.000,	169.260,	0.023491,	0.028416,	350.125,	0.500
84.000,	169.272,	0.023489,	0.029478,	350.111,	0.500
84.000,	169.284,	0.023483,	0.029372,	350.100,	0.500
84.000,	169.296,	0.023478,	0.028985,	350.090,	0.500
84.000,	169.308,	0.023483,	0.028853,	350.083,	0.500
84.000,	169.320,	0.023485,	0.028463,	350.063,	0.500
84.000,	169.332,	0.023483,	0.028896,	350.054,	0.500
84.000,	169.344,	0.023469,	0.028321,	350.047,	0.500
84.000,	169.356,	0.023474,	0.028931,	350.040,	0.500
84.000,	169.368,	0.023473,	0.028633,	350.018,	0.500
84.000,	169.380,	0.023468,	0.028722,	350.011,	0.500
84.000,	169.392,	0.023456,	0.029904,	350.004,	0.500
84.000,	169.404,	0.023460,	0.029168,	349.992,	0.500
84.000,	169.416,	0.023465,	0.028765,	349.973,	0.500
84.000,	169.428,	0.023463,	0.028694,	349.967,	0.500
84.000,	169.440,	0.023461,	0.028356,	349.956,	0.500
84.000,	169.452,	0.023465,	0.027927,	349.945,	0.500
84.000,	169.464,	0.023462,	0.029700,	349.931,	0.500
84.000,	169.476,	0.023461,	0.029032,	349.920,	0.500
84.000,	169.488,	0.023452,	0.024512,	349.908,	0.500
84.000,	169.500,	0.023451,	0.028069,	349.901,	0.500
84.000,	169.512,	0.023449,	0.027811,	349.885,	0.500
84.000,	169.524,	0.023444,	0.029831,	349.873,	0.500
84.000,	169.536,	0.023440,	0.026787,	349.864,	0.500
84.000,	169.548,	0.023447,	0.028231,	349.858,	0.500
84.000,	169.560,	0.023441,	0.028873,	349.836,	0.500
84.000,	169.572,	0.023436,	0.029359,	349.828,	0.500
84.000,	169.584,	0.023434,	0.029372,	349.821,	0.500
84.000,	169.596,	0.023435,	0.028390,	349.813,	0.500
84.000,	169.608,	0.023445,	0.028442,	350.163,	0.500
84.000,	169.620,	0.023455,	0.028948,	350.157,	0.500
84.000,	169.632,	0.023456,	0.029478,	350.150,	0.500
84.000,	169.644,	0.023454,	0.029633,	350.138,	0.500
84.000,	169.656,	0.023450,	0.028980,	350.122,	0.500
84.000,	169.668,	0.023444,	0.028845,	350.115,	0.500
84.000,	169.680,	0.023446,	0.028961,	350.103,	0.500
84.000,	169.692,	0.023443,	0.028918,	350.094,	0.500
84.000,	169.704,	0.023441,	0.028429,	350.080,	0.500
84.000,	169.716,	0.023441,	0.028569,	350.069,	0.500
84.000,	169.728,	0.023439,	0.029026,	350.058,	0.500
84.000,	169.740,	0.023437,	0.028976,	350.051,	0.500
84.000,	169.752,	0.023437,	0.029247,	350.033,	0.500
84.000,	169.764,	0.023429,	0.028791,	350.020,	0.500
84.000,	169.776,	0.023426,	0.029461,	350.012,	0.500
84.000,	169.788,	0.023426,	0.028683,	350.005,	0.500
84.000,	169.800,	0.023429,	0.029618,	349.983,	0.500
84.000,	169.812,	0.023429,	0.030060,	349.976,	0.500
84.000,	169.824,	0.023430,	0.029250,	349.969,	0.500
84.000,	169.836,	0.023426,	0.028321,	349.960,	0.500
84.000,	169.848,	0.023427,	0.029043,	349.941,	0.500
84.000,	169.860,	0.023423,	0.028231,	349.934,	0.500
84.000,	169.872,	0.023425,	0.029112,	349.924,	0.500
84.000,	169.884,	0.023419,	0.029245,	349.912,	0.500
84.000,	169.896,	0.023420,	0.028711,	349.898,	0.500
84.000,	169.908,	0.023418,	0.028681,	349.890,	0.500
84.000,	169.920,	0.023414,	0.028590,	349.877,	0.500
84.000,	169.932,	0.023414,	0.028603,	349.869,	0.500
84.000,	169.944,	0.023411,	0.029659,	349.853,	0.500
84.000,	169.956,	0.023411,	0.029622,	349.842,	0.500
84.000,	169.968,	0.023422,	0.029342,	350.180,	0.500
84.000,	169.980,	0.023423,	0.028082,	350.174,	0.500
84.000,	169.992,	0.023423,	0.029986,	350.156,	0.500
84.000,	170.004,	0.023420,	0.028666,	350.147,	0.500
84.000,	170.016,	0.023428,	0.028022,	350.139,	0.500
84.000,	170.028,	0.023423,	0.029754,	350.134,	0.500
84.000,	170.040,	0.023425,	0.028153,	350.111,	0.500
84.000,	170.052,	0.023418,	0.028233,	350.103,	0.500
84.000,	170.064,	0.023415,	0.028991,	350.097,	0.500
84.000,	170.076,	0.023411,	0.028541,	350.086,	0.500
84.000,	170.088,	0.023409,	0.028405,	350.068,	0.500
84.000,	170.100,	0.023409,	0.028045,	350.061,	0.500
84.000,	170.112,	0.023408,	0.028041,	350.050,	0.500
84.000,	170.124,	0.023402,	0.028468,	350.039,	0.500
84.000,	170.136,	0.023401,	0.028733,	350.024,	0.500
84.000,	170.148,	0.023396,	0.028735,	350.015,	0.500
84.000,	170.160,	0.023401,	0.029008,	350.003,	0.500
84.000,	170.172,	0.023395,	0.027836,	349.995,	0.500
84.000,	170.184,	0.023398,	0.028588,	349.980,	0.500
84.000,	170.196,	0.023399,	0.028748,	349.967,	0.500
84.000,	170.208,	0.023396,	0.028480,	349.959,	0.500
84.000,	170.220,	0.023393,	0.027774,	349.952,	0.500
84.000,	170.232,	0.023391,	0.028901,	349.931,	0.500
84.000,	170.244,	0.023389,	0.029810,	349.922,	0.500
84.000,	170.256,	0.023389,	0.028782,	349.915,	0.500
84.000,	170.268,	0.023382,	0.028076,	349.907,	0.500
84.000,	170.280,	0.023385,	0.028648,	349.887,	0.500
84.000,	170.292,	0.023380,	0.029036,	349.879,	0.500
84.000,	170.304,	0.023373,	0.028806,	349.872,	0.500
84.000,	170.316,	0.023371,	0.029463,	349.860,	0.500
84.000,	170.328,	0.023373,	0.028937,	349.843,	0.500
84.000,	170.340,	0.023373,	0.027841,	349.837,	0.500
84.000,	170.352,	0.023373,	0.029506,	349.824,	0.500
84.000,	170.364,	0.023370,	0.028771,	349.814,	0.500
84.000,	170.376,	0.023369,	0.029493,	349.799,	0.500
84.000,	170.388,	0.023369,	0.028017,	349.788,	0.500
84.000,	170.400,	0.023380,	0.029015,	350.106,	0.500
84.000,	170.412,	0.023382,	0.028683,	350.101,	0.500
84.000,	170.424,	0.023386,	0.028896,	350.084,	0.500
84.000,	170.436,	0.023385,	0.027625,	350.074,	0.500
84.000,	170.448,	0.023383,	0.029553,	350.067,	0.500
84.000,	170.460,	0.023367,	0.028814,	350.060,	0.500
84.000,	170.472,	0.023383,	0.029105,	350.038,	0.500
84.000,	170.484,	0.023380,	0.029758,	350.032,	0.500
84.000,	170.496,	0.023380,	0.028847,	350.024,	0.500
84.000,	170.508,	0.023377,	0.028177,	350.015,	0.500
84.000,	170.520,	0.023375,	0.028582,	349.996,	0.500
84.000,	170.532,	0.023373,	0.028108,	349.989,	0.500
84.000,	170.544,	0.023364,	0.029327,	349.979,	0.500
84.000,	170.556,	0.023364,	0.029174,	349.967,	0.500
84.000,	170.568,	0.023363,	0.028567,	349.951,	0.500
84.000,	170.580,	0.023364,	0.028452,	349.943,	0.500
84.000,	170.592,	0.023356,	0.029422,	349.930,	0.500
84.000,	170.604,	0.023355,	0.028463,	349.921,	0.500
84.000,	170.616,	0.023348,	0.028965,	349.906,	0.500
84.000,	170.628,	0.023342,	0.028851,	349.893,	0.500
84.000,	170.640,	0.023345,	0.029383,	349.885,	0.500
84.000,	170.652,	0.023345,	0.028674,	349.876,	0.500
84.000,	170.664,	0.023342,	0.028842,	349.855,	0.500
84.000,	170.676,	0.023339,	0.028390,	349.847,	0.500
84.000,	170.688,	0.023340,	0.028877,	349.838,	0.500
84.000,	170.700,	0.023340,	0.029327,	349.831,	0.500
84.000,	170.712,	0.023340,	0.024801,	349.809,	0.500
84.000,	170.724,	0.023335,	0.019974,	349.801,	0.500
84.000,	170.736,	0.023328,	0.014504,	349.795,	0.500
84.000,	170.748,	0.023325,	0.007268,	349.783,	0.500
84.000,	170.760,	0.023332,	0.006596,	350.118,	0.500
84.000,	170.772,	0.023340,	0.006857,	350.112,	0.500
84.000,	170.784,	0.023341,	0.006706,	350.102,	0.500
84.000,	170.796,	0.023341,	0.007150,	350.090,	0.500
84.000,	170.808,	0.023343,	0.006450,	350.076,	0.500
84.000,	170.820,	0.023336,	0.007262,	350.067,	0.500
84.000,	170.832,	0.023334,	0.007135,	350.056,	0.500
84.000,	170.844,	0.023327,	0.008401,	350.048,	0.500
84.000,	170.856,	0.023325,	0.006995,	350.032,	0.500
84.000,	170.868,	0.023324,	0.006551,	350.019,	0.500
84.000,	170.880,	0.023322,	0.007688,	350.011,	0.500
84.000,	170.892,	0.023316,	0.005859,	350.004,	0.500
84.000,	170.904,	0.023317,	0.006990,	349.983,	0.500
84.000,	170.916,	0.023321,	0.005452,	349.975,	0.500
84.000,	170.928,	0.023315,	0.006008,	349.967,	0.500
84.000,	170.940,	0.023317,	0.006559,	349.961,	0.500
84.000,	170.952,	0.023309,	0.006202,	349.939,	0.500
84.000,	170.964,	0.023305,	0.005926,	349.931,	0.500
84.000,	170.976,	0.023304,	0.005984,	349.924,	0.500
84.000,	170.988,	0.023302,	0.006223,	349.911,	0.500
84.000,	171.000,	0.023301,	0.006794,	349.894,	0.500
84.000,	171.012,	0.023296,	0.005482,	349.888,	0.500
84.000,	171.024,	0.023293,	0.006577,	349.874,	0.500
84.000,	171.036,	0.023293,	0.005752,	349.866,	0.500
84.000,	171.048,	0.023296,	0.006370,	349.851,	0.500
84.000,	171.060,	0.023294,	0.006964,	349.840,	0.500
84.000,	171.072,	0.023292,	0.006012,	349.829,	0.500
84.000,	171.084,	0.023289,	0.005590,	349.822,	0.500
84.000,	171.096,	0.023286,	0.004481,	349.804,	0.500
84.000,	171.108,	0.023281,	0.006001,	349.794,	0.500
84.000,	171.120,	0.023281,	0.005407,	349.785,	0.500
84.000,	171.132,	0.023279,	0.005590,	349.778,	0.500
84.000,	171.144,	0.023277,	0.006004,	349.756,	0.500
84.000,	171.156,	0.023277,	0.006260,	349.749,	0.500
84.000,	171.168,	0.023272,	0.005288,	349.742,	0.500
84.000,	171.180,	0.023269,	0.005808,	349.731,	0.500
84.000,	171.192,	0.023277,	0.006277,	350.111,	0.500
84.000,	171.204,	0.023284,	0.005872,	350.104,	0.500
84.000,	171.216,	0.023282,	0.006025,	350.096,	0.500
84.000,	171.228,	0.023285,	0.004866,	350.084,	0.500
84.000,	171.240,	0.023287,	0.006478,	350.069,	0.500
84.000,	171.252,	0.023285,	0.005708,	350.061,	0.500
84.000,	171.264,	0.023278,	0.007135,	350.050,	0.500
84.000,	171.276,	0.023274,	0.005883,	350.041,	0.500
84.000,	171.288,	0.023278,	0.006622,	350.025,	0.500
84.000,	171.300,	0.023273,	0.006169,	350.014,	0.500
84.000,	171.312,	0.023272,	0.007018,	350.005,	0.500
84.000,	171.324,	0.023266,	0.008132,	349.997,	0.510
84.000,	171.336,	0.023267,	0.006320,	349.977,	0.490
84.000,	171.348,	0.023268,	0.005827,	349.967,	0.500
84.000,	171.360,	0.023268,	0.005764,	349.959,	0.500
84.000,	171.372,	0.023256,	0.004929,	349.953,	0.500
84.000,	171.384,	0.023264,	0.006605,	349.931,	0.500
84.000,	171.396,	0.023259,	0.006004,	349.924,	0.500
84.000,	171.408,	0.023259,	0.005963,	349.916,	0.500
84.000,	171.420,	0.023244,	0.006279,	349.906,	0.500
84.000,	171.432,	0.023257,	0.005769,	349.887,	0.500
84.000,	171.444,	0.023256,	0.005215,	349.881,	0.500
84.000,	171.456,	0.023254,	0.006251,	349.869,	0.500
84.000,	171.468,	0.023240,	0.006034,	349.861,	0.500
84.000,	171.480,	0.023246,	0.006150,	349.845,	0.500
84.000,	171.492,	0.023236,	0.005297,	349.836,	0.500
84.000,	171.504,	0.023235,	0.004855,	349.825,	0.500
84.000,	171.516,	0.023223,	0.006167,	349.816,	0.500
84.000,	171.528,	0.023233,	0.006077,	349.798,	0.500
84.000,	171.540,	0.023231,	0.006309,	349.788,	0.500
84.000,	171.552,	0.023241,	0.005461,	350.151,	0.500
84.000,	171.564,	0.023235,	0.005702,	350.146,	0.500
84.000,	171.576,	0.023247,	0.006109,	350.126,	0.500
84.000,	171.588,	0.023246,	0.005607,	350.119,	0.500
84.000,	171.600,	0.023244,	0.006157,	350.112,	0.500
84.000,	171.612,	0.023228,	0.005922,	350.103,	0.500
84.000,	171.624,	0.023233,	0.006157,	350.084,	0.500
84.000,	171.636,	0.023228,	0.006200,	350.075,	0.500
84.000,	171.648,	0.023227,	0.005480,	350.067,	0.500
84.000,	171.660,	0.023218,	0.007115,	350.056,	0.500
84.000,	171.672,	0.023227,	0.005820,	350.039,	0.500
84.000,	171.684,	0.023222,	0.006434,	350.032,	0.510
84.000,	171.696,	0.023222,	0.006073,	350.021,	0.490
84.000,	171.708,	0.023209,	0.002966,	350.013,	0.500
84.000,	171.720,	0.023220,	0.007014,	349.997,	0.500
84.000,	171.732,	0.023222,	0.005448,	349.985,	0.500
84.000,	171.744,	0.023218,	0.006717,	349.975,	0.500
84.000,	171.756,	0.023214,	0.005624,	349.966,	0.500
84.000,	171.768,	0.023213,	0.005612,	349.949,	0.500
84.000,	171.780,	0.023214,	0.007408,	349.939,	0.500
84.000,	171.792,	0.023210,	0.005982,	349.931,	0.500
84.000,	171.804,	0.023210,	0.005892,	349.924,	0.500
84.000,	171.816,	0.023211,	0.006301,	349.902,	0.500
84.000,	171.828,	0.023207,	0.006447,	349.893,	0.500
84.000,	171.840,	0.023204,	0.005504,	349.887,	0.500
84.000,	171.852,	0.023203,	0.006536,	349.877,	0.500
84.000,	171.864,	0.023203,	0.006566,	349.858,	0.500
84.000,	171.876,	0.023211,	0.006376,	349.850,	0.500
84.000,	171.888,	0.023205,	0.006088,	349.842,	0.500
84.000,	171.900,	0.023199,	0.006449,	349.831,	0.500
84.000,	171.912,	0.023208,	0.006421,	350.172,	0.500
84.000,	171.924,	0.023209,	0.006618,	350.165,	0.500
84.000,	171.936,	0.023213,	0.007206,	350.154,	0.500
84.000,	171.948,	0.023210,	0.005859,	350.146,	0.500
84.000,	171.960,	0.023205,	0.005467,	350.130,	0.500
84.000,	171.972,	0.023204,	0.007091,	350.119,	0.500
84.000,	171.984,	0.023203,	0.006801,	350.109,	0.500
84.000,	171.996,	0.023201,	0.005586,	350.102,	0.500
84.000,	172.008,	0.023199,	0.006342,	350.083,	0.500
