Num, Lmd, sig,    mon,    Ring,  sec
#lmd,   E,  HOYAX,  Y,  Smpl,  Det, AGC X, Y, Smpl, Det
#2.15002,	576.6655,	0.000,	94.000,	82.900,	30.000,	0.000,	-76.000,	0.000,	29.999

1,	2.15002,	0.000062,	0.000347,	349.940,	229.650
2,	2.15002,	0.000077,	0.003681,	349.938,	0.510
3,	2.15002,	0.000076,	0.003431,	349.939,	0.500
4,	2.15002,	0.000072,	0.003776,	349.907,	0.490
5,	2.15002,	0.000072,	0.004810,	349.905,	0.500
6,	2.15002,	0.000072,	0.004048,	349.897,	0.500
7,	2.15002,	0.000068,	0.007040,	349.883,	0.510
8,	2.15002,	0.000069,	0.004045,	349.869,	0.500
9,	2.15002,	0.000066,	0.005907,	349.859,	0.520
10,	2.15002,	0.000052,	0.005930,	349.847,	0.490
11,	2.15002,	0.000067,	0.004924,	349.838,	0.510
12,	2.15002,	0.000066,	0.003933,	349.878,	0.490
13,	2.15002,	0.000067,	0.003972,	350.182,	0.510
14,	2.15002,	0.000067,	0.004414,	350.172,	0.500
15,	2.15002,	0.000067,	0.004453,	350.165,	0.500
16,	2.15002,	0.000071,	0.004351,	350.147,	0.500
17,	2.15002,	0.000066,	0.004330,	350.137,	0.500
18,	2.15002,	0.000065,	0.005390,	350.129,	0.500
19,	2.15002,	0.000066,	0.004321,	350.123,	0.500
20,	2.15002,	0.000009,	-0.004470,	350.102,	0.530
21,	2.15002,	0.000075,	0.005814,	350.094,	0.510
22,	2.15002,	0.000082,	0.004952,	350.086,	0.530
23,	2.15002,	0.000083,	0.004450,	350.064,	0.490
24,	2.15002,	0.000072,	0.004407,	350.057,	0.500
25,	2.15002,	0.000068,	0.005810,	350.049,	0.510
26,	2.15002,	0.000065,	0.004786,	350.041,	0.530
27,	2.15002,	0.000063,	0.004998,	350.019,	0.500
28,	2.15002,	0.000060,	0.004890,	350.012,	0.500
29,	2.15002,	0.000064,	0.003862,	350.005,	0.500
30,	2.15002,	0.000065,	0.003920,	349.992,	0.510
31,	2.15002,	0.000065,	0.004366,	349.975,	0.510
32,	2.15002,	0.000067,	0.004300,	349.968,	0.510
33,	2.15002,	0.000065,	0.004625,	349.955,	0.500
34,	2.15002,	0.000067,	0.006346,	349.946,	0.490
35,	2.15002,	0.000062,	0.004082,	349.933,	0.500
36,	2.15002,	0.000064,	0.004198,	349.920,	0.500
37,	2.15002,	0.000063,	0.003375,	349.911,	0.500
38,	2.15002,	0.000062,	0.005885,	349.904,	0.510
39,	2.15002,	0.000065,	0.003554,	349.885,	0.490
40,	2.15002,	0.000064,	0.004500,	349.875,	0.500
41,	2.15002,	0.000065,	0.001697,	349.867,	0.500
42,	2.15002,	0.000063,	0.005922,	349.860,	0.510
43,	2.15002,	0.000063,	0.004145,	349.838,	0.500
44,	2.15002,	0.000063,	0.005512,	349.830,	0.490
45,	2.15002,	0.000062,	0.002367,	349.822,	0.500
46,	2.15002,	0.000065,	0.005243,	349.811,	0.500
47,	2.15002,	0.000065,	0.004453,	349.793,	0.500
48,	2.15002,	0.000064,	0.004433,	349.843,	0.500
49,	2.15002,	0.000065,	0.003216,	350.124,	0.510
50,	2.15002,	0.000063,	0.004550,	350.112,	0.490
51,	2.15002,	0.000061,	0.003263,	350.097,	0.500
52,	2.15002,	0.000064,	0.004450,	350.091,	0.500
53,	2.15002,	0.000065,	0.004500,	350.080,	0.500
54,	2.15002,	0.000062,	0.004754,	350.072,	0.510
55,	2.15002,	0.000062,	0.003565,	350.057,	0.490
56,	2.15002,	0.000063,	0.003341,	350.043,	0.500
57,	2.15002,	0.000064,	0.004151,	350.036,	0.500
58,	2.15002,	0.000062,	0.005101,	350.029,	0.500
59,	2.15002,	0.000062,	0.006363,	350.007,	0.490
60,	2.15002,	0.000064,	0.004166,	349.999,	0.510
61,	2.15002,	0.000063,	0.004110,	349.991,	0.490
62,	2.15002,	0.000062,	0.004132,	349.983,	0.500
63,	2.15002,	0.000061,	0.004427,	349.963,	0.500
64,	2.15002,	0.000061,	0.006949,	349.955,	0.490
65,	2.15002,	0.000063,	0.004112,	349.948,	0.500
66,	2.15002,	0.000063,	0.004830,	349.935,	0.510
67,	2.15002,	0.000062,	0.004455,	349.919,	0.490
68,	2.15002,	0.000064,	0.004489,	349.912,	0.500
69,	2.15002,	0.000064,	0.004466,	349.900,	0.500
70,	2.15002,	0.000062,	0.004631,	349.890,	0.500
71,	2.15002,	0.000064,	0.004134,	349.874,	0.500
72,	2.15002,	0.000061,	0.004649,	349.865,	0.510
73,	2.15002,	0.000063,	0.003123,	349.853,	0.490
74,	2.15002,	0.000051,	0.006264,	349.846,	0.530
75,	2.15002,	0.000065,	0.003955,	349.828,	0.490
76,	2.15002,	0.000063,	0.002830,	349.818,	0.500
77,	2.15002,	0.000060,	0.007518,	349.810,	0.490
78,	2.15002,	0.000060,	0.005321,	349.803,	0.500
79,	2.15002,	0.000060,	0.006073,	350.133,	0.490
80,	2.15002,	0.000062,	0.007925,	350.125,	0.490
81,	2.15002,	0.000058,	0.002171,	350.118,	0.500
82,	2.15002,	0.000062,	0.005502,	350.110,	0.510
83,	2.15002,	0.000062,	0.003080,	350.091,	0.490
84,	2.15002,	0.000062,	0.003373,	350.083,	0.500
85,	2.15002,	0.000062,	0.006297,	350.075,	0.490
86,	2.15002,	0.000057,	0.006684,	350.063,	0.500
87,	2.15002,	0.000063,	0.003623,	350.048,	0.500
88,	2.15002,	0.000061,	0.006277,	350.041,	0.490
89,	2.15002,	0.000061,	0.006917,	350.029,	0.490
90,	2.15002,	0.000057,	0.005661,	350.020,	0.500
91,	2.15002,	0.000063,	0.003574,	350.005,	0.510
92,	2.15002,	0.000061,	0.003791,	349.991,	0.490
93,	2.15002,	0.000063,	0.003776,	349.983,	0.510
94,	2.15002,	0.000056,	0.006301,	349.976,	0.490
95,	2.15002,	0.000064,	0.003464,	349.958,	0.500
96,	2.15002,	0.000063,	0.004679,	349.947,	0.500
97,	2.15002,	0.000063,	0.003623,	349.938,	0.500
98,	2.15002,	0.000055,	0.006150,	349.932,	0.500
99,	2.15002,	0.000062,	0.003615,	349.907,	0.500
100,	2.15002,	0.000061,	0.006592,	349.899,	0.490
