Num, Lmd, sig,    mon,    Ring,  sec
#lmd,   E,  HOYAX,  Y,  Smpl,  Det, AGC X, Y, Smpl, Det
#13.50012,	91.8394,	12.987,	34.200,	82.900,	167.431,	0.000,	-76.000,	0.000,	29.999

1,	13.50012,	0.000025,	-0.000649,	349.829,	67.240
2,	13.50012,	0.000031,	-0.001063,	350.155,	0.490
3,	13.50012,	0.000041,	-0.001015,	350.154,	0.500
4,	13.50012,	0.000046,	-0.000937,	350.144,	0.510
5,	13.50012,	0.000050,	-0.000868,	350.128,	0.490
6,	13.50012,	0.000051,	-0.000881,	350.118,	0.500
7,	13.50012,	0.000051,	-0.000864,	350.110,	0.500
8,	13.50012,	0.000052,	-0.000858,	350.102,	0.500
9,	13.50012,	0.000049,	-0.000894,	350.083,	0.500
10,	13.50012,	0.000051,	-0.000883,	350.074,	0.510
11,	13.50012,	0.000049,	-0.000877,	350.065,	0.500
12,	13.50012,	0.000051,	-0.000899,	350.058,	0.490
13,	13.50012,	0.000050,	-0.000898,	350.037,	0.510
14,	13.50012,	0.000048,	-0.000870,	350.030,	0.490
15,	13.50012,	0.000050,	-0.000888,	350.021,	0.500
16,	13.50012,	0.000051,	-0.000876,	350.010,	0.500
17,	13.50012,	0.000049,	-0.000888,	349.992,	0.510
18,	13.50012,	0.000051,	-0.000859,	349.985,	0.490
19,	13.50012,	0.000051,	-0.000882,	349.973,	0.500
20,	13.50012,	0.000051,	-0.000877,	349.964,	0.500
21,	13.50012,	0.000050,	-0.000850,	349.949,	0.510
22,	13.50012,	0.000052,	-0.000858,	349.939,	0.490
23,	13.50012,	0.000050,	-0.000856,	349.929,	0.500
24,	13.50012,	0.000051,	-0.000874,	349.920,	0.500
25,	13.50012,	0.000049,	-0.000878,	349.903,	0.510
26,	13.50012,	0.000049,	-0.000855,	349.893,	0.490
27,	13.50012,	0.000050,	-0.000877,	349.883,	0.500
28,	13.50012,	0.000052,	-0.000889,	349.876,	0.500
29,	13.50012,	0.000051,	-0.000880,	349.856,	0.500
30,	13.50012,	0.000048,	-0.000879,	349.847,	0.500
31,	13.50012,	0.000050,	-0.000878,	349.841,	0.500
32,	13.50012,	0.000049,	-0.000886,	349.958,	0.500
33,	13.50012,	0.000053,	-0.000874,	350.192,	0.500
34,	13.50012,	0.000054,	-0.000865,	350.186,	0.500
35,	13.50012,	0.000051,	-0.000882,	350.178,	0.500
36,	13.50012,	0.000054,	-0.000886,	350.166,	0.500
37,	13.50012,	0.000054,	-0.000891,	350.151,	0.500
38,	13.50012,	0.000054,	-0.000885,	350.143,	0.510
39,	13.50012,	0.000055,	-0.000885,	350.132,	0.490
40,	13.50012,	0.000055,	-0.000884,	350.123,	0.500
41,	13.50012,	0.000053,	-0.000869,	350.108,	0.500
42,	13.50012,	0.000052,	-0.000868,	350.095,	0.500
43,	13.50012,	0.000053,	-0.000897,	350.087,	0.510
44,	13.50012,	0.000056,	-0.000896,	350.078,	0.490
45,	13.50012,	0.000055,	-0.000896,	350.060,	0.500
46,	13.50012,	0.000052,	-0.000877,	350.050,	0.500
47,	13.50012,	0.000053,	-0.000878,	350.042,	0.500
48,	13.50012,	0.000055,	-0.000871,	350.037,	0.510
49,	13.50012,	0.000054,	-0.000869,	350.015,	0.490
50,	13.50012,	0.000054,	-0.000897,	350.005,	0.500
51,	13.50012,	0.000053,	-0.000899,	349.999,	0.510
52,	13.50012,	0.000054,	-0.000864,	349.988,	0.490
53,	13.50012,	0.000049,	-0.000893,	349.968,	0.500
54,	13.50012,	0.000052,	-0.000904,	349.962,	0.500
55,	13.50012,	0.000052,	-0.000874,	349.952,	0.500
56,	13.50012,	0.000053,	-0.000904,	349.942,	0.500
57,	13.50012,	0.000052,	-0.000893,	349.925,	0.500
58,	13.50012,	0.000052,	-0.000886,	349.916,	0.500
59,	13.50012,	0.000054,	-0.000892,	349.906,	0.510
60,	13.50012,	0.000053,	-0.000874,	349.896,	0.490
61,	13.50012,	0.000051,	-0.000887,	349.881,	0.500
62,	13.50012,	0.000053,	-0.000886,	349.870,	0.500
63,	13.50012,	0.000052,	-0.000893,	349.861,	0.500
64,	13.50012,	0.000051,	-0.000905,	349.853,	0.500
65,	13.50012,	0.000053,	-0.000898,	349.835,	0.500
66,	13.50012,	0.000054,	-0.000896,	349.825,	0.500
67,	13.50012,	0.000053,	-0.000885,	349.817,	0.510
68,	13.50012,	0.000053,	-0.000872,	349.958,	0.490
69,	13.50012,	0.000055,	-0.000884,	350.187,	0.500
70,	13.50012,	0.000054,	-0.000886,	350.180,	0.510
71,	13.50012,	0.000054,	-0.000897,	350.172,	0.490
72,	13.50012,	0.000053,	-0.000872,	350.161,	0.510
73,	13.50012,	0.000055,	-0.000879,	350.144,	0.500
74,	13.50012,	0.000056,	-0.000885,	350.138,	0.500
75,	13.50012,	0.000057,	-0.000856,	350.127,	0.490
76,	13.50012,	0.000056,	-0.000874,	350.116,	0.500
77,	13.50012,	0.000053,	-0.000902,	350.101,	0.500
78,	13.50012,	0.000057,	-0.000879,	350.091,	0.510
79,	13.50012,	0.000059,	-0.000865,	350.081,	0.500
80,	13.50012,	0.000058,	-0.000870,	350.072,	0.490
81,	13.50012,	0.000060,	-0.000872,	350.055,	0.500
82,	13.50012,	0.000059,	-0.000893,	350.044,	0.510
83,	13.50012,	0.000058,	-0.000891,	350.036,	0.490
84,	13.50012,	0.000059,	-0.000870,	350.030,	0.510
85,	13.50012,	0.000059,	-0.000887,	350.009,	0.490
86,	13.50012,	0.000057,	-0.000872,	349.999,	0.510
87,	13.50012,	0.000060,	-0.000900,	349.992,	0.500
88,	13.50012,	0.000056,	-0.000868,	349.982,	0.490
89,	13.50012,	0.000052,	-0.000900,	349.963,	0.500
90,	13.50012,	0.000058,	-0.000905,	349.954,	0.500
91,	13.50012,	0.000058,	-0.000908,	349.947,	0.500
92,	13.50012,	0.000070,	-0.000904,	349.937,	0.500
93,	13.50012,	0.000073,	-0.000875,	349.919,	0.500
94,	13.50012,	0.000068,	-0.000873,	349.910,	0.510
95,	13.50012,	0.000066,	-0.000930,	349.899,	0.500
96,	13.50012,	0.000065,	-0.000885,	349.889,	0.490
97,	13.50012,	0.000062,	-0.000873,	349.875,	0.500
98,	13.50012,	0.000063,	-0.000889,	349.864,	0.500
99,	13.50012,	0.000062,	-0.000888,	349.854,	0.500
100,	13.50012,	0.000059,	-0.000860,	349.846,	0.500
