Smpl, Det, sig,    mon,    Ring,  sec
#lmd,   E,  HOYAX,  Y,  Smpl,  Det, AGC X, Y, Smpl, Det, pps
#13.50012,	91.8394,	12.501,	34.200,	82.900,	165.000,	0.000,	-76.000,	0.000,	29.999,50

82.900,	165.000,	0.023173,	-0.001097,	349.933,	69.290
82.900,	165.012,	0.023183,	0.006816,	349.922,	0.500
82.900,	165.024,	0.023188,	0.006434,	349.914,	0.500
82.900,	165.036,	0.023182,	0.006447,	349.897,	0.500
82.900,	165.048,	0.023181,	0.005792,	349.887,	0.500
82.900,	165.060,	0.023178,	0.005129,	349.878,	0.500
82.900,	165.072,	0.023178,	0.006467,	349.868,	0.500
82.900,	165.084,	0.023180,	0.005904,	349.850,	0.500
82.900,	165.096,	0.023172,	0.006001,	349.842,	0.500
82.900,	165.108,	0.023184,	0.006103,	350.123,	0.500
82.900,	165.120,	0.023190,	0.005648,	350.171,	0.500
82.900,	165.132,	0.023188,	0.006508,	350.153,	0.500
82.900,	165.144,	0.023190,	0.005980,	350.143,	0.500
82.900,	165.156,	0.023186,	0.006639,	350.136,	0.500
82.900,	165.168,	0.023182,	0.005532,	350.127,	0.500
82.900,	165.180,	0.023180,	0.006525,	350.109,	0.500
82.900,	165.192,	0.023179,	0.006193,	350.101,	0.500
82.900,	165.204,	0.023177,	0.006768,	350.092,	0.500
82.900,	165.216,	0.023175,	0.006936,	350.082,	0.500
82.900,	165.228,	0.023168,	0.006139,	350.064,	0.500
82.900,	165.240,	0.023167,	0.006495,	350.055,	0.500
82.900,	165.252,	0.023169,	0.006381,	350.046,	0.500
82.900,	165.264,	0.023166,	0.006004,	350.036,	0.500
82.900,	165.276,	0.023162,	0.005840,	350.019,	0.500
82.900,	165.288,	0.023156,	0.006546,	350.009,	0.500
82.900,	165.300,	0.023155,	0.005478,	350.001,	0.500
82.900,	165.312,	0.023152,	0.005670,	349.992,	0.500
82.900,	165.324,	0.023151,	0.005163,	349.974,	0.500
82.900,	165.336,	0.023150,	0.006305,	349.965,	0.500
82.900,	165.348,	0.023149,	0.006116,	349.956,	0.500
82.900,	165.360,	0.023146,	0.006480,	349.947,	0.500
82.900,	165.372,	0.023150,	0.006947,	349.930,	0.500
82.900,	165.384,	0.023144,	0.005948,	349.919,	0.500
82.900,	165.396,	0.023145,	0.005885,	349.912,	0.500
82.900,	165.408,	0.023145,	0.006337,	349.901,	0.500
82.900,	165.420,	0.023141,	0.005478,	349.884,	0.500
82.900,	165.432,	0.023142,	0.005730,	349.877,	0.500
82.900,	165.444,	0.023136,	0.006387,	349.867,	0.500
82.900,	165.456,	0.023134,	0.005760,	349.859,	0.500
82.900,	165.468,	0.023133,	0.006624,	349.841,	0.500
82.900,	165.480,	0.023133,	0.005706,	349.830,	0.500
82.900,	165.492,	0.023130,	0.006234,	349.822,	0.500
82.900,	165.504,	0.023130,	0.005006,	349.812,	0.500
82.900,	165.516,	0.023128,	0.006219,	349.796,	0.500
82.900,	165.528,	0.023123,	0.006506,	349.786,	0.500
82.900,	165.540,	0.023133,	0.006523,	350.058,	0.500
82.900,	165.552,	0.023142,	0.007352,	350.146,	0.500
82.900,	165.564,	0.023146,	0.006057,	350.128,	0.500
82.900,	165.576,	0.023147,	0.006316,	350.118,	0.500
82.900,	165.588,	0.023149,	0.005896,	350.110,	0.500
82.900,	165.600,	0.023147,	0.005454,	350.101,	0.500
82.900,	165.612,	0.023148,	0.005907,	350.081,	0.500
82.900,	165.624,	0.023140,	0.005739,	350.074,	0.500
82.900,	165.636,	0.023135,	0.006546,	350.064,	0.500
82.900,	165.648,	0.023136,	0.006079,	350.054,	0.500
82.900,	165.660,	0.023133,	0.005084,	350.036,	0.500
82.900,	165.672,	0.023135,	0.006932,	350.028,	0.500
82.900,	165.684,	0.023130,	0.005594,	350.019,	0.500
82.900,	165.696,	0.023125,	0.006340,	350.009,	0.500
82.900,	165.708,	0.023127,	0.006269,	349.990,	0.500
82.900,	165.720,	0.023126,	0.006357,	349.980,	0.500
82.900,	165.732,	0.023124,	0.006833,	349.974,	0.500
82.900,	165.744,	0.023119,	0.006260,	349.964,	0.500
82.900,	165.756,	0.023120,	0.005913,	349.947,	0.500
82.900,	165.768,	0.023116,	0.007102,	349.938,	0.500
82.900,	165.780,	0.023115,	0.006734,	349.926,	0.500
82.900,	165.792,	0.023112,	0.006650,	349.919,	0.500
82.900,	165.804,	0.023109,	0.005896,	349.900,	0.500
82.900,	165.816,	0.023109,	0.006398,	349.890,	0.500
82.900,	165.828,	0.023108,	0.006469,	349.884,	0.500
82.900,	165.840,	0.023106,	0.006641,	349.874,	0.500
82.900,	165.852,	0.023098,	0.006113,	349.854,	0.500
82.900,	165.864,	0.023095,	0.006178,	349.846,	0.500
82.900,	165.876,	0.023099,	0.005073,	349.838,	0.500
82.900,	165.888,	0.023098,	0.005418,	349.829,	0.500
82.900,	165.900,	0.023097,	0.005928,	349.812,	0.500
82.900,	165.912,	0.023091,	0.005844,	349.803,	0.500
82.900,	165.924,	0.023087,	0.006652,	349.792,	0.500
82.900,	165.936,	0.023083,	0.006475,	349.783,	0.500
82.900,	165.948,	0.023085,	0.006118,	349.766,	0.500
82.900,	165.960,	0.023086,	0.006010,	349.755,	0.500
82.900,	165.972,	0.023098,	0.006292,	349.969,	0.500
82.900,	165.984,	0.023108,	0.006060,	350.084,	0.500
82.900,	165.996,	0.023108,	0.005512,	350.065,	0.500
82.900,	166.008,	0.023106,	0.005924,	350.056,	0.500
82.900,	166.020,	0.023105,	0.006564,	350.046,	0.500
82.900,	166.032,	0.023106,	0.005674,	350.040,	0.500
82.900,	166.044,	0.023104,	0.005773,	350.020,	0.500
82.900,	166.056,	0.023101,	0.006387,	350.011,	0.500
82.900,	166.068,	0.023098,	0.006309,	350.004,	0.500
82.900,	166.080,	0.023097,	0.006381,	349.994,	0.500
82.900,	166.092,	0.023096,	0.005678,	349.975,	0.500
82.900,	166.104,	0.023098,	0.007895,	349.969,	0.500
82.900,	166.116,	0.023094,	0.007369,	349.958,	0.500
82.900,	166.128,	0.023091,	0.007973,	349.948,	0.500
82.900,	166.140,	0.023090,	0.008362,	349.932,	0.500
82.900,	166.152,	0.023085,	0.007404,	349.922,	0.500
82.900,	166.164,	0.023079,	0.005956,	349.913,	0.500
82.900,	166.176,	0.023082,	0.006284,	349.903,	0.500
82.900,	166.188,	0.023079,	0.006187,	349.887,	0.500
82.900,	166.200,	0.023079,	0.006141,	349.877,	0.500
82.900,	166.212,	0.023080,	0.005900,	349.867,	0.500
82.900,	166.224,	0.023080,	0.005993,	349.859,	0.500
82.900,	166.236,	0.023079,	0.006157,	349.841,	0.500
82.900,	166.248,	0.023071,	0.005622,	349.831,	0.500
82.900,	166.260,	0.023077,	0.006064,	350.037,	0.500
82.900,	166.272,	0.023087,	0.005702,	350.173,	0.500
82.900,	166.284,	0.023088,	0.006469,	350.155,	0.500
82.900,	166.296,	0.023089,	0.010329,	350.148,	0.500
82.900,	166.308,	0.023088,	0.013860,	350.140,	0.500
82.900,	166.320,	0.023091,	0.019648,	350.130,	0.500
82.900,	166.332,	0.023087,	0.025874,	350.111,	0.500
82.900,	166.344,	0.023086,	0.027953,	350.104,	0.500
82.900,	166.356,	0.023084,	0.028562,	350.093,	0.500
82.900,	166.368,	0.023083,	0.029551,	350.084,	0.500
82.900,	166.380,	0.023075,	0.028338,	350.068,	0.500
82.900,	166.392,	0.023074,	0.028386,	350.058,	0.500
82.900,	166.404,	0.023078,	0.028993,	350.048,	0.500
82.900,	166.416,	0.023075,	0.028698,	350.038,	0.500
82.900,	166.428,	0.023074,	0.028623,	350.023,	0.500
82.900,	166.440,	0.023071,	0.029385,	350.013,	0.500
82.900,	166.452,	0.023068,	0.028890,	350.002,	0.500
82.900,	166.464,	0.023068,	0.028543,	349.997,	0.500
82.900,	166.476,	0.023069,	0.028418,	349.976,	0.500
82.900,	166.488,	0.023077,	0.029181,	349.967,	0.500
82.900,	166.500,	0.023076,	0.028989,	349.959,	0.500
82.900,	166.512,	0.023069,	0.028543,	349.950,	0.500
82.900,	166.524,	0.023065,	0.029663,	349.930,	0.500
82.900,	166.536,	0.023064,	0.029101,	349.924,	0.500
82.900,	166.548,	0.023065,	0.028319,	349.914,	0.500
82.900,	166.560,	0.023066,	0.030137,	349.906,	0.500
82.900,	166.572,	0.023062,	0.028519,	349.887,	0.500
82.900,	166.584,	0.023066,	0.028819,	349.878,	0.500
82.900,	166.596,	0.023040,	0.029430,	349.868,	0.510
82.900,	166.608,	0.023066,	0.029051,	349.858,	0.490
82.900,	166.620,	0.023063,	0.029010,	349.841,	0.500
82.900,	166.632,	0.023063,	0.028403,	349.832,	0.500
82.900,	166.644,	0.023055,	0.029069,	349.821,	0.500
82.900,	166.656,	0.023057,	0.029424,	349.812,	0.500
82.900,	166.668,	0.023056,	0.028672,	349.795,	0.500
82.900,	166.680,	0.023055,	0.028944,	349.785,	0.500
82.900,	166.692,	0.023063,	0.028472,	349.970,	0.500
82.900,	166.704,	0.023073,	0.028832,	350.120,	0.500
82.900,	166.716,	0.023075,	0.029549,	350.103,	0.500
82.900,	166.728,	0.023078,	0.029116,	350.094,	0.500
82.900,	166.740,	0.023082,	0.028485,	350.088,	0.500
82.900,	166.752,	0.023075,	0.028756,	350.078,	0.500
82.900,	166.764,	0.023072,	0.029471,	350.059,	0.500
82.900,	166.776,	0.023073,	0.028692,	350.053,	0.500
82.900,	166.788,	0.023074,	0.029402,	350.043,	0.500
82.900,	166.800,	0.023074,	0.028993,	350.034,	0.500
82.900,	166.812,	0.023069,	0.028218,	350.016,	0.500
82.900,	166.824,	0.023069,	0.029571,	350.006,	0.500
82.900,	166.836,	0.023067,	0.029370,	349.996,	0.500
82.900,	166.848,	0.023070,	0.029889,	349.986,	0.500
82.900,	166.860,	0.023071,	0.028455,	349.971,	0.500
82.900,	166.872,	0.023067,	0.027720,	349.960,	0.500
82.900,	166.884,	0.023067,	0.028782,	349.951,	0.500
82.900,	166.896,	0.023069,	0.029303,	349.944,	0.500
82.900,	166.908,	0.023068,	0.028172,	349.925,	0.500
82.900,	166.920,	0.023067,	0.029592,	349.914,	0.500
82.900,	166.932,	0.023065,	0.028356,	349.906,	0.500
82.900,	166.944,	0.023059,	0.029448,	349.897,	0.500
82.900,	166.956,	0.023059,	0.029863,	349.876,	0.500
82.900,	166.968,	0.023059,	0.028627,	349.870,	0.500
82.900,	166.980,	0.023056,	0.029353,	349.864,	0.500
82.900,	166.992,	0.023058,	0.028366,	349.852,	0.500
82.900,	167.004,	0.023054,	0.030475,	349.834,	0.500
82.900,	167.016,	0.023051,	0.028929,	349.826,	0.500
82.900,	167.028,	0.023047,	0.028556,	349.816,	0.500
82.900,	167.040,	0.023046,	0.029103,	349.806,	0.500
82.900,	167.052,	0.023047,	0.030861,	350.160,	0.500
82.900,	167.064,	0.023064,	0.029362,	350.154,	0.500
82.900,	167.076,	0.023065,	0.028463,	350.145,	0.500
82.900,	167.088,	0.023065,	0.028405,	350.135,	0.500
82.900,	167.100,	0.023056,	0.028521,	350.119,	0.500
82.900,	167.112,	0.023066,	0.029428,	350.110,	0.500
82.900,	167.124,	0.023061,	0.028905,	350.100,	0.500
82.900,	167.136,	0.023060,	0.029728,	350.094,	0.500
82.900,	167.148,	0.023053,	0.028272,	350.075,	0.500
82.900,	167.160,	0.023056,	0.029581,	350.064,	0.500
82.900,	167.172,	0.023059,	0.029142,	350.058,	0.500
82.900,	167.184,	0.023058,	0.028435,	350.049,	0.500
82.900,	167.196,	0.023048,	0.029273,	350.028,	0.500
82.900,	167.208,	0.023056,	0.027640,	350.021,	0.500
82.900,	167.220,	0.023054,	0.028892,	350.013,	0.500
82.900,	167.232,	0.023049,	0.028461,	350.003,	0.500
82.900,	167.244,	0.023044,	0.029316,	349.985,	0.500
82.900,	167.256,	0.023049,	0.029265,	349.977,	0.500
82.900,	167.268,	0.023052,	0.030197,	349.966,	0.500
82.900,	167.280,	0.023050,	0.028009,	349.956,	0.500
82.900,	167.292,	0.023042,	0.028166,	349.941,	0.500
82.900,	167.304,	0.023049,	0.028920,	349.930,	0.500
82.900,	167.316,	0.023046,	0.028722,	349.919,	0.500
82.900,	167.328,	0.023042,	0.028982,	349.910,	0.500
82.900,	167.340,	0.023033,	0.028220,	349.893,	0.500
82.900,	167.352,	0.023040,	0.028948,	349.883,	0.500
82.900,	167.364,	0.023041,	0.028961,	349.874,	0.500
82.900,	167.376,	0.023039,	0.028640,	349.868,	0.500
82.900,	167.388,	0.023034,	0.029213,	349.846,	0.500
82.900,	167.400,	0.023036,	0.029510,	349.838,	0.500
82.900,	167.412,	0.023041,	0.028287,	349.976,	0.500
82.900,	167.424,	0.023052,	0.028720,	350.163,	0.500
82.900,	167.436,	0.023046,	0.027302,	350.143,	0.500
82.900,	167.448,	0.023055,	0.028728,	350.137,	0.500
82.900,	167.460,	0.023049,	0.027212,	350.128,	0.500
82.900,	167.472,	0.023051,	0.028211,	350.117,	0.500
82.900,	167.484,	0.023045,	0.024911,	350.100,	0.500
82.900,	167.496,	0.023053,	0.028216,	350.091,	0.500
82.900,	167.508,	0.023049,	0.027946,	350.081,	0.500
82.900,	167.520,	0.023048,	0.028470,	350.071,	0.500
82.900,	167.532,	0.023041,	0.027826,	350.055,	0.500
82.900,	167.544,	0.023041,	0.029426,	350.046,	0.500
82.900,	167.556,	0.023038,	0.030107,	350.035,	0.500
82.900,	167.568,	0.023038,	0.028552,	350.029,	0.500
82.900,	167.580,	0.023040,	0.028646,	350.010,	0.500
82.900,	167.592,	0.023036,	0.029189,	350.001,	0.500
82.900,	167.604,	0.023039,	0.028629,	349.993,	0.500
82.900,	167.616,	0.023037,	0.028933,	349.985,	0.500
82.900,	167.628,	0.023032,	0.028696,	349.963,	0.500
82.900,	167.640,	0.023029,	0.028440,	349.955,	0.500
82.900,	167.652,	0.023026,	0.028295,	349.949,	0.500
82.900,	167.664,	0.023027,	0.029271,	349.937,	0.500
82.900,	167.676,	0.023024,	0.029159,	349.917,	0.500
82.900,	167.688,	0.023026,	0.029026,	349.911,	0.500
82.900,	167.700,	0.023023,	0.028216,	349.900,	0.500
82.900,	167.712,	0.023016,	0.028319,	349.890,	0.500
82.900,	167.724,	0.023018,	0.027761,	349.873,	0.500
82.900,	167.736,	0.023017,	0.028857,	349.863,	0.500
82.900,	167.748,	0.023014,	0.029135,	349.853,	0.500
82.900,	167.760,	0.023011,	0.029023,	349.844,	0.500
82.900,	167.772,	0.023018,	0.028922,	350.202,	0.500
82.900,	167.784,	0.023025,	0.029295,	350.199,	0.500
82.900,	167.796,	0.023028,	0.028194,	350.189,	0.500
82.900,	167.808,	0.023031,	0.028577,	350.182,	0.500
82.900,	167.820,	0.023032,	0.027854,	350.163,	0.500
82.900,	167.832,	0.023028,	0.029855,	350.154,	0.500
82.900,	167.844,	0.023026,	0.028914,	350.146,	0.500
82.900,	167.856,	0.023022,	0.029049,	350.138,	0.500
82.900,	167.868,	0.023026,	0.028801,	350.116,	0.500
82.900,	167.880,	0.023025,	0.029381,	350.110,	0.500
82.900,	167.892,	0.023025,	0.029422,	350.102,	0.500
82.900,	167.904,	0.023023,	0.029532,	350.092,	0.500
82.900,	167.916,	0.023021,	0.028274,	350.074,	0.500
82.900,	167.928,	0.023022,	0.029601,	350.067,	0.500
82.900,	167.940,	0.023023,	0.028931,	350.055,	0.500
82.900,	167.952,	0.023018,	0.028961,	350.046,	0.500
82.900,	167.964,	0.023016,	0.028235,	350.030,	0.500
82.900,	167.976,	0.023016,	0.028465,	350.021,	0.500
82.900,	167.988,	0.023014,	0.028353,	350.011,	0.500
82.900,	168.000,	0.023011,	0.029327,	350.001,	0.500
82.900,	168.012,	0.023011,	0.027444,	349.984,	0.500
82.900,	168.024,	0.023010,	0.029133,	349.974,	0.500
82.900,	168.036,	0.023008,	0.029581,	349.966,	0.500
82.900,	168.048,	0.023010,	0.028700,	349.958,	0.500
82.900,	168.060,	0.023004,	0.029010,	349.939,	0.500
82.900,	168.072,	0.023006,	0.029103,	349.930,	0.500
82.900,	168.084,	0.023007,	0.028556,	349.924,	0.500
82.900,	168.096,	0.023003,	0.029131,	349.914,	0.500
82.900,	168.108,	0.023003,	0.028879,	349.894,	0.500
82.900,	168.120,	0.023002,	0.028972,	349.886,	0.500
82.900,	168.132,	0.023009,	0.028672,	349.878,	0.500
82.900,	168.144,	0.023005,	0.028896,	349.866,	0.500
82.900,	168.156,	0.023002,	0.028898,	349.852,	0.500
82.900,	168.168,	0.022997,	0.029226,	349.841,	0.500
82.900,	168.180,	0.022997,	0.029176,	349.831,	0.500
82.900,	168.192,	0.022998,	0.028162,	349.821,	0.500
82.900,	168.204,	0.023001,	0.029092,	350.139,	0.500
82.900,	168.216,	0.023012,	0.029767,	350.134,	0.500
82.900,	168.228,	0.023016,	0.028054,	350.125,	0.500
82.900,	168.240,	0.023018,	0.028474,	350.117,	0.500
82.900,	168.252,	0.023013,	0.028067,	350.101,	0.500
82.900,	168.264,	0.023009,	0.028959,	350.090,	0.500
82.900,	168.276,	0.023012,	0.029232,	350.082,	0.500
82.900,	168.288,	0.023009,	0.028580,	350.075,	0.500
82.900,	168.300,	0.023005,	0.028345,	350.055,	0.500
82.900,	168.312,	0.023007,	0.028657,	350.046,	0.500
82.900,	168.324,	0.023007,	0.028911,	350.039,	0.500
82.900,	168.336,	0.023007,	0.029013,	350.029,	0.500
82.900,	168.348,	0.023003,	0.029088,	350.009,	0.500
82.900,	168.360,	0.023000,	0.027987,	350.004,	0.500
82.900,	168.372,	0.022998,	0.028868,	349.992,	0.500
82.900,	168.384,	0.023002,	0.029092,	349.983,	0.500
82.900,	168.396,	0.022995,	0.028965,	349.967,	0.500
82.900,	168.408,	0.022992,	0.028674,	349.956,	0.500
82.900,	168.420,	0.022993,	0.028026,	349.946,	0.500
82.900,	168.432,	0.022992,	0.029624,	349.939,	0.500
82.900,	168.444,	0.022992,	0.028681,	349.922,	0.500
82.900,	168.456,	0.022993,	0.028580,	349.911,	0.500
82.900,	168.468,	0.022991,	0.029351,	349.901,	0.500
82.900,	168.480,	0.022990,	0.028627,	349.895,	0.500
82.900,	168.492,	0.022988,	0.028661,	349.874,	0.500
82.900,	168.504,	0.022987,	0.028692,	349.865,	0.500
82.900,	168.516,	0.022984,	0.028500,	349.858,	0.500
82.900,	168.528,	0.022984,	0.024978,	349.848,	0.500
82.900,	168.540,	0.022984,	0.021087,	349.829,	0.500
82.900,	168.552,	0.022984,	0.014715,	349.821,	0.500
82.900,	168.564,	0.022995,	0.008093,	349.956,	0.500
82.900,	168.576,	0.023003,	0.006811,	350.147,	0.500
82.900,	168.588,	0.023008,	0.006923,	350.131,	0.500
82.900,	168.600,	0.023003,	0.005840,	350.124,	0.500
82.900,	168.612,	0.023001,	0.006835,	350.114,	0.500
82.900,	168.624,	0.023003,	0.007018,	350.103,	0.500
82.900,	168.636,	0.022999,	0.006284,	350.089,	0.500
82.900,	168.648,	0.022996,	0.008013,	350.078,	0.500
82.900,	168.660,	0.022993,	0.009123,	350.067,	0.500
82.900,	168.672,	0.022992,	0.006911,	350.058,	0.500
82.900,	168.684,	0.022988,	0.006137,	350.043,	0.500
82.900,	168.696,	0.022990,	0.006941,	350.031,	0.500
82.900,	168.708,	0.022988,	0.005993,	350.023,	0.500
82.900,	168.720,	0.022987,	0.005844,	350.016,	0.500
82.900,	168.732,	0.022986,	0.006266,	349.996,	0.500
82.900,	168.744,	0.022987,	0.006484,	349.987,	0.500
82.900,	168.756,	0.022985,	0.005917,	349.980,	0.500
82.900,	168.768,	0.022986,	0.005700,	349.971,	0.500
82.900,	168.780,	0.022995,	0.006079,	349.950,	0.500
82.900,	168.792,	0.022993,	0.006103,	349.944,	0.500
82.900,	168.804,	0.022988,	0.006585,	349.934,	0.500
82.900,	168.816,	0.022983,	0.006340,	349.923,	0.500
82.900,	168.828,	0.022978,	0.006482,	349.906,	0.500
82.900,	168.840,	0.022976,	0.007104,	349.900,	0.500
82.900,	168.852,	0.022970,	0.005814,	349.888,	0.500
82.900,	168.864,	0.022973,	0.006318,	349.877,	0.500
82.900,	168.876,	0.022974,	0.006529,	349.863,	0.500
82.900,	168.888,	0.022969,	0.006006,	349.852,	0.500
82.900,	168.900,	0.022966,	0.005092,	349.841,	0.500
82.900,	168.912,	0.022963,	0.006488,	349.835,	0.500
82.900,	168.924,	0.022973,	0.006139,	350.151,	0.500
82.900,	168.936,	0.022983,	0.006568,	350.146,	0.500
82.900,	168.948,	0.022984,	0.005224,	350.138,	0.500
82.900,	168.960,	0.022984,	0.007132,	350.132,	0.500
82.900,	168.972,	0.022979,	0.005403,	350.110,	0.500
82.900,	168.984,	0.022982,	0.005517,	350.101,	0.500
82.900,	168.996,	0.022981,	0.006506,	350.095,	0.500
82.900,	169.008,	0.022983,	0.006583,	350.084,	0.500
82.900,	169.020,	0.022980,	0.005762,	350.065,	0.500
82.900,	169.032,	0.022977,	0.007927,	350.059,	0.500
82.900,	169.044,	0.022977,	0.005198,	350.050,	0.500
82.900,	169.056,	0.022980,	0.005775,	350.038,	0.500
82.900,	169.068,	0.022977,	0.006070,	350.024,	0.500
82.900,	169.080,	0.022964,	0.006482,	350.014,	0.500
82.900,	169.092,	0.022971,	0.005603,	350.003,	0.500
82.900,	169.104,	0.022971,	0.006019,	349.992,	0.500
82.900,	169.116,	0.022969,	0.006824,	349.977,	0.500
82.900,	169.128,	0.022953,	0.006348,	349.965,	0.500
82.900,	169.140,	0.022963,	0.005904,	349.956,	0.500
82.900,	169.152,	0.022963,	0.005267,	349.949,	0.500
82.900,	169.164,	0.022959,	0.005825,	349.931,	0.500
82.900,	169.176,	0.022949,	0.005431,	349.920,	0.500
82.900,	169.188,	0.022959,	0.006383,	349.913,	0.500
82.900,	169.200,	0.022955,	0.007001,	349.906,	0.500
82.900,	169.212,	0.022953,	0.006217,	349.884,	0.500
82.900,	169.224,	0.022943,	0.007126,	349.877,	0.500
82.900,	169.236,	0.022952,	0.006514,	349.870,	0.500
82.900,	169.248,	0.022948,	0.006381,	349.859,	0.500
82.900,	169.260,	0.022943,	0.006288,	349.841,	0.500
82.900,	169.272,	0.022933,	0.002064,	349.835,	0.500
82.900,	169.284,	0.022943,	0.005036,	349.824,	0.500
82.900,	169.296,	0.022942,	0.005887,	349.813,	0.500
82.900,	169.308,	0.022943,	0.005452,	349.799,	0.500
82.900,	169.320,	0.022939,	0.006826,	349.787,	0.500
82.900,	169.332,	0.022943,	0.006691,	349.777,	0.500
82.900,	169.344,	0.022934,	0.005575,	349.767,	0.500
82.900,	169.356,	0.022944,	0.006116,	350.066,	0.500
82.900,	169.368,	0.022951,	0.005452,	350.060,	0.500
82.900,	169.380,	0.022953,	0.005999,	350.052,	0.500
82.900,	169.392,	0.022951,	0.005581,	350.047,	0.500
82.900,	169.404,	0.022949,	0.006551,	350.024,	0.500
82.900,	169.416,	0.022947,	0.006182,	350.016,	0.500
82.900,	169.428,	0.022948,	0.006633,	350.010,	0.500
82.900,	169.440,	0.022950,	0.005680,	350.000,	0.500
82.900,	169.452,	0.022945,	0.006348,	349.980,	0.500
82.900,	169.464,	0.022945,	0.005827,	349.975,	0.500
82.900,	169.476,	0.022942,	0.005523,	349.967,	0.500
82.900,	169.488,	0.022941,	0.007023,	349.955,	0.500
82.900,	169.500,	0.022940,	0.006620,	349.939,	0.500
82.900,	169.512,	0.022939,	0.006557,	349.930,	0.500
82.900,	169.524,	0.022944,	0.006249,	349.918,	0.500
82.900,	169.536,	0.022935,	0.006264,	349.909,	0.500
82.900,	169.548,	0.022935,	0.005407,	349.895,	0.500
82.900,	169.560,	0.022928,	0.006169,	349.882,	0.500
82.900,	169.572,	0.022929,	0.006042,	349.872,	0.500
82.900,	169.584,	0.022927,	0.006012,	349.865,	0.500
82.900,	169.596,	0.022924,	0.006066,	349.847,	0.500
82.900,	169.608,	0.022923,	0.005838,	349.837,	0.500
82.900,	169.620,	0.022922,	0.005133,	349.829,	0.500
82.900,	169.632,	0.022919,	0.006529,	349.823,	0.500
82.900,	169.644,	0.022925,	0.006378,	350.162,	0.500
82.900,	169.656,	0.022931,	0.005534,	350.159,	0.500
82.900,	169.668,	0.022936,	0.006092,	350.154,	0.500
82.900,	169.680,	0.022940,	0.006521,	350.144,	0.500
82.900,	169.692,	0.022937,	0.006101,	350.125,	0.500
82.900,	169.704,	0.022934,	0.005484,	350.119,	0.500
82.900,	169.716,	0.022929,	0.006305,	350.109,	0.500
82.900,	169.728,	0.022929,	0.005187,	350.097,	0.500
82.900,	169.745,	0.022926,	0.005978,	350.084,	0.670
82.900,	169.757,	0.022920,	0.006249,	350.074,	0.490
82.900,	169.769,	0.022921,	0.005788,	350.061,	0.480
82.900,	169.781,	0.022919,	0.006342,	350.047,	0.490
82.900,	169.790,	0.022923,	0.006353,	350.037,	0.490
82.900,	169.802,	0.022922,	0.006758,	350.026,	0.490
82.900,	169.814,	0.022921,	0.006036,	350.016,	0.480
82.900,	169.826,	0.022922,	0.005935,	350.009,	0.490
82.900,	169.838,	0.022917,	0.005758,	349.988,	0.490
82.900,	169.850,	0.022916,	0.005758,	349.980,	0.480
82.900,	169.862,	0.022913,	0.005719,	349.973,	0.490
82.900,	169.874,	0.022913,	0.006169,	349.965,	0.480
82.900,	169.884,	0.022912,	0.005013,	349.943,	0.490
82.900,	169.896,	0.022909,	0.006697,	349.936,	0.490
82.900,	169.908,	0.022909,	0.006066,	349.928,	0.500
82.900,	169.920,	0.022907,	0.006411,	349.916,	0.500
82.900,	169.932,	0.022904,	0.006038,	349.899,	0.500
82.900,	169.944,	0.022904,	0.006562,	349.893,	0.500
82.900,	169.956,	0.022902,	0.006286,	349.881,	0.500
82.900,	169.968,	0.022900,	0.006314,	349.870,	0.500
82.900,	169.980,	0.022899,	0.006368,	349.857,	0.500
82.900,	169.992,	0.022894,	0.006312,	349.846,	0.500
82.900,	170.004,	0.022899,	0.005771,	349.957,	0.500
