Lmd,  eV,  sig,    mon,    Ring,  sec
#lmd,   E,  HOYAX,  Y,  Smpl,  Det, AGC X, Y, Smpl, Det, pps
#3.27129,	379.0072,	0.000,	94.000,	82.900,	-0.259,	0.000,	-76.000,	0.000,	29.999,100

2.77008,	447.5836,	-0.000056,	84.869400,	349.815,	56.450
2.77073,	447.4786,	-0.000050,	84.908320,	350.187,	0.500
2.77150,	447.3543,	-0.000056,	84.901210,	350.174,	0.500
2.77230,	447.2252,	-0.000047,	84.907280,	350.163,	0.500
2.77310,	447.0962,	-0.000045,	84.913650,	350.155,	0.500
2.77383,	446.9785,	-0.000050,	84.926550,	350.150,	0.500
2.77460,	446.8545,	-0.000059,	84.942270,	350.127,	0.500
2.77536,	446.7321,	-0.000046,	84.943640,	350.120,	0.500
2.77613,	446.6082,	-0.000042,	84.962030,	350.112,	0.500
2.77690,	446.4844,	-0.000041,	84.956620,	350.103,	0.500
2.77762,	446.3686,	-0.000050,	84.975620,	350.082,	0.500
2.77839,	446.2449,	-0.000041,	84.969390,	350.077,	0.500
2.77919,	446.1165,	-0.000042,	84.982520,	350.067,	0.500
2.78000,	445.9865,	-0.000041,	85.000660,	350.055,	0.500
2.78076,	445.8646,	-0.000049,	85.005320,	350.040,	0.500
2.78149,	445.7476,	-0.000046,	85.016840,	350.032,	0.500
2.78226,	445.6242,	-0.000046,	85.031530,	350.020,	0.500
2.78302,	445.5025,	-0.000045,	85.034530,	350.010,	0.500
2.78379,	445.3793,	-0.000052,	85.047820,	349.996,	0.500
2.78455,	445.2577,	-0.000041,	85.051280,	349.984,	0.500
2.78528,	445.1410,	-0.000037,	85.065520,	349.975,	0.500
2.78605,	445.0180,	-0.000038,	85.076200,	349.968,	0.500
2.78681,	444.8967,	-0.000046,	85.069680,	349.947,	0.500
2.78762,	444.7674,	-0.000045,	85.092130,	349.939,	0.500
2.78838,	444.6462,	-0.000040,	85.099870,	349.931,	0.500
2.78915,	444.5234,	-0.000043,	85.107370,	349.924,	0.500
2.78988,	444.4071,	-0.000046,	85.108020,	349.901,	0.500
2.79068,	444.2797,	-0.000047,	85.129170,	349.891,	0.500
2.79145,	444.1571,	-0.000039,	85.138840,	349.886,	0.500
2.79221,	444.0362,	-0.000040,	85.130490,	349.875,	0.500
2.79294,	443.9202,	-0.000039,	85.138370,	349.856,	0.500
2.79370,	443.7994,	-0.000039,	85.148560,	349.849,	0.500
2.79451,	443.6708,	-0.000034,	85.166070,	349.839,	0.500
2.79531,	443.5438,	-0.000034,	85.163590,	349.827,	0.500
2.79608,	443.4217,	-0.000035,	85.176040,	349.812,	0.500
2.79681,	443.3059,	-0.000045,	85.188620,	349.801,	0.500
2.79757,	443.1855,	-0.000034,	85.189140,	349.788,	0.500
2.79834,	443.0635,	-0.000034,	85.184830,	349.780,	0.500
2.79910,	442.9432,	-0.000032,	85.225710,	349.764,	0.500
2.79987,	442.8214,	-0.000043,	85.218970,	349.753,	0.500
2.80060,	442.7060,	-0.000030,	85.228810,	349.743,	0.500
2.80136,	442.5859,	-0.000035,	85.252580,	349.737,	0.500
2.80217,	442.4580,	-0.000033,	85.335150,	349.884,	0.500
2.80293,	442.3380,	-0.000042,	85.330820,	350.076,	0.500
2.80370,	442.2165,	-0.000032,	85.351330,	350.070,	0.500
2.80446,	442.0967,	-0.000032,	85.373840,	350.063,	0.500
2.80519,	441.9816,	-0.000032,	85.373210,	350.042,	0.500
2.80596,	441.8603,	-0.000041,	85.380360,	350.033,	0.500
2.80676,	441.7344,	-0.000031,	85.405890,	350.026,	0.500
2.80749,	441.6195,	-0.000029,	85.398380,	350.014,	0.500
2.80825,	441.5000,	-0.000030,	85.424280,	349.997,	0.500
2.80902,	441.3790,	-0.000041,	85.426690,	349.991,	0.500
2.80979,	441.2580,	-0.000033,	85.441650,	349.978,	0.500
2.81059,	441.1324,	-0.000026,	85.460110,	349.968,	0.500
2.81136,	441.0116,	-0.000027,	85.472290,	349.954,	0.500
2.81212,	440.8924,	-0.000039,	85.476900,	349.943,	0.500
2.81285,	440.7780,	-0.000030,	85.499040,	349.934,	0.500
2.81365,	440.6527,	-0.000033,	85.492370,	349.925,	0.500
2.81442,	440.5321,	-0.000033,	85.516110,	349.907,	0.500
2.81519,	440.4116,	-0.000043,	85.533940,	349.896,	0.500
2.81591,	440.2990,	-0.000034,	85.520360,	349.888,	0.500
2.81668,	440.1787,	-0.000033,	85.574070,	349.881,	0.500
2.81744,	440.0599,	-0.000034,	85.572590,	349.860,	0.500
2.81825,	439.9334,	-0.000041,	85.568620,	349.852,	0.500
2.81901,	439.8148,	-0.000034,	85.614330,	349.845,	0.500
2.81978,	439.6947,	-0.000037,	85.613930,	349.835,	0.500
2.82051,	439.5809,	-0.000035,	85.713000,	349.971,	0.500
2.82127,	439.4625,	-0.000036,	85.736200,	350.204,	0.500
2.82208,	439.3364,	-0.000037,	85.739200,	350.197,	0.500
2.82280,	439.2243,	-0.000035,	85.752050,	350.184,	0.500
2.82357,	439.1046,	-0.000035,	85.787160,	350.167,	0.500
2.82434,	438.9848,	-0.000039,	85.792220,	350.160,	0.500
2.82514,	438.8605,	-0.000037,	85.799770,	350.149,	0.500
2.82594,	438.7363,	-0.000038,	85.827050,	350.139,	0.500
2.82671,	438.6168,	-0.000031,	85.840240,	350.124,	0.500
2.82744,	438.5035,	-0.000035,	85.859360,	350.112,	0.500
2.82820,	438.3857,	-0.000034,	85.877070,	350.103,	0.500
2.82897,	438.2664,	-0.000038,	85.899520,	350.096,	0.500
2.82977,	438.1425,	-0.000037,	85.888590,	350.076,	0.500
2.83054,	438.0233,	-0.000038,	85.926550,	350.066,	0.500
2.83127,	437.9104,	-0.000035,	85.935320,	350.059,	0.500
2.83203,	437.7928,	-0.000037,	85.953310,	350.053,	0.500
2.83284,	437.6677,	-0.000037,	85.974160,	350.030,	0.500
2.83364,	437.5441,	-0.000035,	86.000490,	350.023,	0.500
2.83441,	437.4252,	-0.000033,	85.997980,	350.015,	0.500
2.83513,	437.3141,	-0.000032,	86.028350,	350.005,	0.500
2.83586,	437.2016,	-0.000033,	86.038310,	349.987,	0.500
2.83667,	437.0767,	-0.000034,	86.044450,	349.979,	0.500
2.83743,	436.9597,	-0.000031,	86.068470,	349.969,	0.500
2.83820,	436.8411,	-0.000035,	86.085780,	349.959,	0.500
2.83892,	436.7303,	-0.000035,	86.077900,	349.943,	0.500
2.83969,	436.6119,	-0.000034,	86.115090,	349.934,	0.500
2.84049,	436.4889,	-0.000033,	86.105890,	349.922,	0.500
2.84126,	436.3706,	-0.000037,	86.134820,	349.914,	0.500
2.84203,	436.2524,	-0.000037,	86.143930,	349.899,	0.500
2.84279,	436.1358,	-0.000034,	86.157240,	349.888,	0.500
2.84352,	436.0238,	-0.000034,	86.165800,	349.880,	0.500
2.84429,	435.9058,	-0.000033,	86.174420,	349.871,	0.500
2.84505,	435.7893,	-0.000034,	86.203050,	349.851,	0.500
2.84582,	435.6714,	-0.000036,	86.193370,	349.842,	0.500
2.84654,	435.5612,	-0.000037,	86.219160,	349.835,	0.500
2.84731,	435.4434,	-0.000036,	86.225430,	349.826,	0.500
2.84811,	435.3211,	-0.000038,	86.345500,	349.915,	0.500
2.84892,	435.1974,	-0.000034,	86.363040,	350.137,	0.500
2.84968,	435.0813,	-0.000032,	86.354810,	350.130,	0.500
2.85041,	434.9699,	-0.000033,	86.385010,	350.119,	0.500
2.85118,	434.8524,	-0.000034,	86.400890,	350.103,	0.500
2.85194,	434.7365,	-0.000036,	86.412900,	350.096,	0.500
2.85275,	434.6131,	-0.000035,	86.420550,	350.086,	0.500
2.85347,	434.5034,	-0.000032,	86.426880,	350.076,	0.500
2.85420,	434.3923,	-0.000032,	86.439340,	350.061,	0.500
2.85497,	434.2751,	-0.000032,	86.457700,	350.050,	0.500
2.85577,	434.1535,	-0.000032,	86.472700,	350.040,	0.500
2.85658,	434.0304,	-0.000032,	86.464170,	350.033,	0.500
2.85734,	433.9149,	-0.000030,	86.503330,	350.015,	0.500
2.85807,	433.8041,	-0.000033,	86.503050,	350.003,	0.500
2.85884,	433.6872,	-0.000032,	86.517720,	349.995,	0.500
2.85960,	433.5720,	-0.000029,	86.540550,	349.989,	0.500
2.86037,	433.4553,	-0.000030,	86.539910,	349.967,	0.500
2.86113,	433.3401,	-0.000033,	86.537570,	349.960,	0.500
2.86186,	433.2296,	-0.000030,	86.574540,	349.953,	0.500
2.86263,	433.1131,	-0.000030,	86.579530,	349.945,	0.500
2.86343,	432.9921,	-0.000031,	86.586430,	349.925,	0.500
2.86423,	432.8711,	-0.000034,	86.602530,	349.916,	0.500
2.86500,	432.7548,	-0.000031,	86.603170,	349.908,	0.500
2.86573,	432.6445,	-0.000030,	86.610820,	349.896,	0.500
2.86649,	432.5298,	-0.000030,	86.634520,	349.880,	0.500
2.86726,	432.4137,	-0.000032,	86.641730,	349.873,	0.500
2.86806,	432.2931,	-0.000029,	86.654760,	349.861,	0.500
2.86879,	432.1831,	-0.000031,	86.652360,	349.851,	0.500
2.86956,	432.0671,	-0.000030,	86.672460,	349.837,	0.500
2.87032,	431.9527,	-0.000033,	86.667770,	349.825,	0.500
2.87113,	431.8308,	-0.000029,	86.779480,	349.817,	0.500
2.87189,	431.7165,	-0.000023,	86.802330,	350.183,	0.500
2.87266,	431.6008,	-0.000027,	86.815530,	350.175,	0.500
2.87342,	431.4867,	-0.000041,	86.808460,	350.166,	0.500
2.87415,	431.3771,	-0.000030,	86.828040,	350.158,	0.500
2.87492,	431.2615,	-0.000031,	86.842210,	350.149,	0.500
2.87568,	431.1476,	-0.000031,	86.843020,	350.131,	0.500
2.87645,	431.0322,	-0.000043,	86.867650,	350.121,	0.500
2.87718,	430.9228,	-0.000032,	86.869930,	350.114,	0.500
2.87794,	430.8090,	-0.000031,	86.881340,	350.103,	0.500
2.87875,	430.6878,	-0.000029,	86.891950,	350.085,	0.500
2.87955,	430.5681,	-0.000042,	86.888940,	350.078,	0.500
2.88032,	430.4530,	-0.000031,	86.896110,	350.069,	0.500
2.88104,	430.3454,	-0.000032,	86.912730,	350.057,	0.500
2.88181,	430.2305,	-0.000032,	86.929510,	350.042,	0.500
2.88257,	430.1170,	-0.000043,	86.919460,	350.033,	0.500
2.88334,	430.0022,	-0.000031,	86.943780,	350.022,	0.500
2.88411,	429.8874,	-0.000033,	86.955690,	350.012,	0.500
2.88483,	429.7801,	-0.000033,	86.965000,	349.997,	0.500
2.88560,	429.6654,	-0.000041,	86.966940,	349.985,	0.500
2.88640,	429.5463,	-0.000033,	86.973860,	349.977,	0.500
2.88721,	429.4258,	-0.000032,	86.985680,	349.969,	0.500
2.88797,	429.3128,	-0.000033,	86.992880,	349.950,	0.500
2.88874,	429.1983,	-0.000041,	87.002490,	349.940,	0.500
2.88947,	429.0899,	-0.000031,	86.992850,	349.932,	0.500
2.89023,	428.9771,	-0.000033,	87.012970,	349.925,	0.500
2.89104,	428.8569,	-0.000033,	87.030790,	349.903,	0.500
2.89176,	428.7501,	-0.000043,	87.024990,	349.895,	0.500
2.89249,	428.6419,	-0.000034,	87.044950,	349.889,	0.500
2.89326,	428.5278,	-0.000031,	87.061100,	349.878,	0.500
2.89406,	428.4094,	-0.000032,	87.088340,	349.860,	0.500
2.89487,	428.2895,	-0.000035,	87.104790,	349.852,	0.500
2.89563,	428.1771,	-0.000035,	87.128920,	349.842,	0.500
2.89636,	428.0692,	-0.000033,	87.152930,	349.832,	0.500
2.89713,	427.9554,	-0.000033,	87.172790,	349.816,	0.500
2.89789,	427.8432,	-0.000035,	87.161060,	349.806,	0.500
2.89869,	427.7251,	-0.000036,	87.245610,	349.795,	0.500
2.89942,	427.6174,	-0.000033,	87.231870,	350.149,	0.500
2.90019,	427.5039,	-0.000037,	87.198610,	350.140,	0.500
2.90095,	427.3919,	-0.000034,	87.166700,	350.130,	0.500
2.90176,	427.2726,	-0.000040,	87.150310,	350.123,	0.500
2.90252,	427.1607,	-0.000034,	87.130540,	350.115,	0.500
2.90333,	427.0415,	-0.000030,	87.113650,	350.095,	0.500
2.90406,	426.9342,	-0.000034,	87.097520,	350.087,	0.500
2.90478,	426.8283,	-0.000044,	87.079730,	350.079,	0.500
2.90555,	426.7152,	-0.000034,	87.079390,	350.070,	0.500
2.90635,	426.5978,	-0.000034,	87.062790,	350.051,	0.500
2.90708,	426.4907,	-0.000037,	87.071180,	350.042,	0.500
2.90785,	426.3777,	-0.000047,	87.040060,	350.035,	0.500
2.90861,	426.2663,	-0.000034,	87.031160,	350.022,	0.500
2.90942,	426.1476,	-0.000035,	87.034850,	350.006,	0.500
2.91018,	426.0363,	-0.000036,	87.025390,	349.998,	0.500
2.91095,	425.9236,	-0.000046,	87.010590,	349.988,	0.500
2.91171,	425.8125,	-0.000033,	87.002360,	349.977,	0.500
2.91244,	425.7057,	-0.000031,	86.984190,	349.962,	0.500
2.91324,	425.5888,	-0.000033,	86.965240,	349.950,	0.500
2.91401,	425.4764,	-0.000045,	86.971130,	349.941,	0.500
2.91478,	425.3640,	-0.000030,	86.949920,	349.933,	0.500
2.91554,	425.2531,	-0.000033,	86.941300,	349.916,	0.500
2.91631,	425.1408,	-0.000034,	86.933990,	349.906,	0.500
2.91707,	425.0301,	-0.000043,	86.915610,	349.897,	0.500
2.91788,	424.9121,	-0.000031,	86.904680,	349.890,	0.500
2.91864,	424.8014,	-0.000033,	86.886430,	349.869,	0.500
2.91937,	424.6952,	-0.000034,	86.880650,	349.861,	0.500
2.92014,	424.5832,	-0.000047,	86.850110,	349.853,	0.500
2.92090,	424.4727,	-0.000035,	86.834710,	349.844,	0.500
2.92167,	424.3609,	-0.000035,	86.800140,	349.825,	0.500
2.92243,	424.2505,	-0.000034,	86.795420,	349.818,	0.500
2.92316,	424.1446,	-0.000043,	86.784180,	349.808,	0.500
2.92393,	424.0329,	-0.000031,	86.762160,	349.798,	0.500
2.92473,	423.9169,	-0.000032,	86.725760,	349.782,	0.500
2.92550,	423.8053,	-0.000034,	86.713140,	349.773,	0.500
2.92626,	423.6952,	-0.000018,	86.793310,	349.761,	0.500
2.92703,	423.5838,	0.000027,	86.743510,	350.142,	0.500
2.92776,	423.4782,	0.000001,	86.751480,	350.134,	0.500
2.92856,	423.3625,	-0.000022,	86.717900,	350.123,	0.500
2.92933,	423.2512,	-0.000039,	86.682460,	350.114,	0.500
2.93009,	423.1414,	-0.000035,	86.688980,	350.106,	0.500
2.93082,	423.0360,	-0.000034,	86.641070,	350.086,	0.500
2.93159,	422.9249,	-0.000037,	86.616300,	350.078,	0.500
2.93239,	422.8095,	-0.000040,	86.604350,	350.070,	0.500
2.93316,	422.6985,	-0.000033,	86.571110,	350.063,	0.500
2.93392,	422.5890,	-0.000032,	86.538070,	350.041,	0.500
2.93465,	422.4839,	-0.000035,	86.518230,	350.033,	0.500
2.93541,	422.3745,	-0.000033,	86.491170,	350.026,	0.500
2.93618,	422.2638,	-0.000032,	86.470320,	350.015,	0.500
2.93698,	422.1488,	-0.000034,	86.440830,	349.998,	0.500
2.93771,	422.0439,	-0.000035,	86.397830,	349.990,	0.500
2.93848,	421.9333,	-0.000035,	86.377120,	349.980,	0.500
2.93921,	421.8285,	-0.000035,	86.355920,	349.969,	0.500
2.94001,	421.7137,	-0.000037,	86.313310,	349.953,	0.500
2.94081,	421.5990,	-0.000037,	86.288100,	349.943,	0.500
2.94158,	421.4886,	-0.000036,	86.246780,	349.932,	0.500
2.94231,	421.3840,	-0.000036,	86.220080,	349.925,	0.500
2.94307,	421.2752,	-0.000037,	86.184000,	349.907,	0.500
2.94384,	421.1650,	-0.000037,	86.135750,	349.897,	0.500
2.94464,	421.0506,	-0.000038,	86.116990,	349.889,	0.500
2.94541,	420.9405,	-0.000036,	86.077260,	349.880,	0.500
2.94617,	420.8319,	-0.000037,	86.045310,	349.860,	0.500
2.94694,	420.7220,	-0.000035,	86.015880,	349.853,	0.500
2.94771,	420.6121,	-0.000038,	85.968740,	349.845,	0.500
2.94851,	420.4980,	-0.000035,	85.926140,	349.837,	0.500
2.94928,	420.3882,	-0.000037,	85.990200,	349.918,	0.500
2.95000,	420.2856,	-0.000036,	85.939440,	350.147,	0.500
2.95077,	420.1759,	-0.000038,	85.895540,	350.141,	0.500
2.95153,	420.0677,	-0.000037,	85.881940,	350.129,	0.500
2.95230,	419.9581,	-0.000038,	85.826570,	350.112,	0.500
2.95307,	419.8486,	-0.000038,	85.795160,	350.105,	0.500
2.95379,	419.7463,	-0.000036,	85.769730,	350.095,	0.500
2.95456,	419.6369,	-0.000035,	85.720000,	350.086,	0.500
2.95536,	419.5233,	-0.000034,	85.687100,	350.071,	0.500
2.95613,	419.4140,	-0.000037,	85.647700,	350.060,	0.500
2.95690,	419.3048,	-0.000031,	85.600280,	350.049,	0.500
2.95766,	419.1971,	-0.000032,	85.565330,	350.042,	0.500
2.95839,	419.0936,	-0.000033,	85.532680,	350.024,	0.500
2.95919,	418.9803,	-0.000037,	85.484940,	350.014,	0.500
2.95996,	418.8713,	-0.000047,	85.449240,	350.005,	0.500
2.96072,	418.7638,	-0.000038,	85.401930,	349.997,	0.500
2.96145,	418.6606,	-0.000037,	85.366000,	349.977,	0.500
2.96222,	418.5518,	-0.000038,	85.334130,	349.970,	0.500
2.96302,	418.4388,	-0.000051,	85.285760,	349.961,	0.500
2.96383,	418.3244,	-0.000037,	85.247270,	349.951,	0.500
2.96459,	418.2172,	-0.000037,	85.213730,	349.932,	0.500
2.96532,	418.1142,	-0.000039,	85.163090,	349.923,	0.500
2.96605,	418.0113,	-0.000048,	85.135500,	349.916,	0.500
2.96685,	417.8986,	-0.000039,	85.085610,	349.904,	0.500
2.96762,	417.7902,	-0.000039,	85.059310,	349.887,	0.500
2.96838,	417.6832,	-0.000040,	85.011200,	349.880,	0.500
2.96915,	417.5749,	-0.000013,	84.961320,	349.868,	0.500
2.96991,	417.4680,	-0.000017,	84.937020,	349.860,	0.500
2.97068,	417.3598,	-0.000029,	84.893190,	349.844,	0.500
2.97148,	417.2474,	-0.000038,	84.859110,	349.832,	0.500
2.97225,	417.1394,	-0.000046,	84.802910,	349.824,	0.500
2.97298,	417.0369,	-0.000041,	84.761430,	349.815,	0.500
2.97374,	416.9303,	-0.000041,	84.729830,	349.798,	0.500
2.97451,	416.8224,	-0.000041,	84.691110,	349.789,	0.500
2.97531,	416.7103,	-0.000041,	84.654740,	349.780,	0.500
2.97604,	416.6081,	-0.000041,	84.592290,	349.773,	0.500
2.97681,	416.5004,	-0.000040,	84.675680,	349.853,	0.500
2.97757,	416.3941,	-0.000039,	84.611950,	350.083,	0.500
2.97834,	416.2864,	-0.000041,	84.571570,	350.076,	0.500
2.97914,	416.1746,	-0.000041,	84.521870,	350.067,	0.500
2.97987,	416.0727,	-0.000040,	84.488330,	350.049,	0.500
2.98060,	415.9708,	-0.000041,	84.444810,	350.041,	0.500
2.98136,	415.8647,	-0.000042,	84.395960,	350.032,	0.500
2.98213,	415.7573,	-0.000042,	84.347360,	350.023,	0.500
2.98293,	415.6458,	-0.000043,	84.307390,	350.005,	0.500
2.98366,	415.5441,	-0.000042,	84.277800,	349.997,	0.500
2.98443,	415.4369,	-0.000042,	84.229040,	349.986,	0.500
2.98519,	415.3312,	-0.000044,	84.178120,	349.977,	0.500
2.98596,	415.2241,	-0.000039,	84.129030,	349.958,	0.500
2.98676,	415.1128,	-0.000042,	84.092020,	349.949,	0.500
2.98753,	415.0059,	-0.000043,	84.040960,	349.941,	0.500
2.98825,	414.9059,	-0.000044,	84.000200,	349.932,	0.500
2.98902,	414.7990,	-0.000042,	83.952460,	349.914,	0.500
2.98979,	414.6921,	-0.000042,	83.895470,	349.905,	0.500
2.99059,	414.5812,	-0.000044,	83.859110,	349.897,	0.500
2.99136,	414.4745,	-0.000045,	83.815030,	349.889,	0.500
2.99212,	414.3692,	-0.000043,	83.760990,	349.866,	0.500
2.99289,	414.2626,	-0.000044,	83.713310,	349.858,	0.500
2.99365,	414.1574,	-0.000044,	83.668100,	349.851,	0.500
2.99446,	414.0454,	-0.000057,	83.618320,	349.840,	0.500
2.99522,	413.9404,	-0.000045,	83.566820,	349.824,	0.500
2.99595,	413.8395,	-0.000043,	83.506190,	349.817,	0.500
2.99668,	413.7387,	-0.000043,	83.454320,	349.806,	0.500
2.99748,	413.6283,	-0.000057,	83.411070,	349.797,	0.500
2.99825,	413.5220,	-0.000044,	83.359310,	349.781,	0.500
2.99901,	413.4172,	-0.000043,	83.313790,	349.770,	0.500
2.99978,	413.3111,	-0.000041,	83.342820,	349.760,	0.500
3.00055,	413.2051,	-0.000057,	83.287630,	350.092,	0.500
3.00131,	413.1004,	-0.000043,	83.242850,	350.084,	0.500
3.00212,	412.9890,	-0.000044,	83.187100,	350.075,	0.500
3.00288,	412.8844,	-0.000046,	83.130880,	350.065,	0.500
3.00361,	412.7841,	-0.000058,	83.083170,	350.058,	0.500
3.00437,	412.6797,	-0.000042,	83.034240,	350.038,	0.500
3.00514,	412.5739,	-0.000044,	82.981030,	350.030,	0.500
3.00594,	412.4641,	-0.000045,	82.922670,	350.022,	0.500
3.00671,	412.3585,	-0.000050,	82.868550,	350.014,	0.500
3.00744,	412.2584,	-0.000046,	82.818840,	349.994,	0.500
3.00820,	412.1543,	-0.000048,	82.779240,	349.985,	0.500
3.00897,	412.0488,	-0.000046,	82.713900,	349.977,	0.500
3.00977,	411.9393,	-0.000048,	82.664350,	349.966,	0.500
3.01054,	411.8339,	-0.000048,	82.618600,	349.950,	0.500
3.01127,	411.7341,	-0.000049,	82.563730,	349.943,	0.500
3.01199,	411.6356,	-0.000047,	82.508620,	349.931,	0.500
3.01280,	411.5250,	-0.000053,	82.449900,	349.923,	0.500
3.01356,	411.4212,	-0.000051,	82.395590,	349.907,	0.500
3.01433,	411.3161,	-0.000049,	82.340010,	349.895,	0.500
3.01510,	411.2111,	-0.000049,	82.286260,	349.886,	0.500
3.01582,	411.1129,	-0.000049,	82.225930,	349.877,	0.500
3.01663,	411.0025,	-0.000047,	82.161070,	349.859,	0.500
3.01739,	410.8990,	-0.000051,	82.090440,	349.850,	0.500
3.01816,	410.7941,	-0.000051,	82.035850,	349.841,	0.500
3.01892,	410.6907,	-0.000052,	81.972050,	349.834,	0.500
3.01965,	410.5914,	-0.000050,	81.896540,	349.814,	0.500
3.02042,	410.4868,	-0.000051,	81.825140,	349.804,	0.500
3.02122,	410.3781,	-0.000049,	81.754850,	349.797,	0.500
3.02199,	410.2735,	-0.000053,	81.681480,	349.787,	0.500
3.02272,	410.1744,	-0.000051,	81.678880,	349.883,	0.500
3.02348,	410.0713,	-0.000049,	81.600600,	350.103,	0.500
3.02428,	409.9628,	-0.000049,	81.505430,	350.095,	0.500
3.02505,	409.8585,	-0.000053,	81.426610,	350.086,	0.500
3.02582,	409.7542,	-0.000047,	81.338780,	350.071,	0.500
3.02654,	409.6567,	-0.000048,	81.250760,	350.061,	0.500
3.02731,	409.5525,	-0.000049,	81.145250,	350.051,	0.500
3.02808,	409.4484,	-0.000054,	81.048940,	350.040,	0.500
3.02884,	409.3456,	-0.000050,	80.940200,	350.024,	0.500
3.02965,	409.2362,	-0.000048,	80.831550,	350.013,	0.500
3.03037,	409.1390,	-0.000048,	80.721800,	350.004,	0.500
3.03114,	409.0350,	-0.000061,	80.619970,	349.996,	0.500
3.03194,	408.9271,	-0.000046,	80.510390,	349.977,	0.500
3.03275,	408.8179,	-0.000046,	80.407650,	349.969,	0.500
3.03351,	408.7155,	-0.000046,	80.311750,	349.960,	0.500
3.03424,	408.6171,	-0.000061,	80.203120,	349.953,	0.500
3.03497,	408.5188,	-0.000045,	80.111940,	349.933,	0.500
3.03577,	408.4112,	-0.000046,	80.035190,	349.924,	0.500
3.03654,	408.3076,	-0.000044,	79.948710,	349.917,	0.500
3.03730,	408.2055,	-0.000062,	79.892710,	349.906,	0.500
3.03807,	408.1020,	-0.000044,	79.837820,	349.886,	0.500
3.03880,	408.0040,	-0.000044,	79.806070,	349.880,	0.500
3.03960,	407.8966,	-0.000046,	79.783270,	349.869,	0.500
3.04037,	407.7933,	-0.000057,	79.770410,	349.861,	0.500
3.04113,	407.6914,	-0.000043,	79.774050,	349.844,	0.500
3.04186,	407.5935,	-0.000044,	79.797590,	349.834,	0.500
3.04263,	407.4904,	-0.000046,	79.822310,	349.825,	0.500
3.04339,	407.3886,	-0.000062,	79.876120,	349.816,	0.500
3.04420,	407.2802,	-0.000042,	79.948070,	349.799,	0.500
3.04496,	407.1786,	-0.000044,	80.012190,	349.789,	0.500
3.04569,	407.0810,	-0.000043,	80.192540,	349.779,	0.500
3.04645,	406.9794,	-0.000052,	80.288540,	350.133,	0.500
3.04726,	406.8712,	-0.000045,	80.400350,	350.118,	0.500
3.04802,	406.7698,	-0.000046,	80.527020,	350.110,	0.500
3.04879,	406.6671,	-0.000048,	80.664260,	350.102,	0.500
3.04956,	406.5644,	-0.000048,	80.781060,	350.093,	0.500
3.05028,	406.4684,	-0.000045,	80.927280,	350.075,	0.500
3.05105,	406.3658,	-0.000047,	81.065940,	350.065,	0.500
3.05185,	406.2593,	-0.000046,	81.233840,	350.058,	0.500
3.05262,	406.1568,	-0.000047,	81.378120,	350.047,	0.500
3.05335,	406.0597,	-0.000048,	81.539110,	350.030,	0.500
3.05411,	405.9587,	-0.000048,	81.691090,	350.024,	0.500
3.05492,	405.8510,	-0.000047,	81.840730,	350.012,	0.500
3.05568,	405.7501,	-0.000048,	81.994970,	350.003,	0.500
3.05645,	405.6479,	-0.000043,	82.146530,	349.988,	0.500
3.05718,	405.5510,	-0.000044,	82.279580,	349.977,	0.500
3.05790,	405.4555,	-0.000045,	82.426910,	349.969,	0.500
3.05871,	405.3482,	-0.000045,	82.573980,	349.960,	0.500
3.05947,	405.2475,	-0.000044,	82.706680,	349.941,	0.500
3.06024,	405.1455,	-0.000042,	82.847980,	349.932,	0.500
3.06100,	405.0449,	-0.000043,	82.975840,	349.923,	0.500
3.06177,	404.9430,	-0.000045,	83.088230,	349.913,	0.500
3.06257,	404.8373,	-0.000044,	83.209900,	349.895,	0.500
3.06334,	404.7355,	-0.000044,	83.338370,	349.885,	0.500
3.06411,	404.6338,	-0.000045,	83.438870,	349.878,	0.500
3.06483,	404.5387,	-0.000044,	83.510710,	349.869,	0.500
3.06560,	404.4371,	-0.000058,	83.593600,	349.850,	0.500
3.06637,	404.3356,	-0.000041,	83.669130,	349.843,	0.500
3.06713,	404.2354,	-0.000043,	83.733700,	349.832,	0.500
3.06794,	404.1286,	-0.000044,	83.786290,	349.823,	0.500
3.06866,	404.0338,	-0.000056,	83.892640,	349.932,	0.500
3.06943,	403.9325,	-0.000041,	83.931690,	350.078,	0.500
3.07023,	403.8272,	-0.000039,	83.951820,	350.069,	0.500
3.07100,	403.7260,	-0.000041,	83.965770,	350.060,	0.500
3.07176,	403.6261,	-0.000053,	83.968220,	350.044,	0.500
3.07249,	403.5302,	-0.000041,	83.950860,	350.034,	0.500
3.07322,	403.4343,	-0.000041,	83.942930,	350.025,	0.500
3.07398,	403.3346,	-0.000044,	83.881890,	350.017,	0.500
3.07479,	403.2283,	-0.000053,	83.827390,	349.998,	0.500
3.07555,	403.1287,	-0.000043,	83.772750,	349.989,	0.500
3.07628,	403.0330,	-0.000043,	83.676920,	349.980,	0.500
3.07705,	402.9322,	-0.000045,	83.570910,	349.973,	0.500
3.07785,	402.8274,	-0.000044,	83.439810,	349.953,	0.500
3.07862,	402.7267,	-0.000043,	83.287660,	349.945,	0.500
3.07938,	402.6273,	-0.000045,	83.124970,	349.937,	0.500
3.08011,	402.5319,	-0.000046,	82.957680,	349.927,	0.500
3.08084,	402.4365,	-0.000047,	82.793300,	349.909,	0.500
3.08164,	402.3320,	-0.000048,	82.633980,	349.902,	0.500
3.08241,	402.2315,	-0.000049,	82.522890,	349.891,	0.500
3.08317,	402.1324,	-0.000052,	82.425740,	349.880,	0.500
3.08394,	402.0320,	-0.000054,	82.420600,	349.865,	0.500
3.08471,	401.9316,	-0.000053,	82.449750,	349.855,	0.500
3.08547,	401.8326,	-0.000052,	82.530460,	349.846,	0.500
3.08628,	401.7271,	-0.000052,	82.654300,	349.837,	0.500
3.08700,	401.6334,	-0.000052,	82.758700,	349.819,	0.500
3.08773,	401.5385,	-0.000051,	82.848780,	349.808,	0.500
3.08850,	401.4384,	-0.000049,	82.900020,	349.800,	0.500
3.08926,	401.3396,	-0.000049,	82.893590,	349.792,	0.500
3.09003,	401.2396,	-0.000051,	82.840580,	349.775,	0.500
3.09083,	401.1358,	-0.000046,	82.757070,	349.765,	0.500
3.09156,	401.0410,	-0.000044,	82.722650,	349.757,	0.500
3.09233,	400.9412,	-0.000045,	82.622680,	350.082,	0.500
3.09313,	400.8375,	-0.000046,	82.557990,	350.064,	0.500
3.09390,	400.7377,	-0.000045,	82.562730,	350.056,	0.500
3.09466,	400.6393,	-0.000048,	82.612080,	350.048,	0.500
3.09539,	400.5448,	-0.000047,	82.669790,	350.038,	0.500
3.09612,	400.4504,	-0.000048,	82.708530,	350.021,	0.500
3.09692,	400.3469,	-0.000045,	82.684310,	350.013,	0.500
3.09772,	400.2435,	-0.000043,	82.598450,	350.003,	0.500
3.09849,	400.1441,	-0.000044,	82.414370,	349.994,	0.500
3.09922,	400.0498,	-0.000054,	82.172110,	349.977,	0.500
3.09998,	399.9518,	-0.000041,	81.902170,	349.967,	0.500
3.10079,	399.8473,	-0.000042,	81.636780,	349.958,	0.500
3.10155,	399.7493,	-0.000042,	81.418040,	349.949,	0.500
3.10232,	399.6501,	-0.000059,	81.292580,	349.931,	0.500
3.10305,	399.5561,	-0.000044,	81.263020,	349.923,	0.500
3.10377,	399.4634,	-0.000042,	81.311550,	349.913,	0.500
3.10454,	399.3643,	-0.000046,	81.429390,	349.906,	0.500
3.10534,	399.2614,	-0.000062,	81.583830,	349.886,	0.500
3.10611,	399.1624,	-0.000046,	81.807140,	349.876,	0.500
3.10688,	399.0635,	-0.000048,	82.012980,	349.869,	0.500
3.10764,	398.9659,	-0.000048,	82.229020,	349.860,	0.500
3.10841,	398.8671,	-0.000064,	82.449780,	349.841,	0.500
3.10921,	398.7645,	-0.000050,	82.678060,	349.833,	0.500
3.10998,	398.6657,	-0.000050,	82.908550,	349.825,	0.500
3.11070,	398.5735,	-0.000049,	83.120090,	349.814,	0.500
3.11143,	398.4799,	-0.000064,	83.307200,	349.796,	0.500
3.11220,	398.3814,	-0.000047,	83.552500,	349.788,	0.500
3.11296,	398.2841,	-0.000046,	83.760180,	349.778,	0.500
3.11373,	398.1856,	-0.000046,	83.967410,	349.769,	0.500
3.11450,	398.0872,	-0.000051,	84.238090,	349.942,	0.500
3.11526,	397.9900,	-0.000044,	84.428840,	350.100,	0.500
3.11603,	397.8917,	-0.000042,	84.590790,	350.093,	0.500
3.11683,	397.7896,	-0.000042,	84.734260,	350.082,	0.500
3.11760,	397.6913,	-0.000044,	84.869660,	350.066,	0.500
3.11832,	397.5995,	-0.000042,	84.995050,	350.057,	0.500
3.11905,	397.5064,	-0.000041,	85.092780,	350.049,	0.500
3.11986,	397.4032,	-0.000039,	85.196380,	350.040,	0.500
3.12062,	397.3064,	-0.000039,	85.296240,	350.021,	0.500
3.12143,	397.2033,	-0.000049,	85.367730,	350.012,	0.500
3.12215,	397.1117,	-0.000037,	85.445710,	350.005,	0.500
3.12292,	397.0138,	-0.000036,	85.500230,	349.995,	0.500
3.12372,	396.9122,	-0.000033,	85.587770,	349.977,	0.500
3.12449,	396.8143,	-0.000051,	85.621780,	349.968,	0.500
3.12525,	396.7178,	-0.000032,	85.658930,	349.960,	0.500
3.12594,	396.6303,	-0.000031,	85.692210,	349.949,	0.500
3.12671,	396.5326,	-0.000031,	85.714670,	349.932,	0.500
3.12748,	396.4350,	-0.000046,	85.744330,	349.923,	0.500
3.12828,	396.3336,	-0.000030,	85.754260,	349.913,	0.500
3.12905,	396.2361,	-0.000030,	85.758490,	349.906,	0.500
3.12981,	396.1398,	-0.000032,	85.782960,	349.888,	0.500
3.13058,	396.0424,	-0.000041,	85.787210,	349.878,	0.500
3.13134,	395.9463,	-0.000028,	85.800930,	349.868,	0.500
3.13215,	395.8439,	-0.000032,	85.807460,	349.861,	0.500
3.13287,	395.7529,	-0.000032,	85.819740,	349.842,	0.500
3.13360,	395.6607,	-0.000033,	85.822590,	349.833,	0.500
3.13433,	395.5686,	-0.000029,	85.838880,	349.823,	0.500
3.13513,	395.4676,	-0.000030,	85.848320,	349.816,	0.500
3.13590,	395.3705,	-0.000031,	85.858410,	349.797,	0.500
3.13667,	395.2735,	-0.000034,	85.863380,	349.788,	0.500
3.13743,	395.1777,	-0.000031,	85.940380,	349.780,	0.500
3.13820,	395.0808,	-0.000034,	85.947660,	350.062,	0.500
3.13896,	394.9851,	-0.000032,	85.939100,	350.047,	0.500
3.13977,	394.8832,	-0.000032,	85.944390,	350.040,	0.500
3.14053,	394.7876,	-0.000032,	85.957920,	350.029,	0.500
3.14126,	394.6959,	-0.000032,	85.949980,	350.020,	0.500
3.14199,	394.6042,	-0.000032,	85.945200,	350.003,	0.500
3.14279,	394.5037,	-0.000034,	85.955150,	349.995,	0.500
3.14356,	394.4071,	-0.000032,	85.958750,	349.986,	0.500
3.14436,	394.3068,	-0.000032,	85.961100,	349.977,	0.500
3.14509,	394.2152,	-0.000031,	85.967510,	349.959,	0.500
3.14585,	394.1200,	-0.000036,	85.973550,	349.948,	0.500
3.14662,	394.0236,	-0.000033,	85.972860,	349.940,	0.500
3.14742,	393.9234,	-0.000032,	85.951150,	349.931,	0.500
3.14819,	393.8271,	-0.000034,	85.964120,	349.912,	0.500
3.14892,	393.7358,	-0.000036,	85.964790,	349.904,	0.500
3.14965,	393.6445,	-0.000036,	85.952390,	349.894,	0.500
3.15045,	393.5446,	-0.000036,	85.966260,	349.885,	0.500
3.15122,	393.4484,	-0.000035,	85.957680,	349.867,	0.500
3.15198,	393.3535,	-0.000036,	85.958930,	349.857,	0.500
3.15275,	393.2575,	-0.000034,	85.956020,	349.850,	0.500
3.15351,	393.1627,	-0.000034,	85.948830,	349.840,	0.500
3.15428,	393.0667,	-0.000033,	85.947310,	349.823,	0.500
3.15504,	392.9720,	-0.000038,	85.954460,	349.814,	0.500
3.15581,	392.8761,	-0.000035,	86.041720,	349.805,	0.500
3.15654,	392.7853,	-0.000035,	86.035040,	350.175,	0.500
3.15730,	392.6907,	-0.000035,	86.047090,	350.162,	0.500
3.15807,	392.5950,	-0.000037,	86.030900,	350.153,	0.500
3.15887,	392.4956,	-0.000037,	86.026200,	350.143,	0.500
3.15964,	392.3999,	-0.000037,	86.038770,	350.136,	0.500
3.16040,	392.3055,	-0.000035,	86.020240,	350.119,	0.500
3.16117,	392.2100,	-0.000041,	86.028750,	350.108,	0.500
3.16194,	392.1145,	-0.000035,	86.018070,	350.099,	0.500
3.16274,	392.0153,	-0.000034,	86.012970,	350.092,	0.500
3.16347,	391.9248,	-0.000034,	86.005780,	350.072,	0.500
3.16420,	391.8344,	-0.000052,	86.016680,	350.064,	0.500
3.16496,	391.7403,	-0.000034,	86.009260,	350.055,	0.500
3.16573,	391.6450,	-0.000033,	86.018130,	350.047,	0.500
3.16653,	391.5461,	-0.000035,	85.994570,	350.028,	0.500
3.16730,	391.4509,	-0.000052,	86.001980,	350.019,	0.500
3.16806,	391.3570,	-0.000036,	85.988310,	350.011,	0.500
3.16883,	391.2619,	-0.000035,	85.994930,	350.001,	0.500
3.16959,	391.1681,	-0.000033,	85.998690,	349.983,	0.500
3.17040,	391.0681,	-0.000050,	85.984660,	349.974,	0.500
3.17116,	390.9744,	-0.000036,	85.986730,	349.965,	0.500
3.17185,	390.8894,	-0.000032,	85.981940,	349.956,	0.500
3.17262,	390.7945,	-0.000033,	85.990290,	349.941,	0.500
3.17338,	390.7009,	-0.000035,	85.993430,	349.930,	0.500
3.17419,	390.6012,	-0.000038,	85.987360,	349.921,	0.500
3.17495,	390.5077,	-0.000032,	85.991890,	349.911,	0.500
3.17572,	390.4130,	-0.000037,	85.993920,	349.891,	0.500
3.17645,	390.3233,	-0.000037,	85.990280,	349.883,	0.500
3.17725,	390.2250,	-0.000053,	85.988620,	349.874,	0.500
3.17806,	390.1256,	-0.000033,	85.994420,	349.866,	0.500
3.17882,	390.0323,	-0.000034,	86.000990,	349.847,	0.500
3.17955,	389.9427,	-0.000035,	85.986080,	349.838,	0.500
3.18028,	389.8532,	-0.000051,	85.988720,	349.830,	0.500
3.18108,	389.7552,	-0.000036,	85.984850,	349.820,	0.500
3.18185,	389.6609,	-0.000033,	85.996480,	349.804,	0.500
3.18265,	389.5629,	-0.000037,	85.982680,	349.794,	0.500
3.18338,	389.4736,	-0.000045,	86.080720,	349.785,	0.500
3.18414,	389.3806,	-0.000034,	86.085580,	350.126,	0.500
3.18491,	389.2865,	-0.000033,	86.092610,	350.113,	0.500
3.18571,	389.1887,	-0.000032,	86.085250,	350.106,	0.500
3.18648,	389.0947,	-0.000033,	86.090290,	350.095,	0.500
3.18721,	389.0056,	-0.000035,	86.088330,	350.087,	0.500
3.18793,	388.9177,	-0.000034,	86.089120,	350.070,	0.500
3.18874,	388.8189,	-0.000036,	86.097910,	350.061,	0.500
3.18950,	388.7263,	-0.000034,	86.088610,	350.051,	0.500
3.19027,	388.6324,	-0.000035,	86.093120,	350.043,	0.500
3.19104,	388.5387,	-0.000035,	86.098860,	350.025,	0.500
3.19176,	388.4510,	-0.000038,	86.085930,	350.015,	0.500
3.19257,	388.3525,	-0.000037,	86.087160,	350.006,	0.500
3.19333,	388.2600,	-0.000035,	86.094010,	350.000,	0.500
3.19410,	388.1664,	-0.000037,	86.102090,	349.980,	0.500
3.19483,	388.0778,	-0.000039,	86.101480,	349.970,	0.500
3.19559,	387.9855,	-0.000036,	86.103120,	349.961,	0.500
3.19636,	387.8920,	-0.000040,	86.103340,	349.951,	0.500
3.19716,	387.7949,	-0.000036,	86.096460,	349.933,	0.500
3.19793,	387.7016,	-0.000036,	86.102220,	349.926,	0.500
3.19869,	387.6094,	-0.000037,	86.099050,	349.916,	0.500
3.19942,	387.5210,	-0.000038,	86.108940,	349.907,	0.500
3.20023,	387.4229,	-0.000037,	86.114180,	349.889,	0.500
3.20099,	387.3309,	-0.000041,	86.106130,	349.881,	0.500
3.20176,	387.2378,	-0.000038,	86.122900,	349.872,	0.500
3.20248,	387.1507,	-0.000037,	86.110650,	349.863,	0.500
3.20321,	387.0625,	-0.000038,	86.110520,	349.846,	0.500
3.20402,	386.9646,	-0.000039,	86.124790,	349.836,	0.500
3.20482,	386.8680,	-0.000040,	86.107000,	349.828,	0.500
3.20559,	386.7751,	-0.000038,	86.117670,	349.819,	0.500
3.20635,	386.6834,	-0.000034,	86.216400,	349.989,	0.500
3.20708,	386.5954,	-0.000035,	86.218340,	350.150,	0.500
3.20788,	386.4990,	-0.000039,	86.224570,	350.144,	0.500
3.20869,	386.4014,	-0.000039,	86.237880,	350.135,	0.500
3.20942,	386.3136,	-0.000037,	86.226800,	350.117,	0.500
3.21014,	386.2269,	-0.000039,	86.218660,	350.108,	0.500
3.21091,	386.1343,	-0.000044,	86.225010,	350.101,	0.500
3.21167,	386.0429,	-0.000037,	86.220110,	350.090,	0.500
3.21248,	385.9456,	-0.000038,	86.235990,	350.072,	0.500
3.21324,	385.8543,	-0.000039,	86.223250,	350.065,	0.500
3.21397,	385.7666,	-0.000057,	86.224190,	350.054,	0.500
3.21474,	385.6743,	-0.000040,	86.238810,	350.047,	0.500
3.21550,	385.5831,	-0.000039,	86.236690,	350.029,	0.500
3.21631,	385.4860,	-0.000039,	86.230790,	350.018,	0.500
3.21707,	385.3949,	-0.000057,	86.233190,	350.010,	0.500
3.21776,	385.3123,	-0.000038,	86.243990,	350.000,	0.500
3.21853,	385.2201,	-0.000039,	86.247060,	349.983,	0.500
3.21933,	385.1244,	-0.000039,	86.245110,	349.974,	0.500
3.22010,	385.0323,	-0.000056,	86.247560,	349.964,	0.500
3.22086,	384.9414,	-0.000037,	86.250280,	349.957,	0.500
3.22163,	384.8494,	-0.000037,	86.249260,	349.938,	0.500
3.22236,	384.7622,	-0.000038,	86.245010,	349.929,	0.500
3.22316,	384.6667,	-0.000044,	86.241720,	349.920,	0.500
3.22393,	384.5749,	-0.000040,	86.250780,	349.913,	0.500
3.22469,	384.4842,	-0.000038,	86.252980,	349.891,	0.500
3.22542,	384.3972,	-0.000038,	86.249080,	349.884,	0.500
3.22615,	384.3102,	-0.000039,	86.253360,	349.875,	0.500
3.22695,	384.2150,	-0.000053,	86.245610,	349.864,	0.500
3.22776,	384.1185,	-0.000037,	86.242770,	349.848,	0.500
3.22852,	384.0281,	-0.000039,	86.247570,	349.840,	0.500
3.22925,	383.9413,	-0.000039,	86.249580,	349.830,	0.500
3.23002,	383.8498,	-0.000056,	86.247750,	349.821,	0.500
3.23078,	383.7595,	-0.000035,	86.252830,	349.804,	0.500
3.23155,	383.6680,	-0.000036,	86.269750,	349.793,	0.500
3.23231,	383.5778,	-0.000035,	86.254750,	349.784,	0.500
3.23304,	383.4912,	-0.000054,	86.245420,	349.775,	0.500
3.23377,	383.4046,	-0.000035,	86.335010,	349.911,	0.500
3.23457,	383.3098,	-0.000035,	86.339900,	350.082,	0.500
3.23538,	383.2139,	-0.000035,	86.338030,	350.073,	0.500
3.23614,	383.1239,	-0.000050,	86.333790,	350.066,	0.500
3.23687,	383.0375,	-0.000036,	86.332560,	350.047,	0.500
3.23763,	382.9475,	-0.000036,	86.331280,	350.038,	0.500
3.23844,	382.8518,	-0.000037,	86.335650,	350.031,	0.500
3.23920,	382.7619,	-0.000036,	86.311570,	350.021,	0.500
3.23997,	382.6710,	-0.000035,	86.332350,	350.001,	0.500
3.24070,	382.5848,	-0.000036,	86.330400,	349.994,	0.500
3.24146,	382.4951,	-0.000038,	86.317040,	349.984,	0.500
3.24227,	382.3995,	-0.000039,	86.313190,	349.974,	0.500
3.24307,	382.3052,	-0.000035,	86.327970,	349.958,	0.500
3.24384,	382.2144,	-0.000036,	86.321800,	349.948,	0.500
3.24457,	382.1284,	-0.000036,	86.304740,	349.940,	0.500
3.24529,	382.0437,	-0.000038,	86.317390,	349.930,	0.500
3.24610,	381.9483,	-0.000037,	86.307670,	349.914,	0.500
3.24690,	381.8542,	-0.000036,	86.302340,	349.903,	0.500
3.24767,	381.7637,	-0.000038,	86.311670,	349.894,	0.500
3.24839,	381.6791,	-0.000038,	86.304060,	349.885,	0.500
3.24916,	381.5886,	-0.000038,	86.297570,	349.867,	0.500
3.24993,	381.4982,	-0.000036,	86.300110,	349.857,	0.500
3.25073,	381.4043,	-0.000039,	86.291290,	349.849,	0.500
3.25150,	381.3140,	-0.000039,	86.301290,	349.842,	0.500
3.25222,	381.2296,	-0.000036,	86.295670,	349.823,	0.500
3.25299,	381.1393,	-0.000037,	86.275070,	349.815,	0.500
3.25375,	381.0503,	-0.000037,	86.274250,	349.807,	0.500
3.25456,	380.9555,	-0.000038,	86.275650,	349.797,	0.500
3.25532,	380.8665,	-0.000037,	86.259240,	349.778,	0.500
3.25605,	380.7811,	-0.000039,	86.269360,	349.770,	0.500
3.25678,	380.6958,	-0.000038,	86.351240,	349.759,	0.500
3.25758,	380.6023,	-0.000040,	86.338790,	350.083,	0.500
3.25839,	380.5077,	-0.000041,	86.337830,	350.073,	0.500
3.25915,	380.4190,	-0.000041,	86.340630,	350.063,	0.500
3.25988,	380.3338,	-0.000043,	86.325190,	350.054,	0.500
3.26061,	380.2486,	-0.000043,	86.325980,	350.044,	0.500
3.26141,	380.1553,	-0.000039,	86.321240,	350.027,	0.500
3.26222,	380.0610,	-0.000038,	86.316850,	350.018,	0.500
3.26294,	379.9771,	-0.000041,	86.309580,	350.008,	0.500
3.26367,	379.8921,	-0.000045,	86.305920,	350.000,	0.500
3.26444,	379.8025,	-0.000041,	86.303560,	349.981,	0.500
3.26520,	379.7141,	-0.000041,	86.289840,	349.971,	0.500
3.26601,	379.6199,	-0.000040,	86.286580,	349.964,	0.500
3.26677,	379.5316,	-0.000057,	86.284620,	349.955,	0.500
3.26750,	379.4468,	-0.000039,	86.270230,	349.935,	0.500
3.26827,	379.3574,	-0.000040,	86.273890,	349.927,	0.500
3.26903,	379.2692,	-0.000040,	86.260260,	349.919,	0.500
3.26984,	379.1753,	-0.000063,	86.248430,	349.909,	0.500
3.27060,	379.0872,	-0.000041,	86.234960,	349.891,	0.500
3.27133,	379.0026,	-0.000040,	86.232230,	349.884,	0.500
