Smpl, Det, sig,    mon,    Ring,  sec
#lmd,   E,  HOYAX,  Y,  Smpl,  Det, AGC X, Y, Smpl, Det, ppsSmpl, ppsDet
#6.60016,	187.8504,	57.000,	22.000,	4.300,	30.000,	52.600,	5.000,	79.931,	159.653,100,100

79.870,	159.538,	0.004169,	-0.001756,	295.819,	42.945
79.963,	159.721,	0.002981,	0.002283,	295.818,	0.505
80.053,	159.898,	0.003861,	0.002650,	295.816,	0.495
80.143,	160.078,	0.003563,	0.002378,	295.813,	0.500
80.233,	160.261,	0.003894,	0.002596,	295.809,	0.515
80.323,	160.441,	0.004318,	0.002341,	295.806,	0.490
80.413,	160.618,	0.005597,	0.003014,	295.805,	0.500
80.500,	160.798,	0.003639,	0.002283,	295.802,	0.495
80.590,	160.978,	0.004319,	0.002787,	295.800,	0.500
80.683,	161.176,	0.003045,	-0.000037,	295.797,	0.585
80.770,	161.338,	0.004087,	0.002587,	295.793,	0.415
80.860,	161.518,	0.003447,	0.002561,	295.791,	0.495
80.953,	161.698,	0.002865,	0.001975,	295.788,	0.510
81.040,	161.878,	0.002934,	0.003179,	295.786,	0.495
81.130,	162.058,	0.003619,	0.003192,	295.783,	0.500
81.220,	162.238,	0.002911,	0.002662,	295.781,	0.500
81.313,	162.418,	0.001839,	0.002604,	295.779,	0.505
81.403,	162.598,	0.001617,	0.001671,	295.774,	0.495
81.493,	162.778,	0.001521,	0.001680,	295.773,	0.500
81.580,	162.958,	0.000286,	0.002964,	295.771,	0.495
81.673,	163.138,	0.000920,	0.003283,	295.767,	0.505
81.760,	163.318,	-0.000754,	0.002688,	295.764,	0.495
81.853,	163.498,	-0.000316,	0.003072,	295.763,	0.510
81.943,	163.678,	-0.000219,	0.001366,	295.760,	0.495
82.030,	163.858,	-0.000983,	0.003279,	295.758,	0.495
82.127,	164.048,	-0.001800,	0.002085,	295.754,	0.530
82.213,	164.218,	-0.001216,	0.001684,	295.751,	0.475
82.303,	164.398,	-0.002205,	0.002869,	295.748,	0.500
82.390,	164.578,	-0.001971,	0.002897,	295.745,	0.500
82.480,	164.758,	-0.002111,	0.002445,	295.742,	0.500
82.570,	164.938,	-0.002799,	0.002643,	295.740,	0.495
82.660,	165.118,	-0.003000,	0.002176,	295.737,	0.505
82.753,	165.305,	-0.003685,	0.002402,	295.734,	0.520
82.843,	165.478,	-0.003949,	0.002602,	295.732,	0.485
82.930,	165.658,	-0.003613,	0.002464,	295.731,	0.495
83.020,	165.838,	-0.003641,	0.002925,	295.728,	0.495
83.110,	166.018,	-0.003669,	0.001506,	295.726,	0.500
83.203,	166.198,	-0.004871,	0.001967,	295.721,	0.505
83.290,	166.378,	-0.004995,	0.001805,	295.719,	0.500
83.387,	166.565,	-0.005716,	0.002481,	295.717,	0.525
83.470,	166.738,	-0.005125,	0.002880,	295.714,	0.470
83.560,	166.918,	-0.005081,	0.002425,	295.711,	0.500
83.650,	167.098,	-0.005873,	0.002329,	295.708,	0.500
83.743,	167.278,	-0.005077,	0.002634,	295.706,	0.505
83.830,	167.458,	-0.005851,	0.002469,	295.704,	0.500
83.920,	167.638,	-0.005886,	0.001921,	295.699,	0.500
84.013,	167.821,	-0.006160,	0.002376,	295.698,	0.510
84.100,	167.998,	-0.005681,	0.002331,	295.696,	0.490
84.190,	168.178,	-0.005632,	0.002699,	295.690,	0.500
84.280,	168.358,	-0.005111,	0.003130,	295.690,	0.500
84.373,	168.538,	-0.005504,	0.002897,	295.686,	0.505
84.460,	168.718,	-0.005465,	0.002102,	295.685,	0.500
84.550,	168.898,	-0.005152,	0.001855,	295.683,	0.495
84.640,	169.078,	-0.005643,	0.001848,	295.678,	0.495
84.737,	169.268,	-0.006228,	0.001585,	295.678,	0.535
84.820,	169.438,	-0.003486,	0.003291,	295.675,	0.470
84.913,	169.618,	-0.002149,	0.001092,	295.670,	0.505
85.003,	169.798,	-0.002200,	0.003024,	295.668,	0.500
85.090,	169.978,	-0.000998,	0.002076,	295.664,	0.495
85.180,	170.158,	-0.002442,	0.002051,	295.663,	0.500
85.270,	170.338,	-0.002567,	0.002365,	295.660,	0.495
85.367,	170.532,	-0.006514,	0.000868,	295.657,	0.545
85.450,	170.698,	-0.006062,	0.001900,	295.654,	0.460
85.540,	170.878,	-0.005906,	0.002221,	295.651,	0.495
85.630,	171.058,	-0.005470,	0.003752,	295.648,	0.505
85.720,	171.238,	-0.005466,	0.002432,	295.646,	0.500
85.810,	171.418,	-0.006465,	0.002843,	295.643,	0.495
85.903,	171.598,	-0.005496,	0.002725,	295.642,	0.510
85.993,	171.781,	-0.005785,	0.001465,	295.639,	0.500
86.080,	171.958,	-0.004936,	0.001893,	295.635,	0.495
86.170,	172.138,	-0.005966,	0.001932,	295.633,	0.495
86.263,	172.318,	-0.005711,	0.002609,	295.631,	0.505
86.350,	172.498,	-0.006224,	0.003190,	295.628,	0.500
86.440,	172.678,	-0.006330,	0.002908,	295.624,	0.500
86.530,	172.858,	-0.005259,	0.001870,	295.623,	0.500
86.623,	173.041,	-0.007076,	0.000678,	295.620,	0.515
86.710,	173.218,	-0.006001,	0.002503,	295.614,	0.485
86.803,	173.398,	-0.004748,	0.003397,	295.614,	0.500
86.890,	173.578,	-0.005602,	0.002865,	295.611,	0.505
86.980,	173.758,	-0.005436,	0.002542,	295.609,	0.495
87.070,	173.938,	-0.006206,	0.001824,	295.606,	0.495
87.160,	174.118,	-0.005992,	0.002173,	295.604,	0.505
87.250,	174.298,	-0.004998,	0.002372,	295.602,	0.500
87.347,	174.485,	-0.006193,	0.001566,	295.599,	0.520
87.430,	174.658,	-0.004883,	0.003151,	295.596,	0.475
87.520,	174.834,	-0.005214,	0.003707,	295.593,	0.500
87.610,	175.018,	-0.005442,	0.003819,	295.591,	0.500
87.700,	175.198,	-0.005177,	0.002191,	295.590,	0.500
87.790,	175.378,	-0.005626,	0.001493,	295.586,	0.505
87.880,	175.558,	-0.005266,	0.001428,	295.582,	0.500
87.973,	175.745,	-0.006819,	0.001908,	295.579,	0.520
88.060,	175.918,	-0.005333,	0.002729,	295.578,	0.485
88.150,	176.098,	-0.005288,	0.002456,	295.573,	0.495
88.240,	176.278,	-0.005640,	0.003576,	295.571,	0.500
88.330,	176.458,	-0.005708,	0.002346,	295.569,	0.500
88.423,	176.638,	-0.005518,	0.002385,	295.567,	0.505
88.510,	176.818,	-0.004833,	0.001859,	295.565,	0.495
88.607,	177.008,	-0.005160,	0.001766,	295.560,	0.525
88.690,	177.178,	-0.005293,	0.002497,	295.558,	0.470
88.780,	177.358,	-0.004926,	0.002809,	295.556,	0.505
88.870,	177.538,	-0.004937,	0.002507,	295.553,	0.500
88.963,	177.718,	-0.004633,	0.001329,	295.551,	0.505
89.050,	177.898,	-0.005363,	0.002619,	295.548,	0.495
89.140,	178.078,	-0.005288,	0.003061,	295.547,	0.495
89.237,	178.272,	-0.006128,	0.002428,	295.542,	0.545
89.320,	178.438,	-0.005154,	0.002303,	295.539,	0.460
89.410,	178.618,	-0.005594,	0.002016,	295.537,	0.500
89.500,	178.798,	-0.005639,	0.002217,	295.535,	0.500
89.590,	178.978,	-0.004918,	0.003591,	295.534,	0.500
89.680,	179.158,	-0.005304,	0.002197,	295.528,	0.500
89.770,	179.338,	-0.005667,	0.001932,	295.527,	0.500
89.867,	179.528,	-0.005988,	0.003089,	295.524,	0.530
89.950,	179.698,	-0.004991,	0.002501,	295.520,	0.470
