Num, Lmd, sig,    mon,    Ring,  sec
#lmd,   E,  HOYAX,  Y,  Smpl,  Det, AGC X, Y, Smpl, Det
#6.55011,	189.2857,	57.000,	22.000,	4.300,	30.000,	27.600,	4.500,	79.931,	29.999

1,	6.55011,	-0.004110,	-0.004106,	292.050,	73.220
2,	6.55011,	-0.006179,	-0.000323,	292.047,	0.545
3,	6.55011,	-0.006501,	0.000282,	292.046,	0.460
4,	6.55011,	-0.005734,	-0.000138,	292.042,	0.500
5,	6.55011,	-0.005280,	-0.001784,	292.039,	0.500
6,	6.55011,	-0.006571,	-0.000987,	292.038,	0.495
7,	6.55011,	-0.005746,	-0.000009,	292.035,	0.505
8,	6.55011,	-0.005442,	-0.000101,	292.031,	0.495
9,	6.55011,	-0.005887,	0.000573,	292.029,	0.505
10,	6.55011,	-0.006452,	-0.000071,	292.026,	0.500
11,	6.55011,	-0.004824,	-0.000642,	292.025,	0.500
12,	6.55011,	-0.006439,	-0.000129,	292.020,	0.495
13,	6.55011,	-0.006139,	-0.000297,	292.018,	0.500
14,	6.55011,	-0.005624,	-0.000132,	292.015,	0.495
15,	6.55011,	-0.006008,	-0.000806,	292.013,	0.500
16,	6.55011,	-0.006098,	0.000547,	292.008,	0.505
17,	6.55011,	-0.006093,	-0.000690,	292.007,	0.545
18,	6.55011,	-0.005178,	-0.000063,	292.004,	0.455
19,	6.55011,	-0.006104,	-0.001097,	292.002,	0.505
20,	6.55011,	-0.006118,	-0.000627,	291.999,	0.495
21,	6.55011,	-0.005405,	-0.000653,	291.997,	0.500
22,	6.55011,	-0.005301,	-0.000534,	291.994,	0.540
23,	6.55011,	-0.006038,	0.000215,	291.992,	0.455
24,	6.55011,	-0.005974,	-0.000834,	291.988,	0.510
25,	6.55011,	-0.005560,	-0.000263,	291.987,	0.495
26,	6.55011,	-0.005792,	-0.000112,	291.985,	0.505
27,	6.55011,	-0.005336,	-0.000315,	291.983,	0.495
28,	6.55011,	-0.006543,	-0.000679,	291.978,	0.505
29,	6.55011,	-0.005772,	0.000179,	291.976,	0.495
30,	6.55011,	-0.005720,	-0.000412,	291.975,	0.505
31,	6.55011,	-0.005342,	-0.000577,	291.972,	0.495
32,	6.55011,	-0.004325,	-0.000045,	291.968,	0.540
33,	6.55011,	-0.005367,	-0.000276,	291.965,	0.465
34,	6.55011,	-0.006197,	0.000097,	291.963,	0.490
35,	6.55011,	-0.005544,	0.000394,	291.961,	0.505
36,	6.55011,	-0.006809,	0.000788,	291.957,	0.500
37,	6.55011,	-0.005782,	-0.000353,	291.955,	0.505
38,	6.55011,	-0.006139,	0.000136,	291.953,	0.535
39,	6.55011,	-0.006210,	0.000351,	291.951,	0.460
40,	6.55011,	-0.006755,	-0.000431,	291.946,	0.505
41,	6.55011,	-0.005366,	-0.000080,	291.945,	0.495
42,	6.55011,	-0.005970,	-0.000054,	291.942,	0.505
43,	6.55011,	-0.005854,	-0.000216,	291.940,	0.495
44,	6.55011,	-0.004915,	-0.000817,	291.937,	0.505
45,	6.55011,	-0.006502,	0.000827,	291.935,	0.495
46,	6.55011,	-0.006261,	0.000168,	291.934,	0.505
47,	6.55011,	-0.004930,	0.000086,	291.930,	0.495
48,	6.55011,	-0.005188,	-0.000918,	291.926,	0.505
49,	6.55011,	-0.006537,	-0.000418,	291.923,	0.530
50,	6.55011,	-0.005466,	-0.000836,	291.923,	0.465
51,	6.55011,	-0.005448,	0.000336,	291.920,	0.495
52,	6.55011,	-0.006423,	0.000099,	291.916,	0.510
53,	6.55011,	-0.006392,	-0.000144,	291.913,	0.495
54,	6.55011,	-0.007021,	-0.000515,	291.911,	0.505
55,	6.55011,	-0.005808,	0.000381,	291.910,	0.540
56,	6.55011,	-0.005575,	-0.000095,	291.906,	0.455
57,	6.55011,	-0.005074,	-0.000110,	291.902,	0.500
58,	6.55011,	-0.004965,	0.000129,	291.901,	0.495
59,	6.55011,	-0.005910,	-0.000950,	291.900,	0.510
60,	6.55011,	-0.006343,	-0.000832,	291.894,	0.540
61,	6.55011,	-0.006385,	-0.000416,	291.893,	0.455
62,	6.55011,	-0.005682,	0.000217,	291.890,	0.495
63,	6.55011,	-0.005771,	-0.000325,	291.889,	0.505
64,	6.55011,	-0.005205,	-0.000097,	291.884,	0.500
65,	6.55011,	-0.005444,	-0.001163,	291.881,	0.500
66,	6.55011,	-0.005469,	-0.000336,	291.880,	0.500
67,	6.55011,	-0.005709,	-0.000487,	291.877,	0.500
68,	6.55011,	-0.005964,	-0.000108,	291.874,	0.500
69,	6.55011,	-0.005715,	-0.001370,	291.872,	0.500
70,	6.55011,	-0.006384,	0.000881,	291.869,	0.500
71,	6.55011,	-0.005908,	0.000986,	291.867,	0.500
72,	6.55011,	-0.006373,	-0.000229,	291.862,	0.500
73,	6.55011,	-0.005938,	0.000495,	291.861,	0.500
74,	6.55011,	-0.006631,	-0.000349,	291.859,	0.500
75,	6.55011,	-0.006276,	-0.000407,	291.858,	0.500
76,	6.55011,	-0.005958,	-0.000806,	291.853,	0.500
77,	6.55011,	-0.006262,	-0.000078,	291.851,	0.500
78,	6.55011,	-0.005791,	-0.000782,	291.848,	0.500
79,	6.55011,	-0.005972,	-0.000455,	291.847,	0.500
80,	6.55011,	-0.005906,	-0.000756,	291.842,	0.500
81,	6.55011,	-0.005811,	0.000599,	291.841,	0.500
82,	6.55011,	-0.006430,	-0.000530,	291.838,	0.500
83,	6.55011,	-0.006148,	-0.000310,	291.836,	0.500
84,	6.55011,	-0.005770,	-0.000715,	291.831,	0.500
85,	6.55011,	-0.005910,	0.000011,	291.830,	0.495
86,	6.55011,	-0.006219,	-0.000194,	291.828,	0.505
87,	6.55011,	-0.006352,	0.000506,	291.826,	0.500
88,	6.55011,	-0.006385,	-0.000569,	291.821,	0.495
89,	6.55011,	-0.005787,	-0.000562,	291.820,	0.505
90,	6.55011,	-0.005927,	0.000026,	291.817,	0.500
91,	6.55011,	-0.006107,	-0.000655,	291.815,	0.550
92,	6.55011,	-0.006159,	0.000349,	291.811,	0.455
93,	6.55011,	-0.005545,	-0.000099,	291.809,	0.500
94,	6.55011,	-0.006249,	0.000235,	291.806,	0.495
95,	6.55011,	-0.006070,	0.000064,	291.805,	0.505
96,	6.55011,	-0.006425,	-0.000414,	291.801,	0.505
97,	6.55011,	-0.005537,	-0.000267,	291.799,	0.495
98,	6.55011,	-0.005870,	0.000696,	291.796,	0.495
99,	6.55011,	-0.005478,	0.000672,	291.794,	0.505
100,	6.55011,	-0.005305,	-0.000870,	291.791,	0.495
