Num, Lmd, sig,    mon,    Ring,  sec
#lmd,   E,  HOYAX,  Y,  Smpl,  Det, AGC X, Y, Smpl, Det
#6.60012,	187.8515,	57.000,	22.000,	4.300,	30.000,	52.600,	5.000,	79.931,	29.999

1,	6.60012,	-0.003941,	-0.002553,	296.313,	80.075
2,	6.60012,	-0.005058,	-0.000478,	296.312,	0.495
3,	6.60012,	-0.005316,	-0.000653,	296.310,	0.505
4,	6.60012,	-0.005400,	-0.000629,	296.306,	0.495
5,	6.60012,	-0.005964,	-0.000651,	296.303,	0.505
6,	6.60012,	-0.005305,	-0.001674,	296.301,	0.495
7,	6.60012,	-0.005465,	-0.001586,	296.300,	0.495
8,	6.60012,	-0.005203,	-0.000220,	296.294,	0.535
9,	6.60012,	-0.005381,	-0.000849,	296.292,	0.470
10,	6.60012,	-0.005635,	0.000838,	296.290,	0.500
11,	6.60012,	-0.005626,	-0.000297,	296.289,	0.505
12,	6.60012,	-0.005599,	0.000112,	296.284,	0.495
13,	6.60012,	-0.006472,	0.000026,	296.282,	0.505
14,	6.60012,	-0.004950,	-0.000030,	296.280,	0.500
15,	6.60012,	-0.005578,	0.000327,	296.278,	0.500
16,	6.60012,	-0.006309,	0.001019,	296.273,	0.540
17,	6.60012,	-0.005721,	0.000144,	296.271,	0.455
18,	6.60012,	-0.005609,	0.001232,	296.269,	0.500
19,	6.60012,	-0.005282,	-0.000004,	296.267,	0.500
20,	6.60012,	-0.005503,	-0.000694,	296.263,	0.505
21,	6.60012,	-0.005408,	-0.000571,	296.261,	0.500
22,	6.60012,	-0.005921,	-0.000119,	296.259,	0.535
23,	6.60012,	-0.006226,	-0.000763,	296.257,	0.455
24,	6.60012,	-0.006373,	-0.000444,	296.252,	0.500
25,	6.60012,	-0.005786,	-0.000642,	296.250,	0.505
26,	6.60012,	-0.006269,	0.000230,	296.248,	0.500
27,	6.60012,	-0.005914,	-0.000045,	296.245,	0.500
28,	6.60012,	-0.005820,	0.000607,	296.241,	0.505
29,	6.60012,	-0.006252,	-0.001170,	296.239,	0.530
30,	6.60012,	-0.005751,	-0.000177,	296.236,	0.470
31,	6.60012,	-0.005762,	-0.000588,	296.234,	0.500
32,	6.60012,	-0.004981,	0.000581,	296.230,	0.500
33,	6.60012,	-0.005926,	-0.000067,	296.228,	0.500
34,	6.60012,	-0.006428,	-0.000349,	296.226,	0.500
35,	6.60012,	-0.005741,	-0.001107,	296.224,	0.495
36,	6.60012,	-0.005824,	-0.000655,	296.220,	0.545
37,	6.60012,	-0.005640,	0.000629,	296.216,	0.455
38,	6.60012,	-0.006186,	0.000683,	296.215,	0.505
39,	6.60012,	-0.005229,	-0.000797,	296.214,	0.500
40,	6.60012,	-0.005970,	-0.000194,	296.209,	0.500
41,	6.60012,	-0.006213,	0.000116,	296.207,	0.495
42,	6.60012,	-0.006514,	-0.000317,	296.205,	0.530
43,	6.60012,	-0.005777,	-0.000573,	296.202,	0.475
44,	6.60012,	-0.005883,	-0.000463,	296.198,	0.500
45,	6.60012,	-0.005364,	-0.000972,	296.196,	0.500
46,	6.60012,	-0.005589,	0.001193,	296.193,	0.500
47,	6.60012,	-0.005880,	-0.000183,	296.192,	0.500
48,	6.60012,	-0.005959,	0.000028,	296.187,	0.495
49,	6.60012,	-0.005635,	0.000125,	296.185,	0.545
50,	6.60012,	-0.005687,	0.000108,	296.183,	0.460
51,	6.60012,	-0.005471,	-0.000209,	296.180,	0.500
52,	6.60012,	-0.005078,	-0.000603,	296.177,	0.495
53,	6.60012,	-0.005460,	0.000373,	296.175,	0.505
54,	6.60012,	-0.006131,	-0.000957,	296.172,	0.495
55,	6.60012,	-0.006469,	-0.000244,	296.170,	0.495
56,	6.60012,	-0.005545,	-0.000037,	296.167,	0.550
57,	6.60012,	-0.006596,	-0.000334,	296.165,	0.460
58,	6.60012,	-0.005075,	-0.000149,	296.162,	0.500
59,	6.60012,	-0.005647,	0.000760,	296.160,	0.495
60,	6.60012,	-0.006091,	0.000045,	296.156,	0.505
61,	6.60012,	-0.005902,	-0.000530,	296.153,	0.500
62,	6.60012,	-0.006024,	0.000418,	296.152,	0.500
63,	6.60012,	-0.005313,	-0.000418,	296.150,	0.530
64,	6.60012,	-0.005827,	-0.001045,	296.144,	0.460
65,	6.60012,	-0.005475,	-0.000170,	296.143,	0.505
66,	6.60012,	-0.005687,	0.000829,	296.141,	0.495
67,	6.60012,	-0.005264,	0.001014,	296.138,	0.505
68,	6.60012,	-0.005247,	-0.000739,	296.134,	0.500
69,	6.60012,	-0.005450,	0.000148,	296.131,	0.505
70,	6.60012,	-0.005771,	-0.000677,	296.129,	0.540
71,	6.60012,	-0.005598,	0.000148,	296.127,	0.455
72,	6.60012,	-0.006062,	-0.000149,	296.123,	0.505
73,	6.60012,	-0.005948,	-0.000646,	296.121,	0.495
74,	6.60012,	-0.005249,	-0.000702,	296.119,	0.505
75,	6.60012,	-0.005372,	0.001238,	296.116,	0.495
76,	6.60012,	-0.004988,	0.000581,	296.113,	0.540
77,	6.60012,	-0.005720,	-0.000218,	296.111,	0.465
78,	6.60012,	-0.006245,	0.000429,	296.108,	0.495
79,	6.60012,	-0.005944,	-0.000091,	296.106,	0.505
80,	6.60012,	-0.005829,	-0.000532,	296.103,	0.495
81,	6.60012,	-0.005324,	-0.000198,	296.099,	0.505
82,	6.60012,	-0.005538,	0.000577,	296.097,	0.500
83,	6.60012,	-0.005431,	-0.000926,	296.096,	0.520
84,	6.60012,	-0.005641,	-0.000386,	296.091,	0.470
85,	6.60012,	-0.006352,	0.001092,	296.089,	0.505
86,	6.60012,	-0.005916,	0.000090,	296.088,	0.500
87,	6.60012,	-0.006139,	-0.000679,	296.085,	0.505
88,	6.60012,	-0.005224,	-0.001066,	296.080,	0.490
89,	6.60012,	-0.006577,	-0.000039,	296.079,	0.510
90,	6.60012,	-0.005145,	-0.000123,	296.076,	0.500
91,	6.60012,	-0.006032,	-0.000168,	296.075,	0.540
92,	6.60012,	-0.006113,	-0.000140,	296.069,	0.455
93,	6.60012,	-0.006566,	-0.000666,	296.068,	0.505
94,	6.60012,	-0.006175,	-0.000726,	296.066,	0.495
95,	6.60012,	-0.005349,	-0.000304,	296.064,	0.505
96,	6.60012,	-0.005077,	-0.000442,	296.059,	0.495
97,	6.60012,	-0.005428,	0.000881,	296.058,	0.525
98,	6.60012,	-0.005927,	-0.000405,	296.055,	0.475
99,	6.60012,	-0.006838,	-0.000250,	296.054,	0.500
100,	6.60012,	-0.004939,	0.000265,	296.048,	0.500
