Num, Lmd, sig,    mon,    Ring,  sec
#lmd,   E,  HOYAX,  Y,  Smpl,  Det, AGC X, Y, Smpl, Det
#6.60012,	187.8515,	57.000,	22.000,	4.300,	30.000,	0.000,	-76.000,	-0.068,	-0.346

1,	6.60012,	8.379686,	-0.003891,	290.618,	127.750
2,	6.60012,	8.376800,	0.000028,	290.614,	0.520
3,	6.60012,	8.374395,	0.000127,	290.613,	0.480
4,	6.60012,	8.376822,	-0.000121,	290.610,	0.490
5,	6.60012,	8.375284,	-0.000657,	290.606,	0.505
6,	6.60012,	8.375124,	-0.000278,	290.604,	0.500
7,	6.60012,	8.378704,	-0.001545,	290.601,	0.515
8,	6.60012,	8.376970,	-0.000881,	290.599,	0.490
9,	6.60012,	8.373735,	0.000112,	290.596,	0.495
10,	6.60012,	8.375551,	0.000133,	290.594,	0.505
11,	6.60012,	8.377132,	-0.000491,	290.592,	0.495
12,	6.60012,	8.375102,	0.000388,	290.591,	0.515
13,	6.60012,	8.374808,	-0.000341,	290.586,	0.485
14,	6.60012,	8.374464,	0.000506,	290.584,	0.495
15,	6.60012,	8.374972,	0.000482,	290.582,	0.510
16,	6.60012,	8.375944,	0.001075,	290.581,	0.500
17,	6.60012,	8.373027,	-0.000123,	290.577,	0.515
18,	6.60012,	8.374508,	-0.000944,	290.573,	0.475
19,	6.60012,	8.375432,	-0.001097,	290.571,	0.500
20,	6.60012,	8.375244,	0.000790,	290.569,	0.505
21,	6.60012,	8.372999,	-0.000914,	290.567,	0.500
22,	6.60012,	8.375294,	-0.000209,	290.563,	0.520
23,	6.60012,	8.371793,	-0.000638,	290.562,	0.475
24,	6.60012,	8.372893,	0.000575,	290.560,	0.505
25,	6.60012,	8.370970,	0.000956,	290.556,	0.500
26,	6.60012,	8.370630,	0.000069,	290.553,	0.500
27,	6.60012,	8.372322,	-0.000674,	290.551,	0.520
28,	6.60012,	8.370918,	0.000164,	290.549,	0.475
29,	6.60012,	8.370820,	0.000892,	290.544,	0.505
30,	6.60012,	8.372937,	0.000426,	290.542,	0.500
31,	6.60012,	8.369187,	0.000515,	290.539,	0.495
32,	6.60012,	8.372157,	0.000151,	290.537,	0.525
33,	6.60012,	8.372138,	-0.000446,	290.534,	0.475
34,	6.60012,	8.369888,	-0.000905,	290.532,	0.500
35,	6.60012,	8.369074,	0.000558,	290.531,	0.505
36,	6.60012,	8.371134,	0.000301,	290.528,	0.495
37,	6.60012,	8.371589,	0.001148,	290.527,	0.525
38,	6.60012,	8.370235,	0.000345,	290.522,	0.475
39,	6.60012,	8.370945,	0.000015,	290.520,	0.500
40,	6.60012,	8.369631,	0.000217,	290.517,	0.505
41,	6.60012,	8.369666,	0.000375,	290.517,	0.500
42,	6.60012,	8.367924,	-0.000373,	290.513,	0.515
43,	6.60012,	8.367901,	-0.000502,	290.510,	0.485
44,	6.60012,	8.371103,	0.001292,	290.508,	0.500
45,	6.60012,	8.367010,	-0.000343,	290.504,	0.500
46,	6.60012,	8.371138,	0.000308,	290.502,	0.500
47,	6.60012,	8.371422,	-0.000237,	290.501,	0.495
48,	6.60012,	8.371638,	-0.000045,	290.498,	0.525
49,	6.60012,	8.367258,	-0.000229,	290.494,	0.475
50,	6.60012,	8.368460,	-0.000371,	290.491,	0.505
51,	6.60012,	8.368090,	0.000730,	290.489,	0.500
52,	6.60012,	8.368322,	0.000204,	290.487,	0.500
53,	6.60012,	8.367524,	-0.000022,	290.484,	0.515
54,	6.60012,	8.365456,	-0.001235,	290.482,	0.485
55,	6.60012,	8.367545,	0.000088,	290.479,	0.505
56,	6.60012,	8.370179,	-0.000377,	290.477,	0.495
57,	6.60012,	8.367198,	-0.000735,	290.475,	0.505
58,	6.60012,	8.369432,	-0.000547,	290.471,	0.520
59,	6.60012,	8.368183,	-0.000403,	290.467,	0.470
60,	6.60012,	8.369703,	-0.000088,	290.466,	0.505
61,	6.60012,	8.368903,	0.000368,	290.461,	0.505
62,	6.60012,	8.367093,	-0.000155,	290.459,	0.490
63,	6.60012,	8.365262,	0.000353,	290.458,	0.525
64,	6.60012,	8.365107,	0.000105,	290.456,	0.480
65,	6.60012,	8.365762,	-0.000315,	290.452,	0.495
66,	6.60012,	8.366772,	0.000314,	290.450,	0.505
67,	6.60012,	8.369176,	-0.000157,	290.448,	0.495
68,	6.60012,	8.364995,	-0.000429,	290.446,	0.525
69,	6.60012,	8.365851,	-0.000873,	290.443,	0.480
70,	6.60012,	8.367820,	-0.001338,	290.440,	0.495
71,	6.60012,	8.364482,	0.000168,	290.438,	0.505
72,	6.60012,	8.366968,	-0.000562,	290.435,	0.500
73,	6.60012,	8.367142,	-0.001200,	290.434,	0.525
74,	6.60012,	8.367922,	-0.000015,	290.429,	0.475
75,	6.60012,	8.367200,	0.000553,	290.427,	0.505
76,	6.60012,	8.366451,	-0.000634,	290.426,	0.495
77,	6.60012,	8.368545,	0.000405,	290.423,	0.505
78,	6.60012,	8.367723,	0.000493,	290.419,	0.525
79,	6.60012,	8.367545,	0.001070,	290.417,	0.470
80,	6.60012,	8.365605,	0.000814,	290.415,	0.495
81,	6.60012,	8.367254,	-0.000586,	290.411,	0.505
82,	6.60012,	8.364915,	0.001200,	290.408,	0.500
83,	6.60012,	8.365380,	-0.001495,	290.405,	0.520
84,	6.60012,	8.365435,	0.000136,	290.405,	0.480
85,	6.60012,	8.364473,	0.000370,	290.400,	0.505
86,	6.60012,	8.371580,	-0.001708,	290.398,	0.495
87,	6.60012,	8.365554,	0.000426,	290.396,	0.505
88,	6.60012,	8.367889,	0.000851,	290.395,	0.525
89,	6.60012,	8.367152,	-0.000420,	290.391,	0.470
90,	6.60012,	8.364556,	0.000459,	290.389,	0.500
91,	6.60012,	8.366492,	-0.001148,	290.386,	0.505
92,	6.60012,	8.366945,	-0.000263,	290.384,	0.495
93,	6.60012,	8.366111,	0.000803,	290.382,	0.520
94,	6.60012,	8.366198,	-0.000571,	290.378,	0.480
95,	6.60012,	8.364125,	0.000021,	290.376,	0.505
96,	6.60012,	8.365442,	-0.000409,	290.376,	0.495
97,	6.60012,	8.366422,	0.000207,	290.373,	0.505
98,	6.60012,	8.367232,	-0.000812,	290.369,	0.525
99,	6.60012,	8.366138,	0.000504,	290.366,	0.475
100,	6.60012,	8.366026,	-0.000868,	290.364,	0.495
