Num, Lmd, sig,    mon,    Ring,  sec
#lmd,   E,  HOYAX,  Y,  Smpl,  Det, AGC X, Y, Smpl, Det
#6.55011,	189.2857,	57.000,	22.000,	4.300,	30.000,	0.000,	-76.000,	-0.068,	-0.346

1,	6.55011,	8.656990,	-0.002045,	292.692,	126.665
2,	6.55011,	8.656087,	0.000454,	292.691,	0.500
3,	6.55011,	8.655178,	-0.001099,	292.686,	0.495
4,	6.55011,	8.653481,	-0.001107,	292.684,	0.500
5,	6.55011,	8.654728,	0.000556,	292.682,	0.505
6,	6.55011,	8.655112,	-0.000356,	292.679,	0.495
7,	6.55011,	8.655348,	-0.000151,	292.675,	0.535
8,	6.55011,	8.654595,	0.000866,	292.672,	0.475
9,	6.55011,	8.652051,	-0.000448,	292.671,	0.495
10,	6.55011,	8.655473,	-0.000024,	292.669,	0.505
11,	6.55011,	8.651536,	0.000265,	292.665,	0.500
12,	6.55011,	8.651244,	0.000592,	292.663,	0.495
13,	6.55011,	8.652569,	-0.000597,	292.662,	0.540
14,	6.55011,	8.653092,	0.001288,	292.659,	0.460
15,	6.55011,	8.653789,	-0.000351,	292.655,	0.495
16,	6.55011,	8.650919,	-0.000853,	292.651,	0.500
17,	6.55011,	8.652604,	-0.000720,	292.650,	0.500
18,	6.55011,	8.649175,	0.000006,	292.649,	0.500
19,	6.55011,	8.652810,	0.000429,	292.644,	0.515
20,	6.55011,	8.652366,	-0.000599,	292.643,	0.495
21,	6.55011,	8.650935,	0.000579,	292.640,	0.500
22,	6.55011,	8.649184,	0.000299,	292.638,	0.495
23,	6.55011,	8.652300,	0.000136,	292.633,	0.500
24,	6.55011,	8.652821,	0.000060,	292.631,	0.505
25,	6.55011,	8.649749,	-0.000207,	292.629,	0.500
26,	6.55011,	8.650811,	-0.000459,	292.627,	0.515
27,	6.55011,	8.648195,	-0.000136,	292.623,	0.475
28,	6.55011,	8.652789,	-0.000414,	292.621,	0.500
29,	6.55011,	8.649418,	-0.000052,	292.618,	0.505
30,	6.55011,	8.646172,	-0.000353,	292.616,	0.500
31,	6.55011,	8.653063,	0.000625,	292.612,	0.500
32,	6.55011,	8.650727,	-0.000894,	292.609,	0.535
33,	6.55011,	8.647944,	0.000241,	292.607,	0.460
34,	6.55011,	8.649257,	-0.000621,	292.607,	0.500
35,	6.55011,	8.649414,	0.000586,	292.602,	0.505
36,	6.55011,	8.648778,	0.000566,	292.599,	0.500
37,	6.55011,	8.650036,	0.000254,	292.597,	0.500
38,	6.55011,	8.648740,	0.000381,	292.596,	0.530
39,	6.55011,	8.649953,	0.000618,	292.591,	0.475
40,	6.55011,	8.649845,	-0.000922,	292.589,	0.495
41,	6.55011,	8.647566,	-0.000571,	292.587,	0.505
42,	6.55011,	8.648615,	-0.000944,	292.584,	0.500
43,	6.55011,	8.648021,	-0.000739,	292.580,	0.540
44,	6.55011,	8.646282,	0.000052,	292.578,	0.455
45,	6.55011,	8.649724,	-0.000123,	292.576,	0.500
46,	6.55011,	8.647038,	-0.000864,	292.573,	0.500
47,	6.55011,	8.647213,	0.000043,	292.570,	0.500
48,	6.55011,	8.648527,	0.000105,	292.568,	0.530
49,	6.55011,	8.645086,	-0.000050,	292.566,	0.470
50,	6.55011,	8.646611,	0.000950,	292.563,	0.505
51,	6.55011,	8.646545,	-0.000332,	292.559,	0.495
52,	6.55011,	8.646713,	0.000338,	292.557,	0.505
53,	6.55011,	8.645005,	-0.000142,	292.554,	0.490
54,	6.55011,	8.647114,	-0.000896,	292.552,	0.545
55,	6.55011,	8.645976,	-0.000065,	292.548,	0.465
56,	6.55011,	8.645929,	0.000704,	292.547,	0.495
57,	6.55011,	8.646915,	-0.000985,	292.545,	0.505
58,	6.55011,	8.644030,	0.000622,	292.542,	0.490
59,	6.55011,	8.646486,	-0.001090,	292.538,	0.505
60,	6.55011,	8.646611,	0.000989,	292.536,	0.545
61,	6.55011,	8.643461,	-0.000446,	292.534,	0.450
62,	6.55011,	8.645801,	-0.001478,	292.531,	0.505
63,	6.55011,	8.645304,	-0.000237,	292.528,	0.495
64,	6.55011,	8.645731,	-0.000069,	292.525,	0.510
65,	6.55011,	8.646229,	-0.000140,	292.523,	0.545
66,	6.55011,	8.644061,	0.000073,	292.521,	0.450
67,	6.55011,	8.643753,	-0.000086,	292.518,	0.500
68,	6.55011,	8.645672,	0.000431,	292.515,	0.505
69,	6.55011,	8.642486,	0.000842,	292.513,	0.490
70,	6.55011,	8.644049,	0.000560,	292.511,	0.510
71,	6.55011,	8.642414,	-0.001273,	292.507,	0.530
72,	6.55011,	8.642953,	-0.000250,	292.505,	0.460
73,	6.55011,	8.645053,	-0.000597,	292.502,	0.510
74,	6.55011,	8.642898,	-0.000226,	292.501,	0.490
75,	6.55011,	8.642110,	0.000381,	292.497,	0.510
76,	6.55011,	8.644714,	-0.000948,	292.494,	0.530
77,	6.55011,	8.643513,	-0.001114,	292.492,	0.470
78,	6.55011,	8.642145,	-0.000547,	292.491,	0.500
79,	6.55011,	8.642172,	-0.000108,	292.486,	0.500
80,	6.55011,	8.644961,	-0.000336,	292.484,	0.495
81,	6.55011,	8.643741,	-0.000860,	292.482,	0.500
82,	6.55011,	8.643276,	0.000194,	292.480,	0.545
83,	6.55011,	8.644781,	0.000047,	292.475,	0.460
84,	6.55011,	8.641996,	0.000590,	292.474,	0.495
85,	6.55011,	8.642327,	-0.000209,	292.471,	0.500
86,	6.55011,	8.644230,	-0.000472,	292.469,	0.500
87,	6.55011,	8.643472,	-0.000588,	292.466,	0.500
88,	6.55011,	8.642867,	-0.000821,	292.463,	0.550
89,	6.55011,	8.643170,	-0.000683,	292.461,	0.450
90,	6.55011,	8.645133,	0.000049,	292.459,	0.500
91,	6.55011,	8.641363,	-0.000224,	292.454,	0.495
92,	6.55011,	8.645338,	-0.000674,	292.453,	0.505
93,	6.55011,	8.645066,	-0.001308,	292.451,	0.500
94,	6.55011,	8.641523,	0.000090,	292.449,	0.540
95,	6.55011,	8.642859,	0.000465,	292.446,	0.465
96,	6.55011,	8.642295,	-0.000222,	292.443,	0.500
97,	6.55011,	8.645713,	-0.000709,	292.441,	0.500
98,	6.55011,	8.646682,	-0.000569,	292.440,	0.495
99,	6.55011,	8.641940,	-0.002077,	292.435,	0.500
100,	6.55011,	8.645678,	-0.001786,	292.433,	0.505
