Num, Lmd, sig,    mon,    Ring,  sec
#lmd,   E,  HOYAX,  Y,  Smpl,  Det, AGC X, Y, Smpl, Det
#6.60012,	187.8515,	57.000,	22.000,	4.300,	30.000,	0.000,	-76.000,	-0.068,	-0.346

1,	6.60012,	8.572334,	-0.004662,	297.011,	447.951
2,	6.60012,	8.570764,	0.000890,	297.010,	0.505
3,	6.60012,	8.570572,	0.000416,	297.009,	0.505
4,	6.60012,	8.569250,	-0.000173,	297.003,	0.495
5,	6.60012,	8.569864,	0.000297,	297.001,	0.500
6,	6.60012,	8.572462,	0.000749,	297.000,	0.500
7,	6.60012,	8.571636,	0.000480,	296.998,	0.510
8,	6.60012,	8.571532,	-0.000534,	296.993,	0.495
9,	6.60012,	8.571182,	-0.000842,	296.990,	0.495
10,	6.60012,	8.571268,	-0.000629,	296.988,	0.505
11,	6.60012,	8.570760,	0.000797,	296.986,	0.495
12,	6.60012,	8.571845,	0.000472,	296.981,	0.505
13,	6.60012,	8.572148,	-0.000261,	296.980,	0.500
14,	6.60012,	8.572062,	0.000790,	296.978,	0.520
15,	6.60012,	8.570736,	-0.000362,	296.976,	0.475
16,	6.60012,	8.572611,	-0.000257,	296.971,	0.505
17,	6.60012,	8.571601,	0.000202,	296.969,	0.490
18,	6.60012,	8.572298,	0.000808,	296.968,	0.510
19,	6.60012,	8.570884,	0.000200,	296.966,	0.490
20,	6.60012,	8.572066,	0.000075,	296.961,	0.500
21,	6.60012,	8.571924,	-0.000644,	296.959,	0.535
22,	6.60012,	8.570949,	0.000069,	296.958,	0.475
23,	6.60012,	8.572058,	-0.000916,	296.956,	0.495
24,	6.60012,	8.572382,	0.000284,	296.950,	0.505
25,	6.60012,	8.572733,	-0.000285,	296.948,	0.495
26,	6.60012,	8.571264,	-0.000211,	296.947,	0.505
27,	6.60012,	8.570411,	0.000790,	296.944,	0.495
28,	6.60012,	8.571994,	-0.001265,	296.939,	0.525
29,	6.60012,	8.572631,	0.001036,	296.937,	0.470
30,	6.60012,	8.570511,	0.000752,	296.935,	0.510
31,	6.60012,	8.570470,	0.000073,	296.932,	0.495
32,	6.60012,	8.573791,	0.000144,	296.928,	0.500
33,	6.60012,	8.570745,	-0.000853,	296.927,	0.500
34,	6.60012,	8.572075,	-0.000481,	296.923,	0.500
35,	6.60012,	8.569272,	-0.000293,	296.921,	0.520
36,	6.60012,	8.572500,	0.000640,	296.916,	0.480
37,	6.60012,	8.571448,	0.000612,	296.914,	0.500
38,	6.60012,	8.571696,	0.000637,	296.912,	0.495
39,	6.60012,	8.570136,	-0.001499,	296.910,	0.500
40,	6.60012,	8.571852,	-0.000289,	296.907,	0.510
41,	6.60012,	8.571354,	-0.000468,	296.904,	0.495
42,	6.60012,	8.572154,	0.000207,	296.902,	0.510
43,	6.60012,	8.574192,	-0.000700,	296.899,	0.495
44,	6.60012,	8.571912,	0.000217,	296.895,	0.500
45,	6.60012,	8.573365,	-0.000218,	296.893,	0.500
46,	6.60012,	8.571080,	-0.000545,	296.891,	0.500
47,	6.60012,	8.573576,	0.000392,	296.889,	0.500
48,	6.60012,	8.570438,	0.000670,	296.884,	0.495
49,	6.60012,	8.572742,	-0.000746,	296.883,	0.525
50,	6.60012,	8.573319,	-0.000351,	296.881,	0.480
51,	6.60012,	8.572840,	0.000054,	296.878,	0.495
52,	6.60012,	8.572377,	0.000530,	296.874,	0.505
53,	6.60012,	8.571557,	-0.000444,	296.871,	0.500
54,	6.60012,	8.572608,	0.000556,	296.870,	0.500
55,	6.60012,	8.572211,	-0.001023,	296.868,	0.490
56,	6.60012,	8.572212,	-0.000220,	296.862,	0.535
57,	6.60012,	8.571500,	-0.000198,	296.861,	0.475
58,	6.60012,	8.573643,	0.000260,	296.859,	0.500
59,	6.60012,	8.572129,	0.000194,	296.857,	0.500
60,	6.60012,	8.571479,	-0.000162,	296.853,	0.500
61,	6.60012,	8.571958,	0.000373,	296.849,	0.500
62,	6.60012,	8.570714,	0.000036,	296.848,	0.495
63,	6.60012,	8.571687,	-0.000222,	296.845,	0.505
64,	6.60012,	8.570943,	-0.000343,	296.842,	0.545
65,	6.60012,	8.571832,	0.000752,	296.839,	0.450
66,	6.60012,	8.574118,	-0.001711,	296.837,	0.500
67,	6.60012,	8.568486,	-0.000160,	296.834,	0.495
68,	6.60012,	8.569707,	0.000011,	296.830,	0.505
69,	6.60012,	8.569401,	-0.000571,	296.829,	0.495
70,	6.60012,	8.566658,	0.000189,	296.827,	0.510
71,	6.60012,	8.567136,	0.001036,	296.824,	0.525
72,	6.60012,	8.568232,	-0.001026,	296.821,	0.470
73,	6.60012,	8.568068,	0.000101,	296.818,	0.495
74,	6.60012,	8.569915,	-0.000875,	296.816,	0.505
75,	6.60012,	8.565033,	0.000818,	296.813,	0.500
76,	6.60012,	8.566842,	0.000316,	296.808,	0.505
77,	6.60012,	8.567884,	-0.000808,	296.807,	0.495
78,	6.60012,	8.565037,	-0.001560,	296.804,	0.520
79,	6.60012,	8.565218,	0.000943,	296.802,	0.485
80,	6.60012,	8.567010,	0.000024,	296.798,	0.495
81,	6.60012,	8.566621,	-0.000879,	296.795,	0.505
82,	6.60012,	8.564446,	0.000293,	296.794,	0.495
83,	6.60012,	8.565708,	-0.000343,	296.791,	0.495
84,	6.60012,	8.565079,	-0.000041,	296.788,	0.505
85,	6.60012,	8.565112,	0.000002,	296.785,	0.495
86,	6.60012,	8.563783,	-0.000685,	296.783,	0.550
87,	6.60012,	8.564329,	0.000338,	296.781,	0.455
88,	6.60012,	8.564544,	0.000491,	296.778,	0.495
89,	6.60012,	8.562328,	0.000482,	296.775,	0.510
90,	6.60012,	8.566070,	-0.000412,	296.772,	0.495
91,	6.60012,	8.563792,	0.000605,	296.770,	0.505
92,	6.60012,	8.563693,	-0.000468,	296.766,	0.500
93,	6.60012,	8.563830,	0.000564,	296.764,	0.520
94,	6.60012,	8.561747,	0.000786,	296.762,	0.475
95,	6.60012,	8.561829,	-0.000257,	296.760,	0.505
96,	6.60012,	8.561333,	0.000166,	296.755,	0.495
97,	6.60012,	8.560911,	0.000771,	296.754,	0.505
98,	6.60012,	8.562157,	0.000284,	296.752,	0.490
99,	6.60012,	8.561456,	-0.000765,	296.750,	0.500
100,	6.60012,	8.559151,	0.001441,	296.744,	0.535
