Smpl, Det, sig,    mon,    Ring,  sec
#lmd,   E,  HOYAX,  Y,  Smpl,  Det, AGC X, Y, Smpl, Det, ppsSmpl, ppsDet
#6.50006,	190.7432,	57.000,	22.000,	4.300,	30.000,	27.600,	4.500,	79.931,	159.653,100,100

79.870,	159.538,	0.272225,	-0.001573,	293.654,	42.991
79.960,	159.718,	0.261217,	0.001980,	293.652,	0.500
80.050,	159.898,	0.252783,	0.002548,	293.648,	0.500
80.143,	160.078,	0.241860,	0.002102,	293.646,	0.505
80.230,	160.258,	0.231522,	0.003003,	293.644,	0.500
80.320,	160.438,	0.221127,	0.002746,	293.640,	0.490
80.410,	160.618,	0.209129,	0.002240,	293.637,	0.505
80.503,	160.798,	0.199408,	0.001913,	293.636,	0.500
80.590,	160.978,	0.188160,	0.003287,	293.634,	0.500
80.680,	161.158,	0.177152,	0.002684,	293.631,	0.500
80.773,	161.341,	0.164774,	0.001620,	293.628,	0.515
80.860,	161.518,	0.155932,	0.002354,	293.625,	0.485
80.950,	161.698,	0.146740,	0.002673,	293.624,	0.500
81.040,	161.878,	0.137175,	0.002122,	293.617,	0.500
81.133,	162.058,	0.127511,	0.003311,	293.617,	0.505
81.220,	162.238,	0.117885,	0.001172,	293.615,	0.500
81.310,	162.418,	0.108671,	0.002563,	293.612,	0.495
81.403,	162.601,	0.100258,	0.001439,	293.608,	0.510
81.490,	162.778,	0.092241,	0.002936,	293.606,	0.490
81.580,	162.958,	0.085602,	0.003940,	293.604,	0.500
81.673,	163.138,	0.079482,	0.002710,	293.602,	0.505
81.760,	163.318,	0.071654,	0.003046,	293.598,	0.495
81.850,	163.498,	0.065116,	0.002406,	293.596,	0.500
81.940,	163.678,	0.060558,	0.002395,	293.593,	0.500
82.033,	163.858,	0.052780,	0.001721,	293.592,	0.505
82.120,	164.038,	0.049060,	0.001745,	293.588,	0.495
82.210,	164.218,	0.044765,	0.002348,	293.585,	0.500
82.300,	164.398,	0.040558,	0.001715,	293.583,	0.500
82.390,	164.578,	0.036236,	0.002882,	293.580,	0.500
82.480,	164.758,	0.033474,	0.002697,	293.579,	0.500
82.573,	164.938,	0.030655,	0.002068,	293.574,	0.500
82.663,	165.125,	0.027305,	0.001307,	293.572,	0.515
82.750,	165.298,	0.025356,	0.002283,	293.570,	0.485
82.843,	165.478,	0.022638,	0.003324,	293.566,	0.505
82.930,	165.658,	0.020355,	0.003026,	293.564,	0.495
83.020,	165.838,	0.018327,	0.002512,	293.562,	0.500
83.110,	166.018,	0.015030,	0.002113,	293.558,	0.500
83.203,	166.198,	-0.000974,	0.002602,	293.555,	0.505
83.293,	166.381,	-0.002156,	0.001835,	293.554,	0.505
83.380,	166.558,	-0.002467,	0.002449,	293.551,	0.490
83.470,	166.738,	-0.002637,	0.003063,	293.548,	0.500
83.560,	166.918,	-0.002509,	0.002716,	293.544,	0.500
83.650,	167.098,	-0.004579,	0.002072,	293.541,	0.500
83.743,	167.278,	-0.005780,	0.002152,	293.540,	0.505
83.833,	167.461,	-0.006429,	0.001441,	293.538,	0.505
83.920,	167.638,	-0.005839,	0.001437,	293.534,	0.490
84.010,	167.818,	-0.006193,	0.001628,	293.532,	0.500
84.103,	167.998,	-0.003738,	0.003031,	293.530,	0.500
84.193,	168.178,	-0.005302,	0.003298,	293.527,	0.505
84.280,	168.358,	-0.005696,	0.000963,	293.525,	0.495
84.373,	168.541,	-0.005976,	0.001891,	293.523,	0.510
84.460,	168.718,	-0.005601,	0.003093,	293.519,	0.490
84.550,	168.898,	-0.001850,	0.002486,	293.518,	0.500
84.643,	169.078,	-0.000208,	0.001751,	293.513,	0.500
84.733,	169.258,	-0.001521,	0.003078,	293.511,	0.505
84.820,	169.438,	0.007462,	0.001648,	293.510,	0.495
84.913,	169.621,	0.009432,	0.002260,	293.507,	0.510
85.000,	169.798,	0.010577,	0.001665,	293.503,	0.490
85.093,	169.978,	0.009511,	0.003589,	293.501,	0.500
85.180,	170.158,	0.008979,	0.001794,	293.498,	0.500
85.270,	170.338,	0.006596,	0.002275,	293.496,	0.500
85.360,	170.518,	-0.005424,	0.001964,	293.493,	0.500
85.450,	170.698,	-0.005661,	0.001801,	293.490,	0.500
85.543,	170.885,	-0.007404,	0.000620,	293.487,	0.520
85.633,	171.058,	-0.006037,	0.002499,	293.486,	0.480
85.720,	171.238,	-0.005497,	0.002128,	293.482,	0.500
85.810,	171.418,	-0.005400,	0.001542,	293.479,	0.500
85.903,	171.598,	-0.006353,	0.002387,	293.478,	0.505
85.990,	171.778,	-0.006692,	0.003537,	293.475,	0.495
86.080,	171.958,	-0.006332,	0.002163,	293.473,	0.500
86.173,	172.145,	-0.007061,	0.001230,	293.468,	0.520
86.263,	172.318,	-0.007676,	0.002143,	293.466,	0.485
86.350,	172.498,	-0.006176,	0.003453,	293.465,	0.500
86.440,	172.678,	-0.006560,	0.002854,	293.461,	0.495
86.530,	172.858,	-0.005505,	0.001932,	293.458,	0.500
86.620,	173.038,	-0.005921,	0.002546,	293.456,	0.500
86.710,	173.218,	-0.005633,	0.002020,	293.453,	0.500
86.800,	173.398,	-0.006036,	0.003130,	293.450,	0.495
86.890,	173.578,	-0.005283,	0.003231,	293.447,	0.510
86.980,	173.758,	-0.005292,	0.002753,	293.445,	0.495
87.070,	173.938,	-0.004697,	0.002341,	293.443,	0.500
87.160,	174.118,	-0.006619,	0.002109,	293.441,	0.495
87.253,	174.301,	-0.005685,	0.000857,	293.437,	0.510
87.340,	174.478,	-0.005772,	0.003061,	293.435,	0.495
87.430,	174.658,	-0.005455,	0.002520,	293.433,	0.495
87.520,	174.838,	-0.006417,	0.002505,	293.429,	0.505
87.610,	175.018,	-0.005152,	0.002723,	293.426,	0.500
87.700,	175.198,	-0.005869,	0.001454,	293.423,	0.495
87.793,	175.385,	-0.006614,	0.002189,	293.422,	0.525
87.880,	175.558,	-0.005347,	0.002139,	293.419,	0.480
87.970,	175.734,	-0.006036,	0.002279,	293.415,	0.495
88.060,	175.918,	-0.004906,	0.003067,	293.413,	0.500
88.150,	176.098,	-0.006657,	0.002794,	293.411,	0.505
88.240,	176.278,	-0.004847,	0.002320,	293.409,	0.500
88.333,	176.465,	-0.005864,	0.002382,	293.405,	0.520
88.420,	176.638,	-0.006070,	0.003384,	293.402,	0.480
88.510,	176.814,	-0.005824,	0.002236,	293.400,	0.495
88.600,	176.998,	-0.004969,	0.001702,	293.397,	0.505
88.693,	177.178,	-0.005470,	0.002553,	293.395,	0.500
88.780,	177.358,	-0.004117,	0.002447,	293.393,	0.505
88.870,	177.538,	-0.005748,	0.001734,	293.390,	0.495
88.963,	177.725,	-0.005876,	0.002061,	293.386,	0.520
89.050,	177.898,	-0.005363,	0.001906,	293.383,	0.480
89.140,	178.078,	-0.006083,	0.002951,	293.381,	0.500
89.230,	178.258,	-0.005548,	0.002158,	293.379,	0.500
89.320,	178.434,	-0.005375,	0.001338,	293.377,	0.495
89.410,	178.614,	-0.005526,	0.001975,	293.373,	0.500
89.503,	178.801,	-0.005294,	0.002486,	293.371,	0.520
89.590,	178.974,	-0.005459,	0.001017,	293.370,	0.480
89.680,	179.158,	-0.004787,	0.002199,	293.366,	0.505
89.770,	179.338,	-0.005666,	0.001880,	293.363,	0.500
89.860,	179.514,	-0.006039,	0.002167,	293.361,	0.495
89.950,	179.698,	-0.006694,	0.002048,	293.358,	0.510
