Num, Lmd, sig,    mon,    Ring,  sec
#lmd,   E,  HOYAX,  Y,  Smpl,  Det, AGC X, Y, Smpl, Det
#6.50006,	190.7432,	57.000,	22.000,	4.300,	30.000,	27.600,	4.500,	79.931,	29.999

1,	6.50002,	-0.004508,	-0.003029,	294.142,	73.070
2,	6.50002,	-0.005972,	0.000541,	294.139,	0.490
3,	6.50002,	-0.006538,	0.000719,	294.137,	0.495
4,	6.50002,	-0.006263,	-0.000116,	294.134,	0.500
5,	6.50002,	-0.006477,	-0.000282,	294.132,	0.495
6,	6.50002,	-0.005601,	-0.000017,	294.128,	0.510
7,	6.50002,	-0.006168,	-0.000267,	294.125,	0.500
8,	6.50006,	-0.005900,	0.000521,	294.123,	0.490
9,	6.50002,	-0.004939,	-0.000151,	294.119,	0.510
10,	6.50002,	-0.004978,	0.000013,	294.117,	0.495
11,	6.50002,	-0.005573,	0.001204,	294.115,	0.500
12,	6.50002,	-0.005388,	-0.000263,	294.113,	0.500
13,	6.50002,	-0.005092,	0.000528,	294.111,	0.510
14,	6.50006,	-0.005229,	0.000136,	294.106,	0.495
15,	6.50002,	-0.005405,	0.000394,	294.104,	0.495
16,	6.50002,	-0.005649,	0.000243,	294.102,	0.505
17,	6.50002,	-0.004797,	0.000629,	294.097,	0.495
18,	6.50002,	-0.006065,	-0.000808,	294.096,	0.505
19,	6.50002,	-0.005831,	-0.000300,	294.093,	0.495
20,	6.50002,	-0.005350,	-0.000144,	294.090,	0.515
21,	6.50002,	-0.005997,	-0.000849,	294.086,	0.490
22,	6.50002,	-0.006128,	-0.000771,	294.084,	0.495
23,	6.50002,	-0.004918,	0.000756,	294.082,	0.505
24,	6.50002,	-0.005196,	-0.000181,	294.080,	0.495
25,	6.50002,	-0.005407,	0.000504,	294.079,	0.505
26,	6.50002,	-0.005201,	-0.000683,	294.075,	0.510
27,	6.50006,	-0.005893,	-0.000274,	294.073,	0.485
28,	6.50002,	-0.005817,	-0.000272,	294.071,	0.505
29,	6.50002,	-0.005291,	0.000536,	294.067,	0.495
30,	6.50002,	-0.005807,	0.000243,	294.063,	0.505
31,	6.50006,	-0.005935,	-0.000407,	294.062,	0.495
32,	6.50002,	-0.005615,	-0.001146,	294.060,	0.510
33,	6.50002,	-0.005434,	0.000538,	294.056,	0.490
34,	6.50002,	-0.005772,	0.000864,	294.054,	0.505
35,	6.50002,	-0.006147,	0.000685,	294.051,	0.495
36,	6.50002,	-0.005403,	-0.000554,	294.048,	0.500
37,	6.50002,	-0.005796,	0.000071,	294.047,	0.505
38,	6.50002,	-0.005475,	-0.000608,	294.042,	0.495
39,	6.50006,	-0.005932,	-0.000437,	294.041,	0.545
40,	6.50002,	-0.005857,	0.000362,	294.040,	0.455
41,	6.50002,	-0.006780,	-0.000433,	294.035,	0.500
42,	6.50002,	-0.006020,	-0.000674,	294.033,	0.505
43,	6.50002,	-0.006498,	0.000532,	294.030,	0.500
44,	6.50002,	-0.005324,	-0.000782,	294.028,	0.500
45,	6.50002,	-0.005926,	0.000551,	294.026,	0.505
46,	6.50006,	-0.005723,	0.000015,	294.022,	0.490
47,	6.50006,	-0.005816,	-0.000683,	294.019,	0.500
48,	6.50006,	-0.006318,	-0.000149,	294.018,	0.495
49,	6.50006,	-0.006038,	0.000683,	294.012,	0.500
50,	6.50006,	-0.005973,	0.000239,	294.010,	0.500
51,	6.50002,	-0.005608,	-0.000685,	294.008,	0.510
52,	6.50006,	-0.004949,	0.001299,	294.006,	0.510
53,	6.50006,	-0.005972,	-0.000015,	294.002,	0.490
54,	6.50006,	-0.005743,	0.000075,	294.001,	0.500
55,	6.50006,	-0.006589,	0.000226,	293.998,	0.495
56,	6.50006,	-0.005835,	-0.000144,	293.996,	0.500
57,	6.50006,	-0.006194,	-0.000435,	293.993,	0.500
58,	6.50006,	-0.005632,	-0.001202,	293.990,	0.505
59,	6.50002,	-0.005654,	0.001086,	293.987,	0.495
60,	6.50006,	-0.005236,	0.000480,	293.985,	0.500
61,	6.50006,	-0.005962,	-0.000707,	293.981,	0.500
62,	6.50006,	-0.005991,	-0.000562,	293.978,	0.500
63,	6.50002,	-0.006053,	-0.000093,	293.977,	0.500
64,	6.50006,	-0.005268,	-0.000035,	293.975,	0.525
65,	6.50002,	-0.005842,	-0.000043,	293.971,	0.480
66,	6.50002,	-0.006290,	-0.000890,	293.968,	0.500
67,	6.50002,	-0.005925,	-0.000241,	293.965,	0.500
68,	6.50002,	-0.005728,	-0.000924,	293.964,	0.495
69,	6.50002,	-0.005960,	0.001210,	293.963,	0.505
70,	6.50006,	-0.006129,	-0.000179,	293.957,	0.515
71,	6.50002,	-0.005088,	0.000062,	293.955,	0.475
72,	6.50006,	-0.006464,	-0.001756,	293.954,	0.505
73,	6.50006,	-0.005546,	-0.000231,	293.950,	0.500
74,	6.50006,	-0.005045,	-0.000226,	293.947,	0.500
75,	6.50002,	-0.005785,	0.000015,	293.945,	0.500
76,	6.50006,	-0.005302,	-0.000330,	293.943,	0.510
77,	6.50002,	-0.005796,	-0.000429,	293.938,	0.495
78,	6.50006,	-0.006245,	0.000034,	293.936,	0.495
79,	6.50002,	-0.005075,	-0.000982,	293.934,	0.505
80,	6.50002,	-0.005575,	-0.001403,	293.932,	0.495
81,	6.50006,	-0.005410,	0.000907,	293.930,	0.500
82,	6.50006,	-0.005836,	0.000426,	293.926,	0.525
83,	6.50006,	-0.005881,	0.000806,	293.924,	0.475
84,	6.50006,	-0.005010,	0.000784,	293.922,	0.505
85,	6.50006,	-0.005879,	0.001045,	293.920,	0.495
86,	6.50006,	-0.005384,	0.000821,	293.915,	0.500
87,	6.50006,	-0.005014,	0.000357,	293.913,	0.505
88,	6.50002,	-0.005382,	0.000112,	293.912,	0.500
89,	6.50002,	-0.006431,	0.000793,	293.908,	0.545
90,	6.50002,	-0.005669,	0.000592,	293.905,	0.455
91,	6.50006,	-0.005326,	-0.000315,	293.904,	0.495
92,	6.50006,	-0.005065,	-0.000136,	293.902,	0.505
93,	6.50006,	-0.005206,	-0.000267,	293.899,	0.495
94,	6.50002,	-0.005829,	0.000370,	293.895,	0.505
95,	6.50006,	-0.005431,	-0.001420,	293.894,	0.505
96,	6.50002,	-0.005675,	0.000368,	293.891,	0.490
97,	6.50006,	-0.006048,	-0.000849,	293.888,	0.505
98,	6.50006,	-0.006033,	0.000685,	293.885,	0.495
99,	6.50006,	-0.005540,	-0.000440,	293.883,	0.505
100,	6.50006,	-0.005447,	-0.000849,	293.881,	0.495
