Num, Lmd, sig,    mon,    Ring,  sec
#lmd,   E,  HOYAX,  Y,  Smpl,  Det, AGC X, Y, Smpl, Det
#6.50002,	190.7444,	57.000,	22.000,	4.300,	30.000,	0.000,	-76.000,	-0.068,	-0.346

1,	6.50002,	8.939928,	-0.004080,	294.793,	136.970
2,	6.50002,	8.936736,	-0.000287,	294.792,	0.470
3,	6.50002,	8.936589,	-0.000121,	294.786,	0.500
4,	6.50002,	8.941309,	0.000493,	294.785,	0.495
5,	6.50002,	8.937278,	0.000510,	294.782,	0.505
6,	6.50002,	8.937312,	-0.000394,	294.780,	0.500
7,	6.50002,	8.937637,	0.000661,	294.778,	0.495
8,	6.50002,	8.936542,	-0.000433,	294.775,	0.500
9,	6.50002,	8.936706,	0.000267,	294.772,	0.495
10,	6.50002,	8.938716,	0.000209,	294.770,	0.500
11,	6.50002,	8.934167,	-0.000506,	294.768,	0.505
12,	6.50002,	8.938244,	0.000226,	294.763,	0.495
13,	6.50002,	8.939608,	-0.000498,	294.761,	0.510
14,	6.50002,	8.937342,	0.000773,	294.759,	0.495
15,	6.50002,	8.938060,	0.001096,	294.755,	0.505
16,	6.50002,	8.939618,	-0.002057,	294.753,	0.495
17,	6.50002,	8.938768,	-0.000431,	294.750,	0.505
18,	6.50002,	8.937321,	-0.000349,	294.748,	0.500
19,	6.50002,	8.935580,	-0.001398,	294.746,	0.500
20,	6.50002,	8.939282,	0.000278,	294.742,	0.495
21,	6.50002,	8.936968,	-0.000020,	294.740,	0.505
22,	6.50002,	8.937644,	-0.001062,	294.737,	0.495
23,	6.50002,	8.938561,	0.001325,	294.733,	0.505
24,	6.50002,	8.936104,	0.001215,	294.731,	0.495
25,	6.50002,	8.938204,	0.000269,	294.729,	0.505
26,	6.50002,	8.936009,	-0.000720,	294.727,	0.500
27,	6.50002,	8.937349,	-0.000937,	294.724,	0.495
28,	6.50002,	8.936236,	0.000482,	294.721,	0.505
29,	6.50002,	8.936611,	-0.000026,	294.719,	0.495
30,	6.50002,	8.935017,	-0.000425,	294.717,	0.505
31,	6.50002,	8.936382,	0.000500,	294.714,	0.495
32,	6.50002,	8.936808,	0.000054,	294.710,	0.510
33,	6.50002,	8.936003,	-0.000791,	294.707,	0.495
34,	6.50002,	8.938970,	-0.000547,	294.706,	0.495
35,	6.50002,	8.938325,	-0.000718,	294.701,	0.505
36,	6.50002,	8.934615,	-0.000463,	294.699,	0.495
37,	6.50002,	8.937351,	-0.000015,	294.696,	0.505
38,	6.50002,	8.935774,	-0.000024,	294.694,	0.500
39,	6.50002,	8.934977,	-0.000789,	294.690,	0.490
40,	6.50002,	8.935553,	-0.000086,	294.689,	0.510
41,	6.50002,	8.936444,	0.000381,	294.686,	0.495
42,	6.50002,	8.933156,	-0.000095,	294.684,	0.505
43,	6.50002,	8.936826,	-0.000224,	294.682,	0.495
44,	6.50002,	8.936663,	-0.001932,	294.678,	0.505
45,	6.50002,	8.934179,	-0.000185,	294.675,	0.500
46,	6.50002,	8.934312,	-0.000463,	294.673,	0.495
47,	6.50002,	8.934701,	-0.000769,	294.669,	0.505
48,	6.50002,	8.936226,	-0.000700,	294.667,	0.495
49,	6.50002,	8.935274,	-0.000002,	294.665,	0.505
50,	6.50002,	8.933532,	-0.000267,	294.664,	0.505
51,	6.50002,	8.933152,	0.000448,	294.659,	0.490
52,	6.50002,	8.934076,	-0.000353,	294.656,	0.495
53,	6.50002,	8.932587,	-0.000252,	294.655,	0.510
54,	6.50002,	8.933668,	0.001004,	294.653,	0.500
55,	6.50002,	8.934328,	0.000599,	294.651,	0.500
56,	6.50002,	8.933123,	0.000282,	294.647,	0.500
57,	6.50002,	8.933609,	-0.001448,	294.643,	0.515
58,	6.50002,	8.933389,	-0.000616,	294.641,	0.480
59,	6.50002,	8.931854,	0.000151,	294.637,	0.500
60,	6.50002,	8.929162,	-0.000007,	294.636,	0.500
61,	6.50002,	8.934863,	0.000485,	294.633,	0.500
62,	6.50002,	8.931340,	-0.000954,	294.631,	0.500
63,	6.50002,	8.933193,	-0.001123,	294.629,	0.500
64,	6.50002,	8.931513,	-0.000842,	294.625,	0.550
65,	6.50002,	8.930681,	-0.000765,	294.623,	0.450
66,	6.50002,	8.932129,	-0.000741,	294.620,	0.500
67,	6.50002,	8.933945,	-0.000543,	294.618,	0.500
68,	6.50002,	8.931719,	-0.000476,	294.615,	0.500
69,	6.50002,	8.933259,	0.000364,	294.613,	0.515
70,	6.50002,	8.931208,	0.000030,	294.610,	0.490
71,	6.50002,	8.933360,	-0.000218,	294.606,	0.500
72,	6.50002,	8.932160,	0.000172,	294.604,	0.500
73,	6.50002,	8.932496,	-0.000190,	294.601,	0.500
74,	6.50002,	8.931043,	0.000295,	294.599,	0.500
75,	6.50002,	8.933157,	-0.000078,	294.597,	0.505
76,	6.50002,	8.933278,	0.001650,	294.594,	0.490
77,	6.50002,	8.931734,	-0.000730,	294.591,	0.500
78,	6.50002,	8.931708,	0.000306,	294.588,	0.500
79,	6.50002,	8.930940,	-0.000048,	294.587,	0.500
80,	6.50002,	8.934002,	-0.001028,	294.583,	0.500
81,	6.50002,	8.932150,	0.001254,	294.581,	0.520
82,	6.50002,	8.932160,	-0.001004,	294.578,	0.480
83,	6.50002,	8.932660,	-0.001051,	294.573,	0.500
84,	6.50002,	8.931578,	0.001124,	294.571,	0.500
85,	6.50002,	8.931980,	-0.000390,	294.569,	0.500
86,	6.50002,	8.932359,	-0.000213,	294.567,	0.500
87,	6.50002,	8.931758,	-0.000627,	294.565,	0.515
88,	6.50002,	8.933076,	0.000043,	294.561,	0.490
89,	6.50002,	8.929556,	0.000127,	294.559,	0.500
90,	6.50002,	8.931496,	-0.000323,	294.556,	0.500
91,	6.50002,	8.931342,	0.000015,	294.554,	0.500
92,	6.50002,	8.931048,	0.000534,	294.551,	0.500
93,	6.50002,	8.932094,	0.000933,	294.548,	0.515
94,	6.50002,	8.930972,	-0.000147,	294.546,	0.480
95,	6.50002,	8.930140,	-0.000446,	294.542,	0.505
96,	6.50002,	8.931010,	0.000006,	294.540,	0.500
97,	6.50002,	8.930919,	-0.000285,	294.538,	0.495
98,	6.50002,	8.931007,	0.000084,	294.536,	0.500
99,	6.50002,	8.933561,	-0.000129,	294.533,	0.500
100,	6.50002,	8.932502,	0.000508,	294.529,	0.540
