Smpl, Det, sig,    mon,    Ring,  sec
#lmd,   E,  HOYAX,  Y,  Smpl,  Det, AGC X, Y, Smpl, Det, ppsSmpl, ppsDet
#6.55011,	189.2857,	57.000,	22.000,	4.300,	30.000,	27.600,	4.500,	79.931,	159.653,100,100

79.870,	159.538,	0.234155,	-0.001512,	291.565,	43.105
79.960,	159.718,	0.244427,	0.002044,	291.563,	0.500
80.057,	159.908,	0.255885,	0.001913,	291.559,	0.525
80.140,	160.078,	0.268530,	0.002173,	291.557,	0.475
80.230,	160.258,	0.279640,	0.002800,	291.555,	0.500
80.320,	160.438,	0.289635,	0.003104,	291.554,	0.500
80.413,	160.618,	0.298405,	0.003248,	291.549,	0.505
80.503,	160.798,	0.307266,	0.003195,	291.547,	0.500
80.590,	160.978,	0.314194,	0.002673,	291.545,	0.490
80.687,	161.168,	0.322366,	0.002111,	291.543,	0.540
80.773,	161.338,	0.327957,	0.001512,	291.539,	0.465
80.860,	161.518,	0.334157,	0.002617,	291.538,	0.500
80.950,	161.698,	0.338535,	0.002938,	291.535,	0.500
81.043,	161.878,	0.341873,	0.002270,	291.532,	0.505
81.130,	162.058,	0.345552,	0.002671,	291.531,	0.490
81.220,	162.238,	0.348043,	0.002154,	291.526,	0.505
81.310,	162.418,	0.349856,	0.002945,	291.523,	0.500
81.403,	162.598,	0.351026,	0.001689,	291.522,	0.505
81.490,	162.778,	0.351284,	0.002313,	291.519,	0.495
81.580,	162.958,	0.349360,	0.002249,	291.515,	0.495
81.670,	163.138,	0.348815,	0.002921,	291.514,	0.500
81.760,	163.318,	0.346927,	0.001934,	291.510,	0.505
81.850,	163.498,	0.345487,	0.001680,	291.507,	0.500
81.943,	163.678,	0.341582,	0.002529,	291.506,	0.505
82.030,	163.858,	0.337515,	0.002858,	291.503,	0.495
82.120,	164.038,	0.333668,	0.001687,	291.500,	0.500
82.217,	164.232,	0.329242,	0.001577,	291.497,	0.540
82.303,	164.398,	0.325195,	0.003223,	291.495,	0.460
82.390,	164.578,	0.319670,	0.001958,	291.493,	0.500
82.480,	164.758,	0.313567,	0.002229,	291.491,	0.500
82.570,	164.938,	0.309020,	0.001531,	291.489,	0.500
82.660,	165.118,	0.301271,	0.001786,	291.484,	0.495
82.750,	165.298,	0.295777,	0.002003,	291.482,	0.500
82.843,	165.478,	0.288002,	0.002132,	291.480,	0.505
82.930,	165.658,	0.281470,	0.002867,	291.476,	0.505
83.020,	165.838,	0.274445,	0.002369,	291.474,	0.495
83.110,	166.018,	0.236995,	0.002568,	291.472,	0.500
83.200,	166.198,	0.055849,	0.002820,	291.470,	0.500
83.290,	166.378,	0.042156,	0.002025,	291.466,	0.500
83.380,	166.558,	0.038971,	0.002714,	291.464,	0.500
83.470,	166.738,	0.038924,	0.002165,	291.462,	0.500
83.560,	166.918,	0.035957,	0.002092,	291.460,	0.505
83.650,	167.098,	0.016897,	0.001719,	291.455,	0.490
83.740,	167.278,	-0.006643,	0.002223,	291.454,	0.500
83.830,	167.458,	-0.005385,	0.001510,	291.452,	0.505
83.920,	167.638,	-0.006112,	0.002397,	291.449,	0.500
84.010,	167.818,	-0.005530,	0.002891,	291.447,	0.500
84.107,	168.008,	0.007705,	0.000431,	291.443,	0.530
84.190,	168.178,	-0.004265,	0.001230,	291.442,	0.465
84.280,	168.358,	-0.006068,	0.002966,	291.439,	0.505
84.370,	168.538,	-0.005541,	0.002462,	291.434,	0.500
84.463,	168.718,	-0.005349,	0.001941,	291.432,	0.505
84.550,	168.898,	0.027096,	0.002626,	291.431,	0.500
84.640,	169.078,	0.033927,	0.002352,	291.427,	0.490
84.730,	169.258,	0.032029,	0.002001,	291.425,	0.500
84.820,	169.438,	0.107423,	0.002570,	291.422,	0.505
84.910,	169.618,	0.126349,	0.002796,	291.420,	0.500
85.003,	169.798,	0.120316,	0.002451,	291.418,	0.505
85.090,	169.978,	0.114031,	0.001587,	291.416,	0.500
85.180,	170.158,	0.110916,	0.001762,	291.411,	0.490
85.270,	170.338,	0.086049,	0.002583,	291.409,	0.505
85.360,	170.518,	-0.003296,	0.002658,	291.407,	0.500
85.450,	170.698,	-0.005112,	0.002512,	291.405,	0.505
85.540,	170.878,	-0.006936,	0.001439,	291.400,	0.495
85.637,	171.068,	-0.006259,	0.001760,	291.400,	0.535
85.720,	171.238,	-0.005499,	0.003289,	291.397,	0.460
85.810,	171.418,	-0.006111,	0.002527,	291.393,	0.505
85.900,	171.598,	-0.008698,	0.002861,	291.391,	0.500
85.990,	171.778,	-0.006776,	0.003231,	291.388,	0.505
86.090,	171.990,	-0.005996,	-0.001827,	291.384,	0.595
86.170,	172.138,	-0.007125,	0.002678,	291.382,	0.400
86.260,	172.318,	-0.006408,	0.002208,	291.380,	0.500
86.350,	172.498,	-0.005864,	0.001840,	291.379,	0.500
86.440,	172.678,	-0.005767,	0.001652,	291.376,	0.500
86.530,	172.858,	-0.006316,	0.002027,	291.374,	0.500
86.620,	173.038,	-0.006343,	0.002122,	291.370,	0.500
86.710,	173.218,	-0.006320,	0.000872,	291.368,	0.495
86.800,	173.398,	-0.005507,	0.002445,	291.366,	0.500
86.890,	173.578,	-0.006501,	0.001484,	291.362,	0.505
86.980,	173.758,	-0.005677,	0.002301,	291.360,	0.505
87.070,	173.938,	-0.006394,	0.002154,	291.358,	0.495
87.170,	174.132,	-0.006018,	0.002617,	291.356,	0.545
87.250,	174.298,	-0.005912,	0.001831,	291.353,	0.455
87.340,	174.478,	-0.006301,	0.002975,	291.350,	0.500
87.430,	174.658,	-0.006536,	0.002430,	291.347,	0.500
87.523,	174.838,	-0.005868,	0.003188,	291.346,	0.505
87.610,	175.018,	-0.006503,	0.002830,	291.343,	0.500
87.700,	175.198,	-0.005820,	0.002751,	291.339,	0.495
87.790,	175.378,	-0.006593,	0.002680,	291.337,	0.495
87.880,	175.558,	-0.006812,	0.001542,	291.335,	0.505
87.970,	175.738,	-0.005977,	0.002010,	291.333,	0.500
88.060,	175.918,	-0.006768,	0.002945,	291.328,	0.505
88.150,	176.098,	-0.004766,	0.001538,	291.326,	0.500
88.240,	176.278,	-0.006442,	0.001868,	291.325,	0.490
88.330,	176.458,	-0.005345,	0.001615,	291.320,	0.505
88.420,	176.638,	-0.005869,	0.002417,	291.319,	0.500
88.513,	176.818,	-0.006104,	0.002430,	291.317,	0.505
88.600,	176.998,	-0.005301,	0.002438,	291.314,	0.495
88.690,	177.178,	-0.005852,	0.002994,	291.311,	0.500
88.780,	177.358,	-0.005780,	0.002486,	291.308,	0.495
88.870,	177.538,	-0.004512,	0.002576,	291.306,	0.505
88.963,	177.718,	-0.005660,	0.001148,	291.303,	0.505
89.050,	177.898,	-0.004556,	0.002092,	291.299,	0.500
89.140,	178.078,	-0.005299,	0.001960,	291.298,	0.495
89.230,	178.258,	-0.005791,	0.001786,	291.296,	0.500
89.320,	178.438,	-0.005672,	0.001850,	291.293,	0.500
89.413,	178.621,	-0.006119,	0.002273,	291.292,	0.515
89.500,	178.798,	-0.005961,	0.003255,	291.288,	0.485
89.593,	178.978,	-0.004931,	0.002126,	291.286,	0.505
89.680,	179.158,	-0.005440,	0.003182,	291.284,	0.500
89.770,	179.338,	-0.006378,	0.001964,	291.281,	0.495
89.863,	179.518,	-0.006626,	0.002130,	291.277,	0.505
89.950,	179.698,	-0.006430,	0.002076,	291.275,	0.495
