Smpl, Det, sig,    mon,    Ring,  sec
#lmd,   E,  HOYAX,  Y,  Smpl,  Det, AGC X, Y, Smpl, Det, ppsSmpl, ppsDet
#6.70012,	185.0478,	60.000,	22.000,	4.300,	30.000,	0.000,	-76.000,	0.000,	2.898,200,200

0.000,	-3.226,	0.002048,	-0.000364,	326.849,	62.896
0.000,	-2.862,	0.001993,	0.001878,	326.844,	0.500
0.000,	-2.498,	0.003124,	0.001803,	326.842,	0.505
0.000,	-2.142,	0.002853,	0.002367,	326.838,	0.500
0.000,	-1.786,	0.008527,	0.002251,	326.834,	0.495
0.000,	-1.422,	2.555641,	0.002841,	326.831,	0.500
0.000,	-1.062,	8.832407,	0.002083,	326.829,	0.500
0.000,	-0.702,	8.843611,	0.001917,	326.827,	0.500
0.000,	-0.335,	8.847871,	0.002794,	326.823,	0.510
0.000,	0.014,	8.839531,	0.002008,	326.817,	0.485
0.000,	0.378,	8.823655,	0.002983,	326.816,	0.505
0.000,	0.770,	3.377572,	-0.000679,	326.810,	0.595
0.000,	1.098,	0.019130,	0.003210,	326.810,	0.405
0.000,	1.454,	0.006881,	0.002531,	326.804,	0.495
0.000,	1.825,	0.003343,	0.001648,	326.803,	0.520
0.000,	2.178,	0.001576,	0.002290,	326.800,	0.485
0.000,	2.542,	0.002572,	0.001887,	326.795,	0.505
0.000,	2.894,	0.001122,	0.002833,	326.793,	0.495
