Smpl, Det, sig,    mon,    Ring,  sec
#lmd,   E,  HOYAX,  Y,  Smpl,  Det, AGC X, Y, Smpl, Det, ppsSmpl, ppsDet
#6.70012,	185.0478,	60.000,	22.000,	4.300,	30.000,	-52.700,	35.000,	4.936,	9.670,200,200

-1.184,	-2.570,	-0.000696,	0.000605,	320.354,	31.080
-1.001,	-2.200,	-0.002138,	0.001428,	320.352,	0.510
-0.824,	-1.850,	-0.001887,	0.002279,	320.345,	0.490
-0.644,	-1.490,	-0.001499,	0.001779,	320.343,	0.495
-0.464,	-1.127,	1.262026,	0.002180,	320.341,	0.510
-0.284,	-0.767,	1.505512,	0.002479,	320.337,	0.495
-0.104,	-0.410,	1.451461,	0.002520,	320.333,	0.500
0.079,	-0.040,	0.772893,	0.001704,	320.330,	0.510
0.256,	0.313,	1.333378,	0.002171,	320.329,	0.490
0.436,	0.673,	1.851084,	0.002020,	320.326,	0.500
0.616,	1.030,	1.838270,	0.001613,	320.320,	0.495
0.796,	1.390,	1.925476,	0.002354,	320.318,	0.500
0.979,	1.757,	2.217357,	0.001219,	320.316,	0.515
1.156,	2.110,	2.565119,	0.001999,	320.314,	0.490
1.336,	2.470,	2.908175,	0.003281,	320.309,	0.500
1.516,	2.833,	3.185962,	0.003856,	320.305,	0.505
1.696,	3.190,	3.402396,	0.002296,	320.304,	0.495
1.879,	3.557,	3.592663,	0.002531,	320.301,	0.510
2.056,	3.910,	3.746814,	0.001932,	320.296,	0.490
2.236,	4.270,	3.905888,	0.001814,	320.292,	0.500
2.416,	4.630,	4.060950,	0.003578,	320.291,	0.500
2.596,	4.993,	4.184386,	0.002391,	320.288,	0.505
2.779,	5.357,	4.337255,	0.001379,	320.283,	0.505
2.956,	5.710,	4.482517,	0.002014,	320.279,	0.485
3.136,	6.066,	4.607278,	0.002992,	320.277,	0.500
3.316,	6.430,	4.726797,	0.003242,	320.275,	0.505
3.496,	6.790,	4.844889,	0.002462,	320.271,	0.500
3.679,	7.157,	4.960728,	0.002193,	320.269,	0.510
3.856,	7.513,	5.065522,	0.003203,	320.265,	0.495
4.036,	7.870,	5.165548,	0.002449,	320.262,	0.495
4.216,	8.230,	5.257749,	0.002374,	320.257,	0.500
4.396,	8.590,	5.348794,	0.002100,	320.255,	0.500
4.583,	8.964,	5.427309,	0.001499,	320.253,	0.520
4.756,	9.310,	5.506811,	0.001928,	320.250,	0.480
4.936,	9.670,	5.578182,	0.001820,	320.245,	0.500
