Smpl, Det, sig,    mon,    Ring,  sec
#lmd,   E,  HOYAX,  Y,  Smpl,  Det, AGC X, Y, Smpl, Det, ppsSmpl, ppsDet
#6.70012,	185.0478,	60.000,	22.000,	4.300,	30.000,	-52.700,	35.000,	9.850,	19.498,200,200

-1.184,	-2.570,	-0.001686,	-0.001381,	316.919,	35.425
-0.994,	-2.185,	-0.002455,	0.001542,	316.914,	0.535
-0.814,	-1.829,	-0.002383,	0.002656,	316.912,	0.500
-0.637,	-1.472,	-0.002133,	0.002385,	316.910,	0.490
-0.461,	-1.120,	2.868655,	0.002714,	316.906,	0.490
-0.252,	-0.691,	3.336371,	-0.002882,	316.902,	0.605
-0.079,	-0.360,	3.101491,	0.001958,	316.900,	0.450
0.115,	0.032,	2.472845,	0.001818,	316.897,	0.545
0.288,	0.382,	2.452324,	0.002846,	316.891,	0.485
0.468,	0.734,	2.741035,	0.002309,	316.889,	0.490
0.644,	1.087,	3.024400,	0.001676,	316.886,	0.490
0.821,	1.436,	3.552780,	0.002966,	316.884,	0.485
1.012,	1.822,	3.625638,	0.002076,	316.879,	0.540
1.188,	2.178,	3.630904,	0.002852,	316.876,	0.490
1.364,	2.534,	3.655775,	0.002678,	316.874,	0.495
1.541,	2.884,	3.619186,	0.002828,	316.872,	0.485
1.717,	3.236,	3.625211,	0.002561,	316.869,	0.490
1.912,	3.625,	3.826003,	0.001967,	316.864,	0.540
2.092,	3.982,	4.081051,	0.002445,	316.863,	0.495
2.268,	4.331,	4.361920,	0.002818,	316.860,	0.490
2.444,	4.687,	4.627561,	0.002378,	316.855,	0.490
2.624,	5.047,	4.903119,	0.001174,	316.852,	0.500
2.815,	5.429,	5.223737,	0.001906,	316.850,	0.535
2.992,	5.782,	5.533843,	0.003311,	316.848,	0.490
3.168,	6.134,	5.814204,	0.002764,	316.844,	0.490
3.348,	6.494,	6.039329,	0.002329,	316.841,	0.495
3.521,	6.844,	6.206691,	0.003117,	316.838,	0.485
3.715,	7.232,	6.329961,	0.001394,	316.836,	0.540
3.892,	7.585,	6.453798,	0.002020,	316.831,	0.490
4.068,	7.942,	6.586976,	0.001932,	316.827,	0.495
4.244,	8.291,	6.657220,	0.003584,	316.826,	0.485
4.424,	8.651,	6.669502,	0.002708,	316.823,	0.500
4.615,	9.036,	6.629569,	0.002074,	316.818,	0.535
4.795,	9.389,	6.570453,	0.001921,	316.816,	0.490
4.972,	9.738,	6.497518,	0.002880,	316.815,	0.490
5.148,	10.091,	6.416170,	0.001952,	316.812,	0.490
5.321,	10.444,	6.328495,	0.002725,	316.809,	0.490
5.515,	10.832,	6.227704,	0.000913,	316.804,	0.535
5.692,	11.185,	6.129289,	0.002434,	316.802,	0.490
5.868,	11.538,	6.024769,	0.002298,	316.799,	0.490
6.044,	11.887,	5.919564,	0.001572,	316.794,	0.490
6.221,	12.244,	5.803074,	0.002611,	316.791,	0.490
6.415,	12.625,	5.670060,	0.002413,	316.789,	0.535
6.588,	12.982,	5.535655,	0.002512,	316.787,	0.490
6.768,	13.338,	5.395507,	0.001715,	316.783,	0.495
6.941,	13.687,	5.243698,	0.002667,	316.780,	0.485
7.117,	14.036,	5.082132,	0.002074,	316.777,	0.490
7.312,	14.422,	4.888907,	0.001426,	316.774,	0.535
7.488,	14.774,	4.699269,	0.002223,	316.769,	0.490
7.664,	15.131,	4.489357,	0.002425,	316.766,	0.490
7.841,	15.484,	4.260779,	0.001908,	316.764,	0.490
8.017,	15.836,	4.013041,	0.002490,	316.763,	0.490
8.212,	16.222,	3.709356,	0.001575,	316.757,	0.535
8.384,	16.571,	3.410576,	0.003561,	316.755,	0.490
8.561,	16.924,	3.081513,	0.002596,	316.753,	0.490
8.741,	17.280,	2.731131,	0.002983,	316.751,	0.495
8.917,	17.633,	2.370618,	0.002809,	316.748,	0.485
9.108,	18.018,	1.978297,	0.001622,	316.744,	0.535
9.284,	18.371,	1.641844,	0.003031,	316.740,	0.490
9.461,	18.720,	1.342226,	0.001575,	316.737,	0.485
9.637,	19.073,	1.102196,	0.002283,	316.733,	0.490
9.814,	19.429,	0.929593,	0.002307,	316.730,	0.500
