Lmd,  eV,  sig,    mon,    Ring,  sec
#lmd,   E,  HOYAX,  Y,  Smpl,  Det, AGC X, Y, Smpl, Det, pps
#6.70292,	184.9705,	54.999,	22.000,	4.300,	0.600,	-60.000,	-44.000,	90.000,	20.002,3000

0.97740,	1268.5108,	0.440919,	-0.001833,	335.415,	180.906
0.97866,	1266.8776,	0.432818,	0.000834,	335.413,	0.500
0.98744,	1255.6129,	0.422072,	0.000489,	335.407,	0.500
1.00407,	1234.8167,	0.406901,	0.000299,	335.404,	0.500
1.02668,	1207.6231,	0.395515,	0.001519,	335.401,	0.500
1.04960,	1181.2523,	0.383390,	0.000890,	335.399,	0.500
1.07267,	1155.8470,	0.372826,	-0.000009,	335.393,	0.500
1.09570,	1131.5528,	0.362203,	0.000004,	335.390,	0.500
1.11870,	1108.2886,	0.352526,	0.000024,	335.388,	0.500
1.14173,	1085.9331,	0.345926,	0.001096,	335.385,	0.500
1.16480,	1064.4252,	0.338951,	0.000887,	335.380,	0.500
1.18787,	1043.7526,	0.329013,	0.001497,	335.377,	0.500
1.21090,	1023.9016,	0.321705,	-0.000459,	335.374,	0.500
1.23390,	1004.8160,	0.318005,	0.001557,	335.372,	0.500
1.25697,	986.3739,	0.310849,	-0.000593,	335.365,	0.500
1.27993,	968.6799,	0.303210,	0.000836,	335.363,	0.500
1.30292,	951.5875,	0.298520,	0.001398,	335.360,	0.500
1.32595,	935.0597,	0.293294,	0.000590,	335.357,	0.500
1.34895,	919.1167,	0.283954,	0.000603,	335.351,	0.500
1.37198,	903.6884,	0.275165,	-0.001721,	335.348,	0.500
1.39493,	888.8205,	0.273266,	0.000741,	335.346,	0.500
1.41793,	874.4031,	0.301575,	0.000129,	335.343,	0.500
1.44096,	860.4281,	0.245169,	0.000650,	335.338,	0.500
1.46388,	846.9563,	0.237392,	0.001008,	335.335,	0.500
1.48687,	833.8607,	0.230622,	0.000721,	335.332,	0.500
1.50990,	821.1421,	0.226239,	0.000090,	335.329,	0.500
1.53286,	808.8426,	0.221758,	0.000538,	335.325,	0.500
1.55585,	796.8907,	0.218622,	0.000041,	335.322,	0.500
1.57877,	785.3218,	0.215985,	-0.000558,	335.319,	0.500
1.60173,	774.0646,	0.213123,	-0.000093,	335.316,	0.500
1.62468,	763.1302,	0.209256,	0.000075,	335.311,	0.500
1.64768,	752.4777,	0.205668,	0.002126,	335.308,	0.500
1.67063,	742.1407,	0.202688,	-0.000276,	335.305,	0.500
1.69363,	732.0622,	0.200460,	-0.000379,	335.303,	0.500
1.71662,	722.2579,	0.197094,	0.000060,	335.298,	0.500
1.73958,	712.7252,	0.194578,	0.000120,	335.295,	0.500
1.76257,	703.4288,	0.189958,	0.000405,	335.292,	0.500
1.78556,	694.3718,	0.188930,	0.000426,	335.288,	0.500
1.80856,	685.5412,	0.187782,	0.001271,	335.284,	0.500
1.83155,	676.9362,	0.188516,	0.001006,	335.281,	0.500
1.85458,	668.5300,	0.187779,	0.001040,	335.278,	0.500
1.87762,	660.3266,	0.186355,	0.000918,	335.275,	0.500
1.90061,	652.3392,	0.188997,	0.000472,	335.271,	0.500
1.92364,	644.5294,	0.193160,	0.000549,	335.267,	0.500
1.94671,	636.8912,	0.198506,	0.000004,	335.264,	0.500
1.96975,	629.4415,	0.204530,	0.000894,	335.262,	0.500
1.99278,	622.1672,	0.214138,	0.001506,	335.256,	0.500
2.01577,	615.0714,	0.229378,	0.000508,	335.253,	0.500
2.03881,	608.1206,	0.243677,	0.000907,	335.251,	0.500
2.06180,	601.3398,	0.259303,	-0.000457,	335.248,	0.500
2.08483,	594.6971,	0.281055,	0.000019,	335.242,	0.500
2.10779,	588.2191,	0.304136,	0.000353,	335.239,	0.500
2.13082,	581.8616,	0.326696,	-0.000028,	335.236,	0.500
2.15378,	575.6588,	0.355332,	0.000084,	335.233,	0.500
2.17681,	569.5685,	0.370217,	-0.000405,	335.228,	0.500
2.19980,	563.6160,	0.408175,	-0.000188,	335.224,	0.500
2.22283,	557.7765,	0.440842,	-0.000696,	335.221,	0.500
2.24583,	552.0642,	0.455255,	-0.000002,	335.219,	0.500
2.26882,	546.4702,	0.416121,	-0.000373,	335.214,	0.500
2.29182,	540.9860,	0.491847,	0.000963,	335.210,	0.500
2.31477,	535.6223,	0.553049,	-0.000250,	335.209,	0.500
2.33773,	530.3617,	0.575073,	-0.000498,	335.206,	0.500
2.36065,	525.2123,	0.590227,	0.000874,	335.201,	0.500
2.38360,	520.1554,	0.625864,	0.000146,	335.197,	0.500
2.40660,	515.1843,	0.652662,	0.000642,	335.194,	0.500
2.42955,	510.3177,	0.673300,	0.000866,	335.191,	0.500
2.45255,	505.5320,	0.686719,	0.000062,	335.185,	0.500
2.47546,	500.8534,	0.698146,	0.000771,	335.183,	0.500
2.49846,	496.2427,	0.706420,	0.000965,	335.179,	0.500
2.52145,	491.7180,	0.711432,	0.000622,	335.177,	0.500
2.54441,	487.2809,	0.714095,	0.001217,	335.172,	0.500
2.56740,	482.9175,	0.714554,	-0.000364,	335.169,	0.500
2.59039,	478.6316,	0.732966,	0.000006,	335.167,	0.500
2.61343,	474.4120,	2.583342,	-0.000612,	335.163,	0.500
2.63646,	470.2679,	0.821074,	0.000407,	335.158,	0.500
2.65949,	466.1956,	0.878178,	0.001585,	335.155,	0.500
2.68249,	462.1983,	0.703898,	0.000454,	335.152,	0.500
2.70556,	458.2572,	0.692216,	0.000088,	335.150,	0.500
2.72851,	454.4027,	0.688068,	0.001228,	335.144,	0.500
2.75158,	450.5929,	0.673517,	0.001111,	335.141,	0.500
2.77458,	446.8577,	0.667835,	-0.000653,	335.138,	0.500
2.79753,	443.1918,	0.662262,	0.000513,	335.135,	0.500
2.82060,	439.5669,	0.652392,	0.000756,	335.130,	0.500
2.84360,	436.0115,	0.644152,	0.000362,	335.128,	0.500
2.86659,	432.5147,	0.638688,	0.001206,	335.126,	0.500
2.88959,	429.0721,	0.628166,	0.000015,	335.123,	0.500
2.91262,	425.6794,	0.615331,	0.000943,	335.118,	0.500
2.93561,	422.3458,	0.599918,	-0.000545,	335.114,	0.500
2.95857,	419.0681,	0.582583,	0.000230,	335.111,	0.500
2.98156,	415.8368,	0.565080,	0.001217,	335.108,	0.500
3.00456,	412.6536,	0.544932,	-0.000310,	335.102,	0.500
3.02755,	409.5201,	0.542012,	0.001116,	335.101,	0.500
3.05054,	406.4338,	0.546463,	0.000019,	335.096,	0.500
3.07354,	403.3923,	0.531344,	0.000006,	335.094,	0.500
3.09649,	400.4025,	0.545873,	0.000758,	335.089,	0.500
3.11937,	397.4657,	0.542346,	0.000133,	335.086,	0.500
3.14233,	394.5615,	0.536035,	0.000650,	335.083,	0.500
3.16528,	391.7007,	0.530305,	0.000862,	335.080,	0.500
3.18828,	388.8750,	0.526287,	-0.001133,	335.076,	0.500
3.21127,	386.0910,	0.522708,	-0.000862,	335.074,	0.500
3.23423,	383.3501,	0.518870,	0.000144,	335.071,	0.500
3.25718,	380.6490,	0.517192,	0.001021,	335.068,	0.500
3.28018,	377.9800,	0.513231,	0.000002,	335.064,	0.500
3.30317,	375.3493,	0.511464,	0.000452,	335.059,	0.500
3.32617,	372.7538,	0.511781,	0.000485,	335.057,	0.500
3.34912,	370.1995,	0.514862,	0.001930,	335.054,	0.500
3.37215,	367.6712,	0.519505,	0.000258,	335.049,	0.500
3.39511,	365.1848,	0.530430,	-0.000405,	335.046,	0.500
3.41814,	362.7243,	0.544388,	0.001480,	335.044,	0.500
3.44114,	360.2999,	0.565937,	-0.000870,	335.041,	0.500
3.46417,	357.9046,	0.592352,	0.000017,	335.036,	0.500
3.48716,	355.5450,	0.626151,	-0.000412,	335.033,	0.500
3.51019,	353.2123,	0.669880,	0.000304,	335.030,	0.500
3.53323,	350.9091,	0.724199,	-0.000627,	335.027,	0.500
3.55626,	348.6366,	0.796869,	0.000368,	335.023,	0.500
3.57925,	346.3973,	0.887685,	0.001732,	335.019,	0.500
3.60225,	344.1856,	0.996714,	-0.000847,	335.016,	0.500
3.62524,	342.0029,	1.125772,	-0.000823,	335.013,	0.500
3.64827,	339.8439,	1.273958,	-0.000651,	335.009,	0.500
3.67127,	337.7149,	1.434021,	-0.000674,	335.006,	0.500
3.69426,	335.6132,	1.604437,	0.000607,	335.003,	0.500
3.71726,	333.5366,	1.791242,	-0.000274,	335.001,	0.500
3.74025,	331.4865,	2.007259,	0.001040,	334.995,	0.500
3.76328,	329.4579,	2.267446,	0.000661,	334.992,	0.500
3.78620,	327.4635,	2.611779,	-0.000071,	334.990,	0.500
3.80923,	325.4837,	3.049767,	0.000090,	334.989,	0.500
3.83215,	323.5370,	3.570687,	0.000086,	334.984,	0.500
3.85514,	321.6076,	4.111298,	-0.000765,	334.980,	0.500
3.87814,	319.7003,	4.625161,	0.000939,	334.977,	0.500
3.90109,	317.8195,	5.088412,	0.000209,	334.974,	0.500
3.92405,	315.9599,	5.425032,	-0.000972,	334.969,	0.500
3.94700,	314.1227,	5.501876,	0.000760,	334.967,	0.500
3.97000,	312.3029,	5.148752,	0.000161,	334.964,	0.500
3.99295,	310.5079,	4.393856,	0.000864,	334.961,	0.500
4.01591,	308.7326,	3.577936,	0.001010,	334.956,	0.500
4.03887,	306.9776,	2.848447,	0.000614,	334.954,	0.500
4.06186,	305.2401,	2.297204,	0.000088,	334.951,	0.500
4.08485,	303.5221,	1.945334,	0.000310,	334.948,	0.500
4.10785,	301.8227,	1.608273,	0.000816,	334.942,	0.500
4.13084,	300.1429,	1.307348,	-0.000343,	334.940,	0.500
4.15384,	298.4810,	1.101011,	-0.000795,	334.937,	0.500
4.17687,	296.8353,	0.931215,	0.000530,	334.935,	0.500
4.19986,	295.2104,	0.773717,	-0.000976,	334.929,	0.500
4.22286,	293.6025,	0.755251,	0.000976,	334.927,	0.500
4.24589,	292.0100,	1.564710,	0.000136,	334.923,	0.500
4.26892,	290.4347,	2.905091,	0.000194,	334.921,	0.500
4.29195,	288.8763,	5.270872,	-0.000099,	334.915,	0.500
4.31495,	287.3365,	2.158878,	0.000935,	334.911,	0.500
4.33798,	285.8110,	15.747970,	-0.000603,	334.910,	0.500
4.36101,	284.3017,	29.211770,	0.000368,	334.907,	0.500
4.38397,	282.8127,	36.568900,	0.000834,	334.902,	0.500
4.40696,	281.3373,	42.062080,	0.001148,	334.899,	0.500
4.42999,	279.8748,	46.553260,	0.001355,	334.896,	0.500
4.45295,	278.4317,	50.415660,	0.000909,	334.893,	0.500
4.47598,	276.9991,	53.781140,	0.000956,	334.887,	0.500
4.49898,	275.5830,	56.743310,	0.000413,	334.885,	0.500
4.52197,	274.1819,	59.297170,	-0.000157,	334.882,	0.500
4.54500,	272.7926,	61.519950,	0.000086,	334.880,	0.500
4.56796,	271.4215,	63.440270,	0.000396,	334.874,	0.500
4.59095,	270.0623,	64.984530,	0.001109,	334.872,	0.500
4.61391,	268.7184,	66.271720,	0.000151,	334.869,	0.500
4.63683,	267.3901,	67.382520,	0.000989,	334.866,	0.500
4.65978,	266.0732,	68.277690,	0.000013,	334.861,	0.500
4.68270,	264.7708,	69.039120,	-0.000093,	334.858,	0.500
4.70569,	263.4773,	69.674080,	0.000706,	334.856,	0.500
4.72865,	262.1980,	70.197610,	0.000168,	334.853,	0.500
4.75160,	260.9316,	70.653350,	0.000329,	334.847,	0.500
4.77460,	259.6746,	71.059460,	0.001189,	334.845,	0.500
4.79755,	258.4324,	71.383010,	0.001051,	334.842,	0.500
4.82055,	257.1994,	71.725200,	-0.001728,	334.840,	0.505
4.84366,	255.9722,	71.947670,	0.001090,	334.835,	0.495
4.86650,	254.7709,	72.063490,	0.000900,	334.831,	0.500
4.88949,	253.5730,	72.075360,	-0.000024,	334.829,	0.500
4.91249,	252.3857,	72.033860,	0.000698,	334.826,	0.500
4.93552,	251.2081,	71.848040,	0.000941,	334.820,	0.500
4.95851,	250.0433,	71.610510,	0.001058,	334.816,	0.500
4.98158,	248.8854,	71.258990,	0.001346,	334.814,	0.500
5.00458,	247.7416,	70.761150,	0.000637,	334.812,	0.500
5.02753,	246.6106,	70.173020,	0.001404,	334.806,	0.500
5.05060,	245.4842,	69.566100,	-0.000263,	334.804,	0.500
5.07360,	244.3713,	68.951390,	0.002148,	334.801,	0.500
5.09659,	243.2690,	68.338240,	0.000282,	334.797,	0.500
5.11959,	242.1761,	67.763100,	0.000260,	334.793,	0.500
5.14258,	241.0935,	67.139680,	0.001659,	334.789,	0.500
5.16557,	240.0205,	66.438220,	-0.000308,	334.787,	0.500
5.18857,	238.9565,	65.694850,	0.001934,	334.784,	0.500
5.21156,	237.9024,	64.969650,	0.000256,	334.778,	0.500
5.23456,	236.8571,	64.290300,	0.000790,	334.776,	0.500
5.25755,	235.8213,	63.825420,	0.000006,	334.774,	0.500
5.28054,	234.7946,	63.147550,	0.000747,	334.771,	0.500
5.30350,	233.7782,	62.292680,	-0.001489,	334.765,	0.500
5.32646,	232.7704,	61.686360,	0.000558,	334.762,	0.500
5.34949,	231.7683,	61.123370,	0.000347,	334.759,	0.500
5.37244,	230.7783,	60.605380,	-0.000157,	334.756,	0.500
5.39536,	229.7979,	60.108660,	-0.000185,	334.751,	0.500
5.41832,	228.8241,	59.605480,	-0.000332,	334.748,	0.500
5.44123,	227.8607,	59.128690,	-0.000957,	334.746,	0.500
5.46419,	226.9032,	58.691500,	-0.000998,	334.743,	0.500
5.48715,	225.9538,	58.258100,	-0.000108,	334.737,	0.500
5.51010,	225.0127,	57.824860,	-0.000562,	334.734,	0.500
5.53310,	224.0774,	57.401270,	-0.000349,	334.731,	0.500
5.55605,	223.1518,	57.000840,	0.000635,	334.729,	0.500
5.57905,	222.2318,	56.588760,	0.001633,	334.723,	0.500
5.60200,	221.3214,	56.174200,	0.000999,	334.720,	0.500
5.62500,	220.4164,	55.790860,	-0.000166,	334.718,	0.500
5.64803,	219.5177,	55.400480,	0.000605,	334.714,	0.500
5.67098,	218.6293,	55.046880,	-0.000978,	334.709,	0.500
5.69398,	217.7462,	54.705050,	0.001077,	334.706,	0.500
5.71701,	216.8690,	54.357820,	0.000148,	334.704,	0.500
5.74000,	216.0004,	54.000800,	-0.000605,	334.701,	0.500
5.76300,	215.1384,	53.609750,	-0.000095,	334.695,	0.500
5.78603,	214.2821,	53.160530,	0.000601,	334.693,	0.500
5.80906,	213.4325,	52.650790,	0.000252,	334.691,	0.500
5.83206,	212.5908,	52.084160,	0.000510,	334.686,	0.500
5.85505,	211.7561,	51.461960,	0.000004,	334.682,	0.500
5.87808,	210.9264,	50.825580,	0.001400,	334.678,	0.500
5.90104,	210.1058,	50.166840,	0.000319,	334.676,	0.500
5.92403,	209.2904,	49.510300,	0.000702,	334.674,	0.500
5.94703,	208.4809,	48.875330,	0.000672,	334.669,	0.500
5.97002,	207.6781,	48.265230,	0.000446,	334.665,	0.500
5.99302,	206.8811,	47.686250,	0.001267,	334.663,	0.500
6.01601,	206.0905,	47.120200,	0.000946,	334.660,	0.500
6.03904,	205.3046,	46.586450,	-0.000778,	334.653,	0.500
6.06200,	204.5270,	46.068910,	0.000439,	334.651,	0.500
6.08495,	203.7556,	45.548770,	-0.000149,	334.647,	0.500
6.10795,	202.9883,	45.042960,	0.000317,	334.645,	0.500
6.13090,	202.2285,	44.544630,	-0.000274,	334.640,	0.500
6.15386,	201.4739,	44.076090,	-0.000209,	334.639,	0.500
6.17681,	200.7254,	43.612430,	0.000995,	334.634,	0.500
6.19977,	199.9820,	43.151200,	-0.000356,	334.630,	0.500
6.22273,	199.2441,	42.686080,	0.000633,	334.625,	0.500
6.24568,	198.5120,	42.218770,	0.000743,	334.623,	0.500
6.26864,	197.7849,	41.714100,	-0.000030,	334.620,	0.500
6.29163,	197.0622,	41.197370,	0.000978,	334.619,	0.500
6.31463,	196.3444,	40.705960,	-0.000487,	334.612,	0.500
6.33758,	195.6334,	40.196870,	0.000810,	334.608,	0.500
6.36057,	194.9263,	39.716880,	-0.000722,	334.606,	0.500
6.38357,	194.2240,	39.233530,	0.000465,	334.604,	0.500
6.40652,	193.5282,	38.763350,	0.000648,	334.597,	0.500
6.42956,	192.8347,	38.304830,	0.000954,	334.595,	0.500
6.45255,	192.1477,	37.865550,	0.000491,	334.593,	0.500
6.47555,	191.4652,	37.447740,	0.000379,	334.591,	0.500
6.49858,	190.7867,	37.039370,	-0.000590,	334.585,	0.500
6.52153,	190.1153,	36.632490,	0.001590,	334.583,	0.500
6.54457,	189.4460,	36.215530,	-0.000530,	334.579,	0.500
6.56760,	188.7817,	35.793310,	0.001915,	334.576,	0.500
6.59055,	188.1243,	35.364420,	-0.000177,	334.571,	0.500
6.61359,	187.4689,	34.923500,	0.000849,	334.568,	0.500
6.63658,	186.8195,	34.456970,	0.000164,	334.565,	0.500
6.65957,	186.1745,	33.973530,	0.001032,	334.563,	0.500
6.68261,	185.5327,	33.485420,	-0.000429,	334.557,	0.500
6.70552,	184.8988,	32.950400,	0.000258,	334.555,	0.500
6.72852,	184.2667,	32.414230,	0.000398,	334.551,	0.500
6.75155,	183.6382,	31.870790,	-0.000041,	334.549,	0.500
6.77443,	183.0180,	31.390790,	-0.000524,	334.544,	0.500
6.79750,	182.3968,	30.948190,	-0.000106,	334.542,	0.500
6.82053,	181.7810,	30.550650,	0.001180,	334.539,	0.500
6.84349,	181.1711,	30.173820,	-0.000080,	334.537,	0.500
6.86652,	180.5634,	29.787920,	0.001122,	334.531,	0.500
6.88944,	179.9627,	29.411380,	0.000956,	334.528,	0.500
6.91247,	179.3632,	29.005010,	0.000687,	334.525,	0.500
6.93543,	178.7694,	28.582390,	0.002212,	334.522,	0.500
6.95834,	178.1808,	28.158250,	-0.000272,	334.518,	0.500
6.98126,	177.5958,	27.695230,	0.001361,	334.514,	0.500
7.00426,	177.0126,	27.219480,	0.000099,	334.511,	0.500
7.02721,	176.4345,	26.715660,	0.000487,	334.508,	0.500
7.05017,	175.8599,	26.192240,	-0.000444,	334.504,	0.500
7.07328,	175.2854,	25.677460,	-0.000358,	334.500,	0.500
7.09615,	174.7204,	25.198090,	0.000541,	334.497,	0.500
7.11911,	174.1569,	24.747550,	0.000019,	334.494,	0.500
7.14203,	173.5980,	24.321980,	0.000823,	334.489,	0.500
7.16502,	173.0410,	23.944370,	-0.001054,	334.487,	0.500
7.18802,	172.4873,	23.576200,	-0.000336,	334.484,	0.500
7.21101,	171.9374,	23.250080,	0.001027,	334.481,	0.500
7.23404,	171.3900,	22.958900,	0.000250,	334.475,	0.500
7.25704,	170.8469,	22.688650,	0.000254,	334.473,	0.500
7.28003,	170.3073,	22.438170,	0.001534,	334.470,	0.500
7.30306,	169.7703,	22.217940,	0.000308,	334.468,	0.500
7.32602,	169.2382,	22.001490,	0.001512,	334.463,	0.500
7.34901,	168.7088,	21.798500,	-0.000621,	334.459,	0.500
7.37201,	168.1824,	21.596990,	0.000194,	334.457,	0.500
7.39496,	167.6605,	21.396140,	0.000842,	334.455,	0.500
7.41796,	167.1406,	21.192060,	0.001070,	334.449,	0.500
7.44099,	166.6233,	20.990300,	0.001073,	334.447,	0.500
7.46398,	166.1101,	20.785870,	-0.000108,	334.444,	0.500
7.48694,	165.6007,	20.579360,	-0.000728,	334.441,	0.500
7.50993,	165.0937,	20.391200,	0.001435,	334.436,	0.500
7.53289,	164.5905,	20.213830,	0.000543,	334.433,	0.500
7.55592,	164.0889,	20.052510,	0.000409,	334.430,	0.500
7.57888,	163.5918,	19.894890,	0.000765,	334.428,	0.500
7.60183,	163.0979,	19.750090,	0.000396,	334.422,	0.500
7.62483,	162.6059,	19.600540,	0.000148,	334.419,	0.500
7.64782,	162.1171,	19.439630,	-0.000933,	334.418,	0.500
7.67078,	161.6319,	19.235770,	0.001557,	334.415,	0.500
7.69373,	161.1497,	18.956470,	0.000926,	334.409,	0.500
7.71665,	160.6711,	18.578290,	0.001426,	334.407,	0.500
7.73957,	160.1953,	18.103960,	0.000894,	334.404,	0.500
7.76256,	159.7208,	17.668990,	0.000866,	334.402,	0.500
7.78555,	159.2492,	17.397010,	0.000319,	334.395,	0.500
7.80847,	158.7817,	17.319080,	0.000424,	334.394,	0.500
7.83147,	158.3154,	17.297040,	0.000017,	334.391,	0.500
7.85446,	157.8520,	17.223910,	0.000553,	334.388,	0.500
7.87745,	157.3913,	17.102760,	0.000627,	334.383,	0.500
7.90049,	156.9323,	16.945950,	0.001303,	334.380,	0.500
7.92348,	156.4770,	16.748050,	0.001122,	334.377,	0.500
7.94647,	156.0243,	16.504520,	0.001911,	334.374,	0.500
7.96947,	155.5740,	16.228150,	0.000254,	334.369,	0.500
7.99250,	155.1257,	15.861670,	0.000732,	334.366,	0.500
8.01546,	154.6814,	15.477790,	0.000349,	334.364,	0.500
8.03841,	154.2398,	15.170440,	0.000426,	334.360,	0.500
8.06152,	153.7976,	14.824220,	0.000590,	334.355,	0.500
8.08448,	153.3608,	14.518820,	0.000913,	334.353,	0.500
8.10751,	152.9252,	14.304050,	0.000166,	334.350,	0.500
8.13047,	152.4933,	14.124660,	0.000517,	334.347,	0.500
8.15357,	152.0613,	13.980090,	0.001228,	334.342,	0.500
8.17649,	151.6350,	13.819070,	0.000646,	334.340,	0.500
8.19949,	151.2097,	13.604980,	0.000950,	334.336,	0.500
8.22252,	150.7862,	13.368540,	0.000870,	334.334,	0.500
8.24547,	150.3665,	13.127610,	0.000398,	334.329,	0.500
8.26851,	149.9475,	12.894890,	0.000291,	334.325,	0.500
8.29150,	149.5317,	12.678080,	0.000032,	334.322,	0.500
8.31442,	149.1195,	12.465270,	0.000413,	334.318,	0.500
8.33749,	148.7069,	12.262050,	0.000441,	334.314,	0.500
8.36041,	148.2992,	12.064150,	0.000711,	334.311,	0.500
8.38348,	147.8911,	11.871200,	0.000254,	334.309,	0.500
8.40639,	147.4881,	11.681800,	0.000907,	334.306,	0.500
8.42931,	147.0871,	11.494600,	0.000379,	334.299,	0.500
8.45231,	146.6868,	11.305720,	0.001534,	334.297,	0.500
8.47526,	146.2896,	11.122940,	-0.000052,	334.294,	0.500
8.49818,	145.8951,	10.945030,	-0.000179,	334.292,	0.500
8.52113,	145.5021,	10.774000,	0.000885,	334.287,	0.500
8.54413,	145.1104,	10.598360,	0.000941,	334.283,	0.500
8.56712,	144.7210,	10.439000,	0.000855,	334.281,	0.500
8.59008,	144.3342,	10.289810,	0.000224,	334.278,	0.500
8.61307,	143.9490,	10.111720,	-0.000205,	334.273,	0.500
8.63603,	143.5662,	9.910378,	0.000969,	334.269,	0.500
8.65902,	143.1851,	9.678518,	-0.000724,	334.268,	0.500
8.68202,	142.8058,	9.520161,	0.000603,	334.265,	0.500
8.70501,	142.4286,	9.449771,	-0.000547,	334.260,	0.500
8.72800,	142.0534,	9.340903,	0.000319,	334.257,	0.500
8.75107,	141.6790,	9.199481,	0.001579,	334.254,	0.500
8.77403,	141.3082,	9.046912,	-0.000147,	334.252,	0.500
8.79706,	140.9383,	8.891611,	0.000784,	334.246,	0.500
8.81998,	140.5720,	8.736061,	0.000508,	334.242,	0.500
8.84301,	140.2059,	8.582502,	-0.000134,	334.241,	0.500
8.86601,	139.8422,	8.425537,	-0.000481,	334.238,	0.500
8.88896,	139.4812,	8.266758,	0.001736,	334.232,	0.500
8.91199,	139.1207,	8.099483,	0.000517,	334.230,	0.500
8.93495,	138.7632,	7.928924,	0.000523,	334.227,	0.500
8.95802,	138.4059,	7.755723,	0.000672,	334.223,	0.500
8.98101,	138.0516,	7.573180,	0.000717,	334.219,	0.500
9.00397,	137.6995,	7.389652,	0.001603,	334.215,	0.500
9.02700,	137.3482,	7.201107,	0.000263,	334.212,	0.500
9.04996,	136.9998,	7.008133,	-0.000750,	334.210,	0.500
9.07299,	136.6520,	6.814440,	0.000101,	334.205,	0.500
9.09599,	136.3065,	6.620683,	-0.000166,	334.203,	0.500
9.11902,	135.9622,	6.426979,	-0.000319,	334.199,	0.500
9.14201,	135.6203,	6.238368,	0.000487,	334.196,	0.500
9.16501,	135.2800,	6.054595,	0.000439,	334.191,	0.500
9.18796,	134.9421,	5.880103,	0.000935,	334.188,	0.500
9.21092,	134.6057,	5.714463,	0.000222,	334.185,	0.500
9.23383,	134.2717,	5.558038,	0.000629,	334.184,	0.500
9.25679,	133.9387,	5.411910,	0.001529,	334.178,	0.500
9.27975,	133.6073,	5.274255,	0.000243,	334.175,	0.500
9.30270,	133.2777,	5.144672,	0.001282,	334.172,	0.500
9.32570,	132.9490,	5.018924,	0.000064,	334.170,	0.500
9.34865,	132.6226,	4.901794,	0.000497,	334.164,	0.500
9.37161,	132.2977,	4.786854,	0.000267,	334.162,	0.500
9.39468,	131.9728,	4.678693,	0.000448,	334.159,	0.500
9.41760,	131.6516,	4.570707,	0.001376,	334.156,	0.500
9.44059,	131.3310,	4.462640,	-0.000080,	334.151,	0.500
9.46362,	131.0114,	4.364451,	0.000853,	334.148,	0.500
9.48658,	130.6944,	4.258510,	0.000368,	334.146,	0.500
9.50961,	130.3778,	4.160829,	0.000569,	334.143,	0.500
9.53257,	130.0638,	4.059925,	0.000928,	334.138,	0.500
9.55560,	129.7503,	3.963740,	0.000573,	334.135,	0.500
9.57863,	129.4384,	3.867912,	0.000224,	334.131,	0.500
9.60162,	129.1285,	3.773808,	-0.001079,	334.129,	0.500
9.62462,	128.8199,	3.683516,	0.000278,	334.124,	0.500
9.64761,	128.5129,	3.593234,	0.000902,	334.122,	0.500
9.67057,	128.2078,	3.506457,	-0.000812,	334.117,	0.500
9.69352,	127.9043,	3.421239,	0.001146,	334.116,	0.500
9.71656,	127.6010,	3.337340,	0.000896,	334.110,	0.500
9.73959,	127.2992,	3.256248,	-0.000541,	334.107,	0.500
9.76258,	126.9995,	3.173751,	0.000534,	334.105,	0.500
9.78558,	126.7010,	3.096008,	-0.000022,	334.102,	0.500
9.80857,	126.4040,	3.018394,	0.001482,	334.096,	0.500
9.83160,	126.1079,	2.944433,	-0.000205,	334.093,	0.500
9.85456,	125.8141,	2.870383,	0.000538,	334.092,	0.500
9.87755,	125.5213,	2.797483,	0.000825,	334.088,	0.500
9.90059,	125.2291,	2.726830,	-0.000539,	334.083,	0.500
9.92350,	124.9400,	2.656186,	0.000385,	334.080,	0.500
