Lmd,  eV,  sig,    mon,    Ring,  sec
#lmd,   E,  HOYAX,  Y,  Smpl,  Det, AGC X, Y, Smpl, Det, pps
#4.35642,	284.6012,	0.000,	94.000,	88.700,	-0.062,	0.000,	76.000,	0.000,	29.999,75

4.14959,	298.7867,	7.111060,	-0.001924,	221.045,	40.475
4.15108,	298.6795,	7.053467,	0.000207,	221.044,	0.500
4.15258,	298.5716,	6.983507,	0.000584,	221.043,	0.500
4.15441,	298.4401,	6.911259,	0.000112,	221.040,	0.500
4.15614,	298.3159,	6.838585,	-0.000463,	221.040,	0.500
4.15798,	298.1838,	6.762688,	-0.000093,	221.038,	0.500
4.15970,	298.0605,	6.686559,	0.000517,	221.037,	0.500
4.16143,	297.9366,	6.624644,	-0.000086,	221.035,	0.500
4.16304,	297.8214,	6.556823,	-0.000720,	221.033,	0.500
4.16476,	297.6984,	6.484868,	-0.000575,	221.033,	0.500
4.16649,	297.5748,	6.423345,	-0.000155,	221.032,	0.500
4.16833,	297.4434,	6.352271,	-0.000371,	221.029,	0.500
4.17005,	297.3208,	6.286816,	-0.000097,	221.028,	0.500
4.17166,	297.2060,	6.229183,	-0.000483,	221.027,	0.500
4.17339,	297.0828,	6.170533,	-0.000048,	221.025,	0.500
4.17499,	296.9690,	6.108898,	0.000030,	221.022,	0.500
4.17672,	296.8460,	6.048340,	0.000457,	221.022,	0.500
4.17856,	296.7152,	5.989659,	0.000258,	221.021,	0.500
4.18028,	296.5932,	5.927837,	-0.000821,	221.019,	0.500
4.18212,	296.4627,	5.872658,	-0.000241,	221.017,	0.500
4.18373,	296.3486,	5.811625,	-0.001084,	221.016,	0.500
4.18546,	296.2261,	5.758440,	-0.000836,	221.016,	0.500
4.18718,	296.1044,	5.703405,	-0.000065,	221.014,	0.500
4.18891,	295.9821,	5.642632,	0.001204,	221.013,	0.500
4.19063,	295.8606,	5.581966,	-0.000659,	221.011,	0.500
4.19236,	295.7385,	5.522544,	0.000663,	221.011,	0.500
4.19408,	295.6173,	5.466557,	0.000325,	221.008,	0.500
4.19580,	295.4961,	5.403369,	0.000297,	221.006,	0.500
4.19741,	295.3827,	5.349870,	0.000209,	221.005,	0.500
4.19914,	295.2610,	5.293272,	0.000258,	221.004,	0.500
4.20086,	295.1401,	5.229572,	-0.000183,	221.004,	0.500
4.20270,	295.0109,	5.167640,	-0.000448,	221.000,	0.500
4.20443,	294.8895,	5.106663,	-0.000952,	220.998,	0.500
4.20615,	294.7690,	5.043362,	-0.000041,	220.999,	0.500
4.20788,	294.6478,	4.984115,	0.000243,	220.997,	0.500
4.20949,	294.5351,	4.923435,	-0.000056,	220.994,	0.500
4.21121,	294.4148,	4.856627,	-0.000795,	220.993,	0.500
4.21305,	294.2862,	4.792712,	0.000394,	220.992,	0.500
4.21477,	294.1661,	4.724694,	-0.000332,	220.991,	0.500
4.21650,	294.0454,	4.652267,	0.000616,	220.988,	0.500
4.21822,	293.9255,	4.589174,	-0.000026,	220.987,	0.500
4.21995,	293.8050,	4.519440,	0.000064,	220.986,	0.500
4.22167,	293.6853,	4.451168,	0.000276,	220.986,	0.500
4.22340,	293.5650,	4.377315,	-0.000461,	220.983,	0.500
4.22512,	293.4455,	4.302283,	0.001277,	220.982,	0.500
4.22696,	293.3178,	4.228600,	-0.001019,	220.980,	0.500
4.22880,	293.1901,	4.156904,	0.000655,	220.980,	0.500
4.23041,	293.0786,	4.089165,	0.000937,	220.977,	0.500
4.23202,	292.9671,	4.020279,	0.000189,	220.977,	0.500
4.23374,	292.8480,	3.950200,	-0.000599,	220.975,	0.500
4.23547,	292.7284,	3.881231,	-0.000129,	220.974,	0.500
4.23731,	292.6013,	3.813057,	-0.000112,	220.971,	0.500
4.23903,	292.4826,	3.750275,	-0.000834,	220.971,	0.500
4.24076,	292.3633,	3.689453,	0.000920,	220.969,	0.500
4.24237,	292.2523,	3.636447,	0.000536,	220.968,	0.500
4.24409,	292.1339,	3.588404,	0.000657,	220.966,	0.500
4.24582,	292.0148,	3.546950,	-0.000328,	220.965,	0.500
4.24754,	291.8966,	3.509272,	0.000125,	220.964,	0.500
4.24938,	291.7702,	3.481789,	-0.001519,	220.961,	0.500
4.25099,	291.6597,	3.464469,	-0.000308,	220.960,	0.500
4.25271,	291.5417,	3.458457,	-0.000954,	220.959,	0.500
4.25432,	291.4314,	3.461883,	0.000338,	220.957,	0.500
4.25605,	291.3129,	3.473923,	-0.001176,	220.957,	0.500
4.25766,	291.2028,	3.495964,	0.000831,	220.954,	0.500
4.25950,	291.0770,	3.532608,	0.000097,	220.954,	0.500
4.26122,	290.9595,	3.578467,	0.000616,	220.952,	0.500
4.26295,	290.8414,	3.630045,	-0.000173,	220.950,	0.500
4.26467,	290.7241,	3.691224,	-0.000543,	220.948,	0.500
4.26640,	290.6062,	3.757089,	-0.000093,	220.947,	0.500
4.26812,	290.4891,	3.831889,	-0.000474,	220.946,	0.500
4.26985,	290.3714,	3.912149,	0.000665,	220.945,	0.500
4.27168,	290.2470,	3.993153,	-0.000343,	220.942,	0.500
4.27341,	290.1295,	4.073522,	-0.000573,	220.941,	0.500
4.27513,	290.0128,	4.143595,	-0.000644,	220.941,	0.500
4.27686,	289.8955,	4.212347,	-0.000121,	220.939,	0.500
4.27847,	289.7864,	4.278318,	0.000577,	220.936,	0.500
4.28019,	289.6700,	4.336668,	-0.000300,	220.935,	0.500
4.28192,	289.5529,	4.393458,	-0.000343,	220.935,	0.500
4.28376,	289.4285,	4.441326,	0.000640,	220.933,	0.500
4.28548,	289.3124,	4.484583,	0.000939,	220.932,	0.500
4.28721,	289.1956,	4.520604,	0.000887,	220.931,	0.500
4.28882,	289.0871,	4.548175,	-0.000278,	220.929,	0.500
4.29054,	288.9712,	4.576441,	-0.000304,	220.929,	0.500
4.29226,	288.8554,	4.597557,	-0.000399,	220.926,	0.500
4.29410,	288.7316,	4.616760,	-0.000084,	220.925,	0.500
4.29583,	288.6153,	4.633300,	0.000284,	220.924,	0.500
4.29767,	288.4918,	4.644771,	0.000052,	220.922,	0.500
4.29928,	288.3837,	4.653919,	0.000069,	220.921,	0.500
4.30100,	288.2684,	4.659839,	-0.000601,	220.920,	0.500
4.30261,	288.1605,	4.663412,	0.000280,	220.919,	0.500
4.30434,	288.0447,	4.665320,	-0.000211,	220.918,	0.500
4.30618,	287.9216,	4.666196,	-0.000771,	220.915,	0.500
4.30790,	287.8067,	4.655599,	-0.000248,	220.913,	0.500
4.30962,	287.6918,	4.651538,	-0.000644,	220.912,	0.500
4.31123,	287.5844,	4.637080,	-0.000157,	220.911,	0.500
4.31296,	287.4690,	4.612178,	0.000765,	220.910,	0.500
4.31468,	287.3544,	4.582934,	0.000620,	220.908,	0.500
4.31652,	287.2319,	4.539911,	-0.000830,	220.907,	0.500
4.31836,	287.1096,	4.486205,	-0.000603,	220.905,	0.500
4.32009,	286.9946,	4.423367,	-0.000086,	220.903,	0.500
4.32181,	286.8804,	4.341624,	-0.000095,	220.902,	0.500
4.32342,	286.7735,	4.251661,	-0.000726,	220.902,	0.500
4.32515,	286.6588,	4.146306,	0.000254,	220.900,	0.500
4.32687,	286.5449,	4.021932,	0.000351,	220.896,	0.500
4.32859,	286.4310,	3.879264,	-0.000659,	220.897,	0.500
4.33032,	286.3166,	3.728441,	0.001131,	220.897,	0.500
4.33204,	286.2029,	3.578355,	-0.000192,	220.894,	0.500
4.33377,	286.0887,	3.434427,	-0.000127,	220.892,	0.500
4.33549,	285.9752,	3.300458,	0.000054,	220.891,	0.500
4.33722,	285.8611,	3.174355,	0.000153,	220.889,	0.500
4.33894,	285.7478,	3.069257,	-0.000056,	220.890,	0.496
4.34067,	285.6339,	2.989853,	0.000329,	220.886,	0.500
4.34251,	285.5129,	2.938875,	-0.000810,	220.884,	0.500
4.34423,	285.3998,	2.916759,	0.000099,	220.884,	0.500
4.34584,	285.2941,	2.929216,	-0.000213,	220.883,	0.500
4.34745,	285.1884,	2.971652,	0.000200,	220.880,	0.500
4.34917,	285.0756,	3.055452,	-0.000366,	220.878,	0.500
4.35090,	284.9623,	3.180663,	0.000597,	220.877,	0.500
4.35262,	284.8497,	3.352598,	0.000220,	220.876,	0.500
4.35435,	284.7365,	3.570679,	-0.000664,	220.873,	0.500
4.35607,	284.6241,	3.832911,	0.000189,	220.872,	0.500
4.35768,	284.5189,	4.126483,	0.000036,	220.871,	0.500
4.35941,	284.4060,	4.476342,	-0.001172,	220.869,	0.500
4.36113,	284.2939,	4.862414,	-0.000403,	220.868,	0.500
4.36297,	284.1740,	5.269956,	-0.000039,	220.867,	0.500
4.36470,	284.0613,	5.684713,	0.000174,	220.865,	0.500
4.36654,	283.9416,	6.082318,	-0.000993,	220.864,	0.500
4.36826,	283.8298,	6.432463,	0.000900,	220.862,	0.500
4.36987,	283.7252,	6.760926,	0.000232,	220.861,	0.500
4.37159,	283.6136,	7.043039,	-0.000896,	220.860,	0.500
4.37332,	283.5014,	7.317181,	0.000045,	220.858,	0.500
4.37516,	283.3822,	7.547475,	-0.000207,	220.856,	0.500
4.37688,	283.2708,	7.737976,	-0.000364,	220.855,	0.500
4.37861,	283.1589,	7.905315,	0.000058,	220.854,	0.500
4.38022,	283.0548,	8.052401,	0.001060,	220.853,	0.500
4.38194,	282.9437,	8.175959,	-0.000123,	220.851,	0.500
4.38367,	282.8321,	8.295133,	-0.000588,	220.849,	0.500
4.38551,	282.7134,	8.401722,	0.000209,	220.848,	0.500
4.38723,	282.6026,	8.505840,	0.000504,	220.847,	0.500
4.38895,	282.4918,	8.597717,	0.000991,	220.844,	0.500
4.39068,	282.3805,	8.681302,	-0.000670,	220.845,	0.500
4.39229,	282.2770,	8.759889,	0.000793,	220.843,	0.500
4.39401,	282.1665,	8.835402,	-0.000108,	220.842,	0.500
4.39574,	282.0555,	8.916568,	-0.000907,	220.838,	0.500
4.39746,	281.9451,	8.991123,	0.000222,	220.838,	0.500
4.39919,	281.8343,	9.063594,	0.000357,	220.836,	0.500
4.40091,	281.7241,	9.126988,	0.000213,	220.835,	0.500
4.40264,	281.6134,	9.191054,	0.000217,	220.833,	0.500
4.40425,	281.5105,	9.250098,	0.000250,	220.832,	0.500
4.40597,	281.4006,	9.302251,	-0.000188,	220.831,	0.500
4.40781,	281.2831,	9.362266,	-0.000229,	220.830,	0.500
4.40953,	281.1734,	9.412005,	-0.000183,	220.827,	0.500
4.41137,	281.0561,	9.466164,	-0.000065,	220.826,	0.500
4.41310,	280.9459,	9.511459,	-0.001157,	220.824,	0.500
4.41471,	280.8435,	9.556335,	0.000355,	220.824,	0.500
4.41643,	280.7341,	9.600802,	0.000665,	220.822,	0.500
4.41816,	280.6242,	9.644809,	-0.000257,	220.820,	0.500
4.41988,	280.5150,	9.678880,	0.000360,	220.819,	0.500
4.42172,	280.3982,	9.725122,	-0.001056,	220.817,	0.500
4.42345,	280.2886,	9.762267,	0.000043,	220.816,	0.500
4.42505,	280.1872,	9.797611,	-0.000125,	220.814,	0.500
4.42678,	280.0777,	9.829908,	0.000136,	220.814,	0.500
4.42850,	279.9689,	9.863001,	0.000661,	220.813,	0.500
4.43023,	279.8596,	9.900119,	0.000775,	220.810,	0.500
4.43195,	279.7510,	9.933201,	-0.000127,	220.808,	0.500
4.43379,	279.6349,	9.959653,	0.001256,	220.806,	0.500
4.43552,	279.5258,	9.995174,	0.000777,	220.806,	0.500
4.43724,	279.4175,	10.023060,	0.000347,	220.804,	0.500
4.43885,	279.3161,	10.054980,	-0.000534,	220.803,	0.500
4.44058,	279.2073,	10.076430,	-0.000939,	220.801,	0.500
4.44230,	279.0992,	10.103940,	0.000984,	220.801,	0.500
4.44402,	278.9912,	10.130840,	0.000681,	220.798,	0.500
4.44575,	278.8826,	10.157650,	-0.000328,	220.796,	0.500
4.44747,	278.7748,	10.180090,	-0.000129,	220.796,	0.500
4.44908,	278.6739,	10.203250,	-0.000078,	220.795,	0.500
4.45081,	278.5656,	10.225230,	0.000706,	220.793,	0.500
4.45253,	278.4580,	10.247400,	-0.000623,	220.791,	0.500
4.45437,	278.3429,	10.265690,	-0.000060,	220.791,	0.500
