Smpl, Det, sig,    mon,    Ring,  sec
#lmd,   E,  HOYAX,  Y,  Smpl,  Det, AGC X, Y, Smpl, Det, ppsSmpl, ppsDet
#6.70012,	185.0478,	60.000,	22.000,	4.300,	30.000,	-52.700,	35.000,	10.001,	21.982,100,100

-1.127,	-2.455,	-0.000394,	-0.001640,	322.419,	201.986
-1.037,	-2.275,	-0.001840,	0.002245,	322.417,	0.505
-0.947,	-2.095,	-0.001320,	0.003104,	322.412,	0.495
-0.850,	-1.901,	-0.000796,	0.002206,	322.410,	0.540
-0.767,	-1.739,	-0.000707,	0.002406,	322.406,	0.455
-0.677,	-1.555,	-0.000449,	0.002533,	322.404,	0.505
-0.587,	-1.375,	0.000153,	0.002652,	322.400,	0.500
-0.497,	-1.195,	3.502387,	0.001667,	322.397,	0.500
-0.407,	-1.015,	3.863716,	0.002122,	322.395,	0.500
-0.317,	-0.839,	3.974246,	0.003126,	322.391,	0.495
-0.227,	-0.655,	4.076407,	0.003001,	322.386,	0.505
-0.137,	-0.475,	3.993938,	0.002880,	322.384,	0.500
-0.047,	-0.295,	3.517677,	0.002249,	322.381,	0.500
0.043,	-0.119,	3.293179,	0.002904,	322.378,	0.495
0.133,	0.061,	3.040544,	0.002772,	322.373,	0.500
0.230,	0.259,	2.927031,	0.001176,	322.371,	0.550
0.313,	0.421,	3.053765,	0.000909,	322.368,	0.450
0.403,	0.605,	3.057627,	0.002305,	322.365,	0.505
0.493,	0.785,	3.356874,	0.002466,	322.360,	0.500
0.583,	0.961,	3.348413,	0.002012,	322.358,	0.500
0.673,	1.145,	3.320668,	0.002537,	322.355,	0.505
0.763,	1.325,	3.524702,	0.002921,	322.352,	0.495
0.853,	1.505,	3.921460,	0.001639,	322.348,	0.500
0.943,	1.685,	4.169602,	0.002882,	322.346,	0.500
1.033,	1.865,	4.253657,	0.002322,	322.343,	0.505
1.123,	2.045,	4.283851,	0.002262,	322.341,	0.495
1.213,	2.221,	4.291860,	0.003289,	322.336,	0.500
1.303,	2.401,	4.294559,	0.002932,	322.333,	0.495
1.393,	2.585,	4.297563,	0.002669,	322.331,	0.505
1.483,	2.761,	4.303037,	0.002305,	322.328,	0.500
1.573,	2.945,	4.300148,	0.002600,	322.323,	0.505
1.663,	3.125,	4.304555,	0.002643,	322.320,	0.495
1.753,	3.305,	4.317052,	0.003139,	322.319,	0.500
1.843,	3.481,	4.273832,	0.002154,	322.316,	0.500
1.933,	3.665,	4.239334,	0.002602,	322.311,	0.500
2.030,	3.859,	4.240450,	0.002357,	322.309,	0.540
2.113,	4.025,	4.295770,	0.002734,	322.306,	0.460
2.203,	4.205,	4.396211,	0.003009,	322.303,	0.500
2.293,	4.381,	4.512178,	0.002699,	322.298,	0.500
2.383,	4.565,	4.644172,	0.001691,	322.295,	0.500
2.473,	4.745,	4.780810,	0.001118,	322.292,	0.500
2.563,	4.925,	4.918501,	0.002662,	322.291,	0.500
2.653,	5.105,	5.059080,	0.002169,	322.286,	0.500
2.743,	5.281,	5.193975,	0.002497,	322.283,	0.500
2.833,	5.465,	5.338768,	0.002369,	322.280,	0.500
2.923,	5.645,	5.484702,	0.002740,	322.277,	0.500
3.013,	5.825,	5.616757,	0.002141,	322.273,	0.500
3.103,	6.005,	5.741634,	0.001919,	322.270,	0.500
3.193,	6.185,	5.866898,	0.002964,	322.268,	0.500
3.283,	6.361,	6.008573,	0.002938,	322.266,	0.500
3.373,	6.545,	6.169210,	0.001852,	322.260,	0.500
3.463,	6.725,	6.336013,	0.003268,	322.257,	0.500
3.553,	6.905,	6.495581,	0.003989,	322.254,	0.500
3.643,	7.085,	6.635170,	0.002382,	322.253,	0.500
3.733,	7.265,	6.746989,	0.003996,	322.247,	0.500
3.823,	7.445,	6.822712,	0.002445,	322.244,	0.500
3.913,	7.625,	6.883773,	0.001980,	322.242,	0.500
4.003,	7.801,	6.912543,	0.001034,	322.240,	0.500
4.093,	7.985,	6.915533,	0.002229,	322.234,	0.500
4.183,	8.165,	6.917689,	0.003009,	322.233,	0.500
4.273,	8.341,	6.901538,	0.002223,	322.230,	0.500
4.370,	8.536,	6.879924,	0.000114,	322.228,	0.540
4.453,	8.705,	6.852401,	0.002822,	322.222,	0.460
4.543,	8.885,	6.823020,	0.002402,	322.220,	0.500
4.633,	9.065,	6.786841,	0.000836,	322.218,	0.500
4.734,	9.281,	6.743431,	0.001295,	322.212,	0.615
4.817,	9.428,	6.708106,	0.002462,	322.210,	0.400
4.903,	9.608,	6.666931,	0.002363,	322.207,	0.495
