Lmd,  eV,  sig,    mon,    Ring,  sec
#lmd,   E,  HOYAX,  Y,  Smpl,  Det, AGC X, Y, Smpl, Det, pps
#4.25340,	291.4944,	0.000,	94.000,	88.700,	-0.062,	0.000,	76.000,	0.000,	29.999,75

4.24984,	291.7386,	3.471634,	-0.003178,	221.251,	138.140
4.25122,	291.6439,	3.458292,	0.000930,	221.250,	0.500
4.25283,	291.5335,	3.457088,	-0.000840,	221.249,	0.500
4.25444,	291.4232,	3.463421,	0.000278,	221.248,	0.500
4.25616,	291.3054,	3.480246,	0.000209,	221.246,	0.500
4.25789,	291.1871,	3.507194,	-0.000028,	221.243,	0.500
4.25973,	291.0613,	3.545027,	-0.000371,	221.243,	0.500
4.26157,	290.9356,	3.596802,	0.000207,	221.242,	0.500
4.26329,	290.8182,	3.655172,	0.000877,	221.240,	0.500
4.26502,	290.7003,	3.716574,	0.001945,	221.239,	0.500
4.26663,	290.5906,	3.788819,	-0.000136,	221.238,	0.500
4.26847,	290.4653,	3.866580,	0.001047,	221.236,	0.500
4.27019,	290.3483,	3.946102,	0.001081,	221.236,	0.500
4.27203,	290.2233,	4.026621,	0.000312,	221.232,	0.500
4.27375,	290.1064,	4.106857,	-0.000069,	221.231,	0.500
4.27548,	289.9891,	4.175849,	0.000467,	221.231,	0.500
4.27720,	289.8724,	4.244986,	0.000474,	221.229,	0.500
4.27881,	289.7634,	4.305138,	-0.000909,	221.226,	0.500
4.28054,	289.6463,	4.361477,	0.000637,	221.224,	0.500
4.28226,	289.5299,	4.414189,	-0.000315,	221.223,	0.500
4.28410,	289.4056,	4.459919,	-0.000052,	221.223,	0.500
4.28583,	289.2888,	4.501894,	-0.000982,	221.221,	0.500
4.28744,	289.1801,	4.532217,	0.000334,	221.218,	0.500
4.28916,	289.0642,	4.560234,	-0.001129,	221.219,	0.500
4.29088,	288.9483,	4.588618,	-0.000246,	221.218,	0.500
4.29261,	288.8318,	4.605930,	-0.000144,	221.215,	0.500
4.29445,	288.7081,	4.621641,	0.000196,	221.214,	0.500
4.29617,	288.5925,	4.633618,	-0.000612,	221.212,	0.500
4.29790,	288.4763,	4.645705,	0.000127,	221.212,	0.500
4.29962,	288.3609,	4.655933,	0.001226,	221.209,	0.500
4.30123,	288.2530,	4.659501,	0.000472,	221.207,	0.500
4.30296,	288.1371,	4.664124,	0.000564,	221.207,	0.500
4.30468,	288.0220,	4.664688,	-0.000862,	221.205,	0.500
4.30641,	287.9063,	4.661239,	0.000125,	221.203,	0.500
4.30813,	287.7913,	4.656539,	-0.000407,	221.201,	0.500
4.30985,	287.6765,	4.645366,	0.000325,	221.200,	0.500
4.31158,	287.5610,	4.624405,	0.000284,	221.199,	0.500
4.31330,	287.4464,	4.601039,	0.000513,	221.197,	0.500
4.31503,	287.3311,	4.564493,	0.001243,	221.196,	0.500
4.31675,	287.2166,	4.519076,	0.000693,	221.194,	0.500
4.31859,	287.0943,	4.461125,	0.000538,	221.193,	0.500
4.32032,	286.9793,	4.389840,	0.000304,	221.190,	0.500
4.32204,	286.8651,	4.310100,	-0.000545,	221.189,	0.500
4.32365,	286.7583,	4.211764,	0.000332,	221.188,	0.500
4.32538,	286.6436,	4.096119,	0.000788,	221.187,	0.500
4.32710,	286.5296,	3.968786,	-0.000674,	221.185,	0.500
4.32882,	286.4158,	3.824482,	0.000140,	221.184,	0.500
4.33055,	286.3014,	3.672592,	0.000084,	221.183,	0.500
4.33227,	286.1877,	3.524068,	0.000364,	221.182,	0.500
4.33388,	286.0814,	3.380371,	0.000762,	221.179,	0.500
4.33561,	285.9672,	3.250310,	0.000155,	221.179,	0.500
4.33733,	285.8538,	3.134830,	0.001120,	221.178,	0.500
4.33917,	285.7326,	3.033596,	-0.000297,	221.176,	0.500
4.34101,	285.6115,	2.961998,	-0.000468,	221.174,	0.500
4.34274,	285.4977,	2.923714,	0.000562,	221.172,	0.500
4.34446,	285.3847,	2.916606,	-0.000353,	221.170,	0.500
4.34607,	285.2790,	2.938251,	-0.000358,	221.170,	0.500
4.34768,	285.1733,	2.997355,	-0.000345,	221.168,	0.500
4.34940,	285.0606,	3.092664,	0.000336,	221.167,	0.500
4.35124,	284.9400,	3.242739,	0.000545,	221.164,	0.500
4.35297,	284.8268,	3.435946,	-0.000496,	221.163,	0.500
4.35469,	284.7143,	3.675590,	-0.000192,	221.162,	0.500
