Lmd,  eV,  sig,    mon,    Ring,  sec
#lmd,   E,  HOYAX,  Y,  Smpl,  Det, AGC X, Y, Smpl, Det, pps
#4.28701,	289.2091,	60.000,	22.000,	4.300,	30.000,	0.000,	-76.000,	0.000,	-0.346,150

4.28598,	289.2786,	0.452736,	-0.002318,	309.144,	179.341
4.28709,	289.2037,	0.482750,	0.000741,	309.141,	0.500
4.28824,	289.1262,	0.521768,	0.000648,	309.140,	0.500
4.28942,	289.0466,	0.558500,	0.000943,	309.134,	0.500
4.29061,	288.9665,	0.594462,	-0.000166,	309.132,	0.500
4.29176,	288.8890,	0.634259,	0.000385,	309.130,	0.500
4.29287,	288.8143,	0.677205,	0.000388,	309.128,	0.500
4.29410,	288.7316,	0.727084,	-0.000317,	309.124,	0.500
4.29525,	288.6543,	0.781159,	0.000310,	309.121,	0.500
4.29640,	288.5771,	0.834267,	0.001827,	309.118,	0.500
4.29751,	288.5025,	0.892706,	0.001008,	309.117,	0.500
4.29870,	288.4226,	0.954502,	-0.000347,	309.111,	0.500
4.29981,	288.3482,	1.012384,	0.001051,	309.109,	0.500
4.30096,	288.2711,	1.075221,	-0.000030,	309.106,	0.500
4.30215,	288.1914,	1.138541,	0.000265,	309.105,	0.500
4.30330,	288.1143,	1.192518,	0.000700,	309.099,	0.500
4.30441,	288.0400,	1.239037,	0.001975,	309.097,	0.500
4.30560,	287.9604,	1.274247,	-0.000306,	309.094,	0.500
4.30675,	287.8835,	1.291163,	0.001689,	309.092,	0.500
4.30786,	287.8094,	1.292965,	0.000732,	309.087,	0.500
4.30901,	287.7326,	1.275712,	0.000915,	309.085,	0.500
4.31020,	287.6531,	1.246952,	-0.000987,	309.082,	0.500
4.31135,	287.5764,	1.223396,	0.000788,	309.080,	0.500
4.31246,	287.5024,	1.219574,	0.000974,	309.075,	0.500
4.31364,	287.4237,	1.241754,	0.000250,	309.073,	0.500
4.31479,	287.3471,	1.293663,	0.000816,	309.071,	0.500
4.31591,	287.2725,	1.370708,	-0.000065,	309.069,	0.500
4.31709,	287.1940,	1.456052,	0.000172,	309.062,	0.500
4.31828,	287.1149,	1.536265,	0.001684,	309.060,	0.500
4.31939,	287.0411,	1.597150,	0.001297,	309.058,	0.500
4.32054,	286.9647,	1.640294,	-0.000302,	309.056,	0.500
4.32173,	286.8857,	1.646212,	0.000151,	309.052,	0.500
4.32284,	286.8120,	1.627698,	0.000461,	309.050,	0.500
4.32399,	286.7357,	1.573139,	0.000278,	309.047,	0.500
4.32518,	286.6568,	1.487042,	-0.000134,	309.045,	0.500
4.32633,	286.5806,	1.381314,	-0.000892,	309.040,	0.500
4.32744,	286.5071,	1.268206,	0.000204,	309.038,	0.500
4.32863,	286.4284,	1.137719,	-0.000272,	309.035,	0.500
4.32978,	286.3523,	1.010885,	0.000631,	309.032,	0.500
4.33089,	286.2789,	0.894540,	0.000416,	309.028,	0.500
4.33204,	286.2029,	0.783765,	0.000263,	309.027,	0.500
4.33327,	286.1217,	0.685601,	-0.000106,	309.025,	0.500
4.33438,	286.0484,	0.611142,	0.000870,	309.020,	0.500
4.33549,	285.9752,	0.559669,	-0.000405,	309.017,	0.500
4.33668,	285.8967,	0.523969,	0.000883,	309.014,	0.500
4.33779,	285.8235,	0.507807,	0.000140,	309.012,	0.500
4.33890,	285.7504,	0.507190,	0.000461,	309.009,	0.500
4.34013,	285.6694,	0.518050,	0.000390,	309.005,	0.500
4.34128,	285.5938,	0.537110,	0.001163,	309.002,	0.500
4.34243,	285.5181,	0.566735,	-0.000345,	308.999,	0.500
4.34354,	285.4452,	0.609149,	0.001402,	308.997,	0.500
4.34473,	285.3670,	0.665966,	0.000920,	308.992,	0.500
4.34584,	285.2941,	0.735936,	0.000002,	308.990,	0.500
4.34699,	285.2186,	0.826575,	0.000513,	308.987,	0.500
4.34817,	285.1412,	0.952398,	-0.000336,	308.985,	0.500
4.34936,	285.0632,	1.094959,	0.001340,	308.980,	0.500
4.35047,	284.9905,	1.256685,	0.000909,	308.978,	0.500
4.35162,	284.9151,	1.456222,	0.000310,	308.976,	0.500
4.35281,	284.8373,	1.671154,	0.000513,	308.973,	0.500
4.35388,	284.7673,	1.899276,	0.000560,	308.969,	0.500
4.35534,	284.6718,	2.223893,	-0.000026,	308.966,	0.605
4.35649,	284.5966,	2.506514,	0.000728,	308.963,	0.495
4.35760,	284.5242,	2.783413,	0.000969,	308.959,	0.495
4.35875,	284.4491,	3.087977,	0.000510,	308.956,	0.495
4.35990,	284.3741,	3.383264,	-0.000515,	308.955,	0.495
4.36101,	284.3017,	3.666777,	0.001262,	308.952,	0.495
4.36212,	284.2293,	3.940855,	0.000067,	308.947,	0.500
4.36331,	284.1518,	4.214365,	-0.001071,	308.945,	0.490
4.36446,	284.0769,	4.468208,	-0.000976,	308.942,	0.495
4.36557,	284.0047,	4.700388,	0.000015,	308.940,	0.500
4.36676,	283.9273,	4.929346,	0.000196,	308.935,	0.505
4.36791,	283.8526,	5.138745,	-0.000347,	308.933,	0.500
4.36902,	283.7804,	5.327350,	0.000347,	308.931,	0.490
4.37013,	283.7084,	5.524531,	0.001348,	308.929,	0.490
4.37132,	283.6311,	5.709260,	-0.000390,	308.927,	0.500
4.37243,	283.5591,	5.881996,	-0.000162,	308.921,	0.495
4.37354,	283.4872,	6.044611,	-0.000274,	308.919,	0.490
4.37469,	283.4126,	6.207837,	0.000495,	308.918,	0.495
4.37584,	283.3382,	6.359659,	-0.001073,	308.915,	0.490
4.37696,	283.2657,	6.503987,	-0.000310,	308.910,	0.495
4.37810,	283.1919,	6.646479,	-0.000356,	308.909,	0.495
4.37925,	283.1175,	6.788974,	0.000829,	308.905,	0.490
4.38040,	283.0432,	6.913608,	0.000036,	308.904,	0.500
4.38155,	282.9689,	7.045808,	-0.001066,	308.899,	0.505
4.38278,	282.8895,	7.178917,	0.000263,	308.896,	0.540
4.38393,	282.8153,	7.291282,	0.001697,	308.894,	0.500
4.38504,	282.7437,	7.401001,	0.000894,	308.891,	0.490
4.38619,	282.6696,	7.516244,	0.000926,	308.888,	0.490
4.38738,	282.5929,	7.634844,	-0.000351,	308.885,	0.505
