Smpl, Det, sig,    mon,    Ring,  sec
#lmd,   E,  HOYAX,  Y,  Smpl,  Det, AGC X, Y, Smpl, Det, ppsSmpl, ppsDet
#6.70012,	185.0478,	60.000,	22.000,	4.300,	30.000,	-52.700,	35.000,	9.983,	19.764,200,200

-1.184,	-2.570,	-0.000930,	-0.001310,	317.739,	35.630
-0.994,	-2.185,	-0.001895,	0.001824,	317.734,	0.535
-0.814,	-1.829,	-0.002285,	0.001829,	317.732,	0.495
-0.641,	-1.476,	-0.001590,	0.002318,	317.728,	0.485
-0.464,	-1.127,	3.097031,	0.001473,	317.727,	0.490
-0.284,	-0.767,	3.954118,	0.002277,	317.721,	0.495
-0.094,	-0.382,	3.786746,	0.001368,	317.720,	0.535
0.086,	-0.029,	3.187440,	0.002382,	317.717,	0.495
0.259,	0.317,	2.878329,	0.001781,	317.715,	0.480
0.436,	0.673,	3.074027,	0.002945,	317.709,	0.490
0.616,	1.030,	3.293035,	0.001803,	317.706,	0.500
0.806,	1.415,	3.619294,	0.000956,	317.703,	0.530
0.986,	1.771,	4.158839,	0.002307,	317.701,	0.495
1.159,	2.120,	4.236679,	0.002199,	317.697,	0.490
1.336,	2.473,	4.243228,	0.002662,	317.695,	0.485
1.516,	2.833,	4.250763,	0.002410,	317.692,	0.500
1.706,	3.218,	4.262248,	0.003244,	317.690,	0.535
1.883,	3.564,	4.210014,	0.002690,	317.685,	0.485
2.059,	3.917,	4.192564,	0.002578,	317.682,	0.490
2.236,	4.270,	4.357949,	0.003018,	317.679,	0.490
2.416,	4.630,	4.587966,	0.002652,	317.677,	0.500
2.606,	5.015,	4.895405,	0.000472,	317.672,	0.535
2.783,	5.368,	5.161028,	0.001590,	317.669,	0.490
2.959,	5.720,	5.441782,	0.001680,	317.666,	0.485
3.136,	6.070,	5.685354,	0.002346,	317.664,	0.490
3.316,	6.430,	5.958551,	0.002848,	317.659,	0.500
3.506,	6.815,	6.300448,	0.001219,	317.656,	0.535
3.683,	7.168,	6.565564,	0.002204,	317.655,	0.490
3.859,	7.517,	6.736210,	0.002447,	317.652,	0.485
4.036,	7.870,	6.806735,	0.002516,	317.647,	0.490
4.216,	8.230,	6.807728,	0.003179,	317.644,	0.500
4.406,	8.615,	6.764639,	0.001605,	317.642,	0.535
4.583,	8.964,	6.707275,	0.002822,	317.640,	0.485
4.759,	9.320,	6.634009,	0.002611,	317.634,	0.495
4.936,	9.673,	6.555923,	0.003240,	317.632,	0.490
5.116,	10.030,	6.470659,	0.002214,	317.629,	0.490
5.306,	10.415,	6.372009,	0.002337,	317.627,	0.540
5.486,	10.775,	6.275780,	0.001506,	317.622,	0.500
5.663,	11.128,	6.178287,	0.002624,	317.619,	0.490
5.839,	11.477,	6.076003,	0.003072,	317.618,	0.485
6.016,	11.830,	5.969003,	0.002458,	317.615,	0.490
6.206,	12.215,	5.844223,	0.001417,	317.610,	0.535
6.383,	12.564,	5.723626,	0.001928,	317.607,	0.485
6.559,	12.924,	5.589051,	0.002279,	317.605,	0.495
6.736,	13.270,	5.448093,	0.002596,	317.603,	0.485
6.916,	13.630,	5.298368,	0.003111,	317.597,	0.500
7.106,	14.015,	5.118982,	0.002385,	317.595,	0.535
7.283,	14.364,	4.947185,	0.001827,	317.592,	0.485
7.459,	14.720,	4.758813,	0.002344,	317.589,	0.495
7.636,	15.073,	4.550338,	0.002662,	317.585,	0.490
7.816,	15.430,	4.320840,	0.002893,	317.583,	0.495
8.006,	15.815,	4.050898,	0.001592,	317.580,	0.535
8.183,	16.171,	3.778846,	0.002352,	317.577,	0.495
8.359,	16.520,	3.480618,	0.002279,	317.573,	0.485
8.536,	16.870,	3.156857,	0.001874,	317.571,	0.485
8.716,	17.233,	2.801087,	0.003724,	317.568,	0.505
8.910,	17.618,	2.403932,	0.001277,	317.565,	0.535
9.086,	17.968,	2.042905,	0.002565,	317.561,	0.485
9.259,	18.320,	1.698521,	0.001889,	317.558,	0.490
9.443,	18.684,	1.381433,	0.001460,	317.556,	0.505
9.619,	19.040,	1.133728,	0.001704,	317.554,	0.495
9.810,	19.418,	0.937799,	0.001796,	317.549,	0.525
9.986,	19.771,	0.827841,	0.002516,	317.547,	0.490
