Smpl, Det, sig,    mon,    Ring,  sec
#lmd,   E,  HOYAX,  Y,  Smpl,  Det, AGC X, Y, Smpl, Det, ppsSmpl, ppsDet
#6.70012,	185.0478,	60.000,	22.000,	4.300,	30.000,	-52.700,	35.000,	4.936,	9.670,200,200

-1.170,	-2.538,	-0.000888,	-0.001752,	319.583,	107.175
-0.983,	-2.167,	-0.002127,	0.001896,	319.579,	0.520
-0.810,	-1.814,	-0.001961,	0.002397,	319.577,	0.490
-0.630,	-1.458,	-0.001162,	0.002447,	319.573,	0.495
-0.450,	-1.094,	4.415644,	0.002255,	319.568,	0.505
-0.270,	-0.738,	5.222967,	0.001544,	319.566,	0.495
-0.083,	-0.367,	4.961052,	0.001165,	319.563,	0.515
0.090,	-0.018,	4.395359,	0.003031,	319.561,	0.485
0.270,	0.346,	4.143905,	0.000991,	319.557,	0.505
0.450,	0.706,	4.217977,	0.002514,	319.555,	0.500
0.630,	1.062,	4.210424,	0.002906,	319.551,	0.495
0.817,	1.433,	4.423765,	0.003367,	319.550,	0.515
0.990,	1.782,	4.378054,	0.002871,	319.545,	0.485
1.170,	2.142,	5.045784,	0.002755,	319.542,	0.500
1.350,	2.506,	5.384448,	0.002051,	319.540,	0.505
1.530,	2.866,	5.419723,	0.002257,	319.538,	0.500
1.717,	3.233,	5.419336,	0.002033,	319.532,	0.510
1.890,	3.582,	5.418918,	0.002288,	319.530,	0.485
2.070,	3.942,	5.390925,	0.003386,	319.526,	0.500
2.250,	4.306,	5.414561,	0.002846,	319.524,	0.505
2.430,	4.662,	5.476152,	0.002802,	319.521,	0.495
2.617,	5.033,	5.383854,	0.002561,	319.517,	0.515
2.790,	5.382,	5.331944,	0.002458,	319.514,	0.485
2.970,	5.742,	5.380574,	0.002953,	319.511,	0.500
3.150,	6.102,	5.478935,	0.002038,	319.507,	0.500
3.330,	6.466,	5.578395,	0.003658,	319.504,	0.505
3.510,	6.822,	5.676290,	0.001988,	319.500,	0.495
3.697,	7.200,	5.777185,	0.002033,	319.499,	0.525
3.870,	7.542,	5.873739,	0.002428,	319.493,	0.475
4.050,	7.902,	5.954978,	0.003143,	319.491,	0.500
4.230,	8.262,	6.042891,	0.002432,	319.488,	0.500
4.410,	8.622,	6.127006,	0.001654,	319.486,	0.500
4.597,	9.000,	6.196648,	0.001855,	319.481,	0.525
4.770,	9.342,	6.293964,	0.003421,	319.478,	0.475
4.950,	9.702,	6.393701,	0.002641,	319.476,	0.500
