Smpl, Det, sig,    mon,    Ring,  sec
#lmd,   E,  HOYAX,  Y,  Smpl,  Det, AGC X, Y, Smpl, Det, pps
#6.65720,	186.2408,	-5.799,	15.000,	84.000,	173.035,	0.000,	76.000,	0.000,	29.999,100

84.000,	166.999,	0.000362,	-0.002066,	219.724,	36.260
84.000,	167.011,	0.001618,	-0.000858,	219.722,	0.510
84.000,	167.023,	0.001437,	-0.000593,	219.721,	0.490
84.000,	167.035,	0.001019,	-0.000315,	219.720,	0.500
84.000,	167.047,	0.002023,	-0.001719,	219.719,	0.500
84.000,	167.059,	0.000922,	0.000105,	219.717,	0.500
84.000,	167.071,	0.001189,	-0.000666,	219.716,	0.500
84.000,	167.086,	0.001303,	-0.000685,	219.715,	0.540
84.000,	167.095,	0.001043,	-0.000789,	219.713,	0.460
84.000,	167.107,	0.001743,	-0.000420,	219.711,	0.500
84.000,	167.119,	0.000847,	-0.000381,	219.710,	0.500
84.000,	167.131,	0.000864,	-0.000435,	219.708,	0.500
84.000,	167.143,	0.000368,	-0.000409,	219.707,	0.500
84.000,	167.158,	0.001368,	-0.001049,	219.705,	0.535
84.000,	167.167,	0.001430,	-0.000229,	219.703,	0.465
84.000,	167.179,	0.001157,	-0.000903,	219.703,	0.500
84.000,	167.191,	-0.000017,	-0.000381,	219.702,	0.500
84.000,	167.203,	0.001926,	-0.000308,	219.698,	0.500
84.000,	167.215,	0.000905,	-0.000625,	219.698,	0.500
84.000,	167.230,	0.001650,	-0.000226,	219.696,	0.545
84.000,	167.239,	0.000946,	-0.001446,	219.696,	0.455
84.000,	167.251,	0.000987,	-0.000642,	219.694,	0.500
84.000,	167.263,	0.001243,	0.000706,	219.692,	0.500
84.000,	167.275,	0.001155,	-0.000519,	219.690,	0.500
84.000,	167.287,	0.002120,	0.000245,	219.690,	0.500
84.000,	167.299,	0.001435,	-0.000121,	219.688,	0.500
84.000,	167.311,	0.001579,	0.000060,	219.685,	0.500
84.000,	167.323,	0.001148,	-0.001071,	219.685,	0.500
84.000,	167.335,	0.000782,	-0.001551,	219.684,	0.500
84.000,	167.347,	0.001000,	-0.001370,	219.681,	0.500
84.000,	167.359,	0.001094,	-0.000287,	219.681,	0.500
84.000,	167.371,	0.000558,	-0.001334,	219.679,	0.500
84.000,	167.383,	0.000590,	-0.000603,	219.677,	0.500
84.000,	167.395,	0.001318,	0.000164,	219.675,	0.500
84.000,	167.407,	0.001308,	-0.000728,	219.674,	0.500
84.000,	167.422,	0.000385,	-0.000674,	219.673,	0.545
84.000,	167.431,	0.001685,	-0.001176,	219.672,	0.455
84.000,	167.443,	0.001708,	0.000291,	219.669,	0.500
84.000,	167.458,	0.001249,	-0.001437,	219.668,	0.525
84.000,	167.467,	0.001816,	-0.000881,	219.667,	0.475
84.000,	167.479,	0.000222,	-0.000048,	219.667,	0.500
84.000,	167.491,	0.001362,	-0.000050,	219.664,	0.500
84.000,	167.503,	0.001381,	0.000254,	219.662,	0.500
84.000,	167.515,	0.000418,	-0.001674,	219.662,	0.500
84.000,	167.527,	0.001215,	-0.000252,	219.661,	0.500
84.000,	167.539,	0.001353,	-0.000629,	219.658,	0.500
84.000,	167.554,	0.000646,	0.000103,	219.658,	0.540
84.000,	167.563,	0.000823,	0.000226,	219.657,	0.460
84.000,	167.575,	0.001532,	-0.000063,	219.654,	0.500
84.000,	167.587,	0.001150,	0.000422,	219.653,	0.500
84.000,	167.599,	0.001721,	-0.000733,	219.651,	0.500
84.000,	167.611,	0.000870,	-0.001334,	219.649,	0.500
84.000,	167.623,	0.001631,	-0.000642,	219.650,	0.500
84.000,	167.635,	0.001758,	-0.000543,	219.647,	0.500
84.000,	167.647,	0.000554,	-0.000054,	219.647,	0.500
84.000,	167.659,	0.001252,	-0.000845,	219.645,	0.500
84.000,	167.671,	0.000183,	-0.000821,	219.644,	0.500
84.000,	167.683,	0.001745,	-0.000802,	219.641,	0.500
84.000,	167.695,	0.001368,	-0.000446,	219.640,	0.500
84.000,	167.707,	0.001726,	-0.000050,	219.639,	0.500
84.000,	167.719,	0.001704,	-0.000313,	219.638,	0.500
84.000,	167.731,	0.000487,	-0.000517,	219.635,	0.500
84.000,	167.743,	0.001510,	-0.000071,	219.634,	0.500
84.000,	167.755,	0.001099,	0.000584,	219.633,	0.500
84.000,	167.767,	0.001721,	-0.000088,	219.632,	0.500
84.000,	167.779,	0.001198,	-0.000513,	219.630,	0.500
84.000,	167.791,	0.001288,	-0.001288,	219.629,	0.505
84.000,	167.803,	0.001163,	-0.000209,	219.628,	0.495
84.000,	167.815,	0.001943,	0.000241,	219.626,	0.500
84.000,	167.827,	0.001465,	0.000196,	219.623,	0.500
84.000,	167.839,	0.002122,	-0.000524,	219.623,	0.500
84.000,	167.851,	0.002652,	-0.001334,	219.622,	0.500
84.000,	167.863,	0.000812,	-0.001155,	219.621,	0.500
84.000,	167.878,	0.001308,	-0.000810,	219.618,	0.540
84.000,	167.887,	0.002226,	-0.000250,	219.617,	0.460
84.000,	167.899,	0.001984,	-0.001603,	219.616,	0.500
84.000,	167.911,	0.002409,	-0.000519,	219.615,	0.500
84.000,	167.923,	0.002917,	-0.000517,	219.613,	0.500
84.000,	167.935,	0.002204,	-0.000963,	219.613,	0.500
84.000,	167.947,	0.001252,	-0.001133,	219.610,	0.500
84.000,	167.959,	0.001685,	-0.000718,	219.610,	0.500
84.000,	167.971,	0.001952,	-0.000989,	219.607,	0.500
84.000,	167.983,	0.001769,	-0.001650,	219.606,	0.500
84.000,	167.995,	0.001073,	0.000952,	219.605,	0.500
84.000,	168.010,	0.001228,	-0.001153,	219.603,	0.540
84.000,	168.019,	0.001469,	-0.000946,	219.602,	0.460
84.000,	168.031,	0.001405,	-0.000155,	219.600,	0.500
84.000,	168.043,	0.002997,	0.000491,	219.599,	0.500
84.000,	168.055,	0.003880,	-0.000569,	219.598,	0.500
84.000,	168.067,	0.012650,	-0.002486,	219.595,	0.500
84.000,	168.079,	0.030354,	0.000174,	219.593,	0.500
84.000,	168.091,	0.046456,	-0.000310,	219.594,	0.500
84.000,	168.103,	0.061458,	0.000672,	219.592,	0.500
84.000,	168.115,	0.069691,	-0.001202,	219.589,	0.500
84.000,	168.127,	0.070424,	-0.001534,	219.587,	0.505
84.000,	168.139,	0.071227,	-0.000319,	219.587,	0.495
84.000,	168.151,	0.070292,	-0.000140,	219.586,	0.500
84.000,	168.163,	0.070342,	-0.000043,	219.584,	0.500
84.000,	168.175,	0.071479,	0.000142,	219.583,	0.500
84.000,	168.187,	0.069495,	-0.001353,	219.582,	0.505
84.000,	168.199,	0.071264,	-0.000636,	219.581,	0.495
84.000,	168.211,	0.070717,	-0.000181,	219.579,	0.500
84.000,	168.223,	0.070889,	-0.000530,	219.577,	0.500
84.000,	168.235,	0.071859,	0.000028,	219.576,	0.500
84.000,	168.247,	0.071066,	-0.000405,	219.575,	0.500
84.000,	168.259,	0.070378,	-0.001633,	219.573,	0.505
84.000,	168.274,	0.071342,	-0.000416,	219.571,	0.535
84.000,	168.283,	0.072359,	-0.000226,	219.570,	0.460
84.000,	168.295,	0.071689,	-0.000280,	219.570,	0.500
84.000,	168.307,	0.071831,	-0.000636,	219.567,	0.500
84.000,	168.319,	0.071258,	0.000235,	219.566,	0.500
84.000,	168.331,	0.070648,	-0.000300,	219.564,	0.505
84.000,	168.343,	0.071507,	-0.000858,	219.563,	0.495
84.000,	168.355,	0.070596,	-0.000830,	219.561,	0.500
84.000,	168.367,	0.070960,	-0.001088,	219.560,	0.500
84.000,	168.379,	0.070896,	-0.000039,	219.560,	0.500
84.000,	168.391,	0.070452,	-0.001140,	219.558,	0.505
84.000,	168.403,	0.070674,	0.000103,	219.556,	0.495
84.000,	168.415,	0.070704,	-0.000095,	219.554,	0.500
84.000,	168.427,	0.070777,	-0.000812,	219.553,	0.500
84.000,	168.439,	0.071021,	-0.000278,	219.552,	0.500
84.000,	168.451,	0.070350,	-0.000724,	219.550,	0.505
84.000,	168.463,	0.071077,	-0.000825,	219.549,	0.495
84.000,	168.475,	0.070723,	-0.000422,	219.547,	0.500
84.000,	168.487,	0.070012,	-0.000754,	219.546,	0.500
84.000,	168.499,	0.070762,	-0.000866,	219.544,	0.500
84.000,	168.511,	0.070441,	-0.001788,	219.543,	0.505
84.000,	168.523,	0.070363,	-0.000832,	219.542,	0.495
84.000,	168.535,	0.070452,	-0.001189,	219.541,	0.500
84.000,	168.547,	0.072128,	0.000603,	219.539,	0.500
84.000,	168.559,	0.070725,	-0.000444,	219.537,	0.500
84.000,	168.571,	0.071910,	0.000312,	219.537,	0.500
84.000,	168.583,	0.070758,	-0.000877,	219.535,	0.510
84.000,	168.595,	0.071219,	-0.000151,	219.532,	0.490
84.000,	168.607,	0.069954,	-0.000356,	219.531,	0.500
84.000,	168.619,	0.070779,	-0.000970,	219.531,	0.500
84.000,	168.631,	0.071434,	-0.000860,	219.530,	0.500
84.000,	168.643,	0.070385,	-0.000037,	219.528,	0.510
84.000,	168.655,	0.071374,	0.000424,	219.526,	0.490
84.000,	168.667,	0.071632,	-0.000627,	219.526,	0.500
84.000,	168.679,	0.071704,	0.001131,	219.524,	0.500
84.000,	168.691,	0.071419,	-0.001123,	219.521,	0.500
84.000,	168.703,	0.069920,	-0.000409,	219.520,	0.510
84.000,	168.715,	0.070842,	-0.000870,	219.519,	0.490
84.000,	168.727,	0.071027,	0.001154,	219.518,	0.500
84.000,	168.739,	0.070997,	-0.000694,	219.515,	0.500
84.000,	168.751,	0.070562,	-0.000733,	219.515,	0.500
84.000,	168.763,	0.071596,	0.000030,	219.513,	0.500
84.000,	168.775,	0.070217,	-0.001110,	219.512,	0.510
84.000,	168.787,	0.071428,	-0.000379,	219.510,	0.490
84.000,	168.799,	0.071031,	0.001258,	219.509,	0.500
84.000,	168.811,	0.071359,	0.001267,	219.507,	0.500
84.000,	168.823,	0.070549,	-0.000127,	219.507,	0.500
84.000,	168.835,	0.071016,	-0.000597,	219.504,	0.510
84.000,	168.847,	0.071889,	-0.000030,	219.503,	0.490
84.000,	168.859,	0.071626,	-0.000252,	219.503,	0.500
84.000,	168.871,	0.071482,	-0.001594,	219.500,	0.500
84.000,	168.883,	0.071098,	-0.000209,	219.499,	0.500
84.000,	168.895,	0.070812,	-0.000272,	219.498,	0.510
84.000,	168.907,	0.071622,	-0.000213,	219.496,	0.490
84.000,	168.919,	0.072496,	0.000181,	219.494,	0.500
84.000,	168.931,	0.071908,	0.000092,	219.492,	0.500
84.000,	168.943,	0.072119,	-0.000802,	219.492,	0.500
84.000,	168.958,	0.070402,	-0.001866,	219.492,	0.510
84.000,	168.967,	0.071626,	-0.000692,	219.490,	0.490
84.000,	168.979,	0.071607,	-0.000638,	219.486,	0.500
84.000,	168.991,	0.070842,	-0.000453,	219.486,	0.500
84.000,	169.003,	0.071676,	-0.001385,	219.485,	0.500
84.000,	169.015,	0.070562,	0.000493,	219.485,	0.515
84.000,	169.027,	0.071523,	-0.000069,	219.482,	0.485
84.000,	169.039,	0.071318,	0.000422,	219.482,	0.500
84.000,	169.051,	0.071697,	-0.000519,	219.480,	0.500
84.000,	169.063,	0.071790,	0.000573,	219.478,	0.500
84.000,	169.075,	0.072156,	-0.001161,	219.477,	0.500
84.000,	169.087,	0.071344,	-0.000461,	219.475,	0.515
84.000,	169.099,	0.072863,	-0.000597,	219.474,	0.485
84.000,	169.111,	0.071350,	-0.000918,	219.472,	0.500
84.000,	169.123,	0.071783,	-0.000711,	219.471,	0.500
84.000,	169.135,	0.071783,	-0.000405,	219.468,	0.500
84.000,	169.147,	0.071210,	-0.000853,	219.468,	0.500
84.000,	169.162,	0.071568,	-0.000855,	219.467,	0.520
84.000,	169.171,	0.071766,	0.000092,	219.464,	0.480
84.000,	169.183,	0.072305,	-0.000827,	219.463,	0.500
84.000,	169.195,	0.071650,	-0.000409,	219.462,	0.500
84.000,	169.207,	0.071294,	0.000045,	219.461,	0.500
84.000,	169.219,	0.071268,	-0.000750,	219.459,	0.515
84.000,	169.231,	0.072785,	-0.000149,	219.457,	0.485
84.000,	169.243,	0.072324,	0.001006,	219.456,	0.500
84.000,	169.255,	0.071615,	-0.000625,	219.455,	0.500
84.000,	169.267,	0.073242,	0.000482,	219.453,	0.500
84.000,	169.279,	0.071292,	-0.001034,	219.451,	0.515
84.000,	169.291,	0.072339,	-0.000149,	219.451,	0.485
84.000,	169.303,	0.072802,	0.001146,	219.450,	0.500
84.000,	169.315,	0.072815,	0.000286,	219.448,	0.500
84.000,	169.327,	0.072169,	-0.000694,	219.446,	0.500
84.000,	169.342,	0.072037,	-0.000030,	219.445,	0.520
84.000,	169.351,	0.073067,	0.000377,	219.443,	0.480
84.000,	169.363,	0.072283,	0.000028,	219.440,	0.500
84.000,	169.375,	0.072559,	-0.000160,	219.440,	0.500
84.000,	169.387,	0.072505,	-0.001079,	219.439,	0.500
84.000,	169.402,	0.071382,	-0.000035,	219.438,	0.520
84.000,	169.411,	0.071305,	-0.000257,	219.435,	0.480
84.000,	169.423,	0.071882,	-0.000575,	219.435,	0.500
84.000,	169.435,	0.072040,	-0.000595,	219.434,	0.500
84.000,	169.447,	0.071402,	0.000534,	219.433,	0.500
84.000,	169.462,	0.071800,	-0.001889,	219.431,	0.515
84.000,	169.471,	0.071191,	-0.000530,	219.429,	0.485
84.000,	169.483,	0.071585,	-0.000804,	219.429,	0.500
84.000,	169.495,	0.072119,	0.000172,	219.428,	0.500
84.000,	169.507,	0.071721,	-0.000802,	219.424,	0.500
84.000,	169.519,	0.070947,	-0.001196,	219.423,	0.515
84.000,	169.531,	0.071632,	-0.000571,	219.422,	0.485
84.000,	169.543,	0.071344,	-0.001650,	219.420,	0.500
84.000,	169.555,	0.071785,	-0.000924,	219.418,	0.500
84.000,	169.567,	0.070773,	-0.001278,	219.418,	0.500
84.000,	169.579,	0.070747,	-0.000644,	219.416,	0.500
84.000,	169.594,	0.072626,	-0.000860,	219.415,	0.530
84.000,	169.603,	0.071522,	-0.001062,	219.414,	0.475
84.000,	169.615,	0.071863,	0.000026,	219.411,	0.495
84.000,	169.627,	0.070902,	-0.000325,	219.411,	0.500
84.000,	169.639,	0.070626,	-0.001168,	219.409,	0.500
84.000,	169.651,	0.071643,	-0.000280,	219.407,	0.515
84.000,	169.663,	0.071109,	-0.000379,	219.406,	0.485
84.000,	169.675,	0.071527,	-0.000002,	219.405,	0.500
84.000,	169.687,	0.070893,	0.000377,	219.404,	0.500
84.000,	169.699,	0.071038,	0.000250,	219.402,	0.520
84.000,	169.711,	0.071264,	-0.000942,	219.400,	0.480
84.000,	169.726,	0.069663,	-0.000978,	219.399,	0.520
84.000,	169.735,	0.070206,	-0.000513,	219.398,	0.480
84.000,	169.747,	0.070717,	-0.001051,	219.395,	0.500
84.000,	169.759,	0.070971,	0.000648,	219.395,	0.500
84.000,	169.771,	0.071826,	0.000220,	219.394,	0.500
84.000,	169.783,	0.070148,	-0.001151,	219.393,	0.520
84.000,	169.795,	0.070792,	-0.000498,	219.390,	0.480
84.000,	169.807,	0.071361,	-0.000668,	219.389,	0.500
84.000,	169.819,	0.070452,	-0.001366,	219.388,	0.500
84.000,	169.831,	0.070900,	-0.001187,	219.387,	0.500
84.000,	169.843,	0.071397,	-0.001015,	219.385,	0.520
84.000,	169.855,	0.071337,	-0.000519,	219.384,	0.480
84.000,	169.867,	0.070833,	-0.001280,	219.384,	0.500
84.000,	169.879,	0.069594,	0.000071,	219.382,	0.500
84.000,	169.891,	0.071201,	-0.000446,	219.379,	0.500
84.000,	169.903,	0.070094,	-0.000612,	219.377,	0.520
84.000,	169.915,	0.070174,	-0.001088,	219.377,	0.480
84.000,	169.927,	0.070620,	0.000413,	219.375,	0.500
84.000,	169.939,	0.070745,	-0.000144,	219.373,	0.500
84.000,	169.951,	0.071441,	-0.001717,	219.371,	0.500
84.000,	169.966,	0.070055,	-0.001866,	219.370,	0.520
84.000,	169.975,	0.071225,	-0.000629,	219.370,	0.480
84.000,	169.987,	0.070956,	-0.000577,	219.367,	0.500
84.000,	170.002,	0.070100,	0.000043,	219.366,	0.555
84.000,	170.014,	0.070383,	-0.000935,	219.364,	0.475
84.000,	170.023,	0.070460,	0.000388,	219.363,	0.480
84.000,	170.038,	0.070040,	-0.000235,	219.362,	0.520
84.000,	170.047,	0.071413,	0.000424,	219.359,	0.475
84.000,	170.059,	0.070829,	-0.000763,	219.359,	0.495
84.000,	170.071,	0.071662,	-0.000778,	219.358,	0.500
84.000,	170.083,	0.070505,	-0.000442,	219.356,	0.500
84.000,	170.095,	0.069771,	-0.000446,	219.355,	0.525
84.000,	170.107,	0.071348,	-0.000827,	219.354,	0.480
84.000,	170.119,	0.070087,	-0.000082,	219.353,	0.495
84.000,	170.131,	0.070695,	-0.000741,	219.350,	0.500
84.000,	170.143,	0.069965,	0.000347,	219.349,	0.500
84.000,	170.158,	0.069167,	-0.000937,	219.347,	0.525
84.000,	170.167,	0.070284,	-0.000692,	219.346,	0.475
84.000,	170.179,	0.070704,	-0.000558,	219.344,	0.500
84.000,	170.191,	0.070941,	-0.000612,	219.342,	0.500
84.000,	170.203,	0.069555,	-0.000369,	219.341,	0.500
84.000,	170.215,	0.070329,	-0.001209,	219.340,	0.500
84.000,	170.227,	0.070432,	-0.001166,	219.338,	0.525
84.000,	170.239,	0.070814,	-0.000649,	219.338,	0.480
84.000,	170.251,	0.069269,	-0.001032,	219.336,	0.495
84.000,	170.263,	0.067929,	0.000220,	219.334,	0.500
84.000,	170.275,	0.061534,	-0.000321,	219.333,	0.500
84.000,	170.287,	0.041638,	-0.000819,	219.331,	0.525
84.000,	170.299,	0.025584,	0.000099,	219.330,	0.480
84.000,	170.311,	0.010191,	0.000123,	219.328,	0.495
84.000,	170.323,	0.002874,	-0.001306,	219.327,	0.500
84.000,	170.335,	0.001570,	-0.000840,	219.326,	0.500
84.000,	170.350,	0.001032,	-0.000569,	219.325,	0.525
84.000,	170.359,	0.001810,	-0.000474,	219.323,	0.480
84.000,	170.371,	0.001803,	0.000308,	219.320,	0.495
84.000,	170.383,	0.003120,	-0.000455,	219.319,	0.500
84.000,	170.395,	0.003581,	0.001234,	219.318,	0.500
84.000,	170.407,	0.003592,	-0.001179,	219.317,	0.500
84.000,	170.422,	0.003098,	-0.001825,	219.316,	0.525
84.000,	170.431,	0.002499,	-0.000898,	219.315,	0.480
84.000,	170.443,	0.002042,	-0.000806,	219.312,	0.495
84.000,	170.455,	0.002881,	-0.000233,	219.311,	0.500
84.000,	170.467,	0.002012,	-0.000528,	219.309,	0.500
84.000,	170.482,	0.001038,	-0.000192,	219.309,	0.525
84.000,	170.491,	0.002014,	-0.001530,	219.307,	0.480
84.000,	170.503,	0.001364,	0.000351,	219.306,	0.495
84.000,	170.515,	0.001413,	-0.000875,	219.304,	0.500
84.000,	170.527,	0.002585,	-0.000847,	219.303,	0.500
84.000,	170.542,	0.001015,	-0.001161,	219.302,	0.530
84.000,	170.551,	0.001545,	-0.001252,	219.300,	0.480
84.000,	170.563,	0.001741,	0.000080,	219.298,	0.490
84.000,	170.575,	0.001840,	-0.000834,	219.296,	0.500
84.000,	170.587,	0.002350,	0.000310,	219.295,	0.500
84.000,	170.602,	0.000825,	-0.001092,	219.294,	0.530
84.000,	170.611,	0.001411,	-0.000276,	219.292,	0.485
84.000,	170.623,	0.002029,	-0.000250,	219.291,	0.485
84.000,	170.635,	0.001338,	-0.000278,	219.290,	0.500
84.000,	170.647,	0.002478,	0.000769,	219.289,	0.500
84.000,	170.662,	0.001010,	-0.000390,	219.287,	0.535
84.000,	170.671,	0.001004,	-0.000297,	219.285,	0.485
84.000,	170.683,	0.001898,	-0.001118,	219.284,	0.480
84.000,	170.695,	0.001282,	-0.000502,	219.284,	0.500
84.000,	170.707,	0.001950,	-0.000982,	219.282,	0.500
84.000,	170.722,	0.001094,	-0.001749,	219.281,	0.530
84.000,	170.731,	0.001484,	-0.000235,	219.278,	0.485
84.000,	170.743,	0.000847,	-0.001051,	219.278,	0.485
84.000,	170.755,	0.001607,	-0.000369,	219.276,	0.500
84.000,	170.767,	0.001140,	0.000273,	219.275,	0.500
84.000,	170.779,	0.000461,	0.000260,	219.274,	0.530
84.000,	170.791,	0.001346,	-0.001717,	219.273,	0.485
84.000,	170.803,	0.001833,	-0.001435,	219.271,	0.490
84.000,	170.815,	0.001902,	-0.000056,	219.270,	0.495
84.000,	170.827,	0.001293,	0.000728,	219.269,	0.500
84.000,	170.842,	0.000280,	-0.000771,	219.267,	0.530
84.000,	170.854,	0.002060,	-0.000358,	219.265,	0.495
84.000,	170.863,	0.001316,	-0.000702,	219.263,	0.480
84.000,	170.875,	0.001795,	-0.000909,	219.262,	0.495
84.000,	170.887,	0.001588,	-0.000750,	219.261,	0.500
84.000,	170.902,	0.000368,	0.000301,	219.259,	0.540
84.000,	170.911,	0.001872,	0.000493,	219.258,	0.485
84.000,	170.923,	0.001215,	-0.001013,	219.256,	0.485
84.000,	170.935,	0.000974,	-0.001788,	219.255,	0.490
84.000,	170.947,	0.002316,	-0.000950,	219.253,	0.500
84.000,	170.962,	0.001297,	-0.000696,	219.252,	0.530
84.000,	170.971,	0.000978,	-0.000267,	219.251,	0.485
84.000,	170.983,	0.001616,	-0.001181,	219.250,	0.485
84.000,	170.995,	0.000965,	-0.000276,	219.247,	0.500
84.000,	171.007,	0.000767,	0.000118,	219.246,	0.500
84.000,	171.022,	0.000678,	-0.001698,	219.245,	0.535
84.000,	171.034,	0.001909,	0.000030,	219.245,	0.485
84.000,	171.043,	0.000989,	-0.000185,	219.241,	0.485
84.000,	171.055,	0.001564,	-0.000263,	219.241,	0.495
84.000,	171.067,	0.001536,	-0.000181,	219.238,	0.500
84.000,	171.082,	0.001137,	-0.001683,	219.237,	0.530
84.000,	171.091,	0.000756,	-0.001512,	219.235,	0.490
84.000,	171.103,	0.001271,	-0.001553,	219.234,	0.480
84.000,	171.115,	0.001711,	-0.000980,	219.233,	0.500
84.000,	171.127,	0.001081,	-0.000173,	219.232,	0.500
84.000,	171.142,	0.000635,	-0.000804,	219.230,	0.535
84.000,	171.151,	0.001555,	0.000508,	219.228,	0.485
84.000,	171.163,	0.001922,	-0.000011,	219.227,	0.490
84.000,	171.175,	0.001258,	-0.000086,	219.226,	0.490
84.000,	171.187,	0.000366,	-0.001581,	219.223,	0.500
84.000,	171.202,	0.000347,	-0.001174,	219.223,	0.535
84.000,	171.211,	0.001105,	0.000482,	219.222,	0.490
84.000,	171.223,	0.002096,	0.000064,	219.220,	0.485
84.000,	171.235,	0.002469,	-0.000263,	219.218,	0.490
84.000,	171.247,	0.001043,	-0.001521,	219.217,	0.500
84.000,	171.262,	0.000476,	-0.001196,	219.216,	0.535
84.000,	171.271,	0.001784,	-0.000207,	219.216,	0.490
84.000,	171.283,	0.001105,	-0.000091,	219.213,	0.490
84.000,	171.295,	0.000961,	-0.001252,	219.212,	0.485
84.000,	171.307,	0.001405,	0.000056,	219.211,	0.500
84.000,	171.322,	0.000179,	-0.001314,	219.210,	0.540
84.000,	171.331,	0.002234,	-0.000056,	219.208,	0.490
84.000,	171.346,	0.001937,	-0.000894,	219.207,	0.490
84.000,	171.355,	0.000594,	-0.000840,	219.205,	0.490
84.000,	171.367,	0.001043,	-0.001204,	219.204,	0.490
84.000,	171.382,	0.000663,	-0.000879,	219.202,	0.540
84.000,	171.391,	0.001603,	-0.000261,	219.201,	0.490
84.000,	171.403,	0.001019,	-0.000136,	219.199,	0.490
84.000,	171.415,	0.001254,	-0.000584,	219.197,	0.495
84.000,	171.427,	0.001433,	-0.000825,	219.196,	0.490
84.000,	171.442,	0.001174,	-0.000776,	219.196,	0.535
84.000,	171.454,	0.001066,	-0.000379,	219.194,	0.490
84.000,	171.466,	0.000683,	-0.000500,	219.192,	0.495
84.000,	171.478,	0.001471,	0.000441,	219.190,	0.490
84.000,	171.487,	0.000890,	-0.000265,	219.188,	0.495
84.000,	171.502,	0.000786,	-0.000435,	219.188,	0.540
