Lmd,  eV,  sig,    mon,    Ring,  sec
#lmd,   E,  HOYAX,  Y,  Smpl,  Det, AGC X, Y, Smpl, Det, pps
#4.45495,	278.3067,	0.000,	94.000,	88.700,	-0.062,	0.000,	76.000,	0.000,	29.999,75

4.24800,	291.8650,	3.436847,	-0.002113,	220.540,	86.295
4.24950,	291.7620,	3.420300,	-0.000446,	220.538,	0.500
4.25110,	291.6521,	3.412983,	-0.000306,	220.538,	0.500
4.25271,	291.5417,	3.413812,	-0.000308,	220.537,	0.500
4.25444,	291.4232,	3.425167,	0.000252,	220.534,	0.500
4.25616,	291.3054,	3.445990,	0.000077,	220.532,	0.500
4.25800,	291.1795,	3.476771,	0.000288,	220.532,	0.500
4.25973,	291.0613,	3.525600,	0.000194,	220.530,	0.500
4.26145,	290.9438,	3.574302,	0.000390,	220.527,	0.500
4.26318,	290.8257,	3.634418,	-0.000422,	220.527,	0.500
4.26479,	290.7159,	3.698219,	0.000202,	220.525,	0.500
4.26663,	290.5906,	3.772221,	0.000909,	220.524,	0.500
4.26835,	290.4735,	3.851811,	0.001105,	220.522,	0.500
4.27019,	290.3483,	3.927521,	0.000021,	220.521,	0.500
4.27191,	290.2314,	4.009651,	0.000054,	220.520,	0.500
4.27364,	290.1139,	4.078816,	0.000429,	220.519,	0.500
4.27525,	290.0047,	4.148789,	-0.000789,	220.516,	0.500
4.27686,	289.8955,	4.217224,	0.000164,	220.516,	0.500
4.27858,	289.7790,	4.277711,	-0.000009,	220.514,	0.500
4.28031,	289.6618,	4.334950,	-0.000687,	220.513,	0.500
4.28203,	289.5455,	4.390603,	-0.000345,	220.511,	0.500
4.28376,	289.4285,	4.425970,	-0.000287,	220.510,	0.500
4.28548,	289.3124,	4.471001,	0.000286,	220.509,	0.500
4.28721,	289.1956,	4.501651,	-0.000614,	220.508,	0.500
4.28893,	289.0797,	4.529603,	-0.000259,	220.505,	0.500
4.29065,	288.9638,	4.547626,	0.000084,	220.504,	0.500
4.29249,	288.8399,	4.572927,	0.001510,	220.503,	0.500
4.29422,	288.7235,	4.586793,	0.000599,	220.502,	0.500
4.29606,	288.5999,	4.603115,	0.000426,	220.499,	0.500
4.29767,	288.4918,	4.615955,	0.000575,	220.498,	0.500
4.29928,	288.3837,	4.619091,	0.000114,	220.497,	0.500
4.30100,	288.2684,	4.623905,	0.000144,	220.497,	0.500
4.30273,	288.1525,	4.625164,	0.001243,	220.494,	0.500
4.30445,	288.0374,	4.629092,	-0.001730,	220.492,	0.500
4.30618,	287.9216,	4.617023,	0.000080,	220.491,	0.500
4.30790,	287.8067,	4.615834,	0.000487,	220.490,	0.500
4.30962,	287.6918,	4.607223,	-0.000237,	220.489,	0.500
4.31135,	287.5764,	4.589859,	-0.000272,	220.487,	0.500
4.31307,	287.4617,	4.559511,	-0.000267,	220.485,	0.500
4.31480,	287.3464,	4.518004,	-0.000530,	220.485,	0.500
4.31664,	287.2240,	4.463999,	0.000446,	220.483,	0.500
4.31836,	287.1096,	4.400722,	0.001786,	220.481,	0.500
4.32009,	286.9946,	4.324199,	0.000629,	220.480,	0.500
4.32181,	286.8804,	4.235290,	0.001006,	220.478,	0.500
4.32342,	286.7735,	4.128875,	0.000345,	220.475,	0.500
4.32515,	286.6588,	4.006002,	-0.000209,	220.475,	0.500
4.32687,	286.5449,	3.867092,	-0.000050,	220.473,	0.500
4.32859,	286.4310,	3.719354,	-0.000429,	220.473,	0.500
4.33032,	286.3166,	3.567690,	0.000032,	220.470,	0.500
4.33204,	286.2029,	3.423495,	-0.001452,	220.470,	0.500
4.33365,	286.0966,	3.288612,	0.000993,	220.468,	0.500
4.33549,	285.9752,	3.164201,	0.000123,	220.467,	0.500
4.33722,	285.8611,	3.056579,	-0.000108,	220.464,	0.500
4.33894,	285.7478,	2.976706,	-0.000261,	220.464,	0.500
4.34078,	285.6266,	2.925569,	0.000241,	220.462,	0.500
4.34251,	285.5129,	2.903035,	0.000383,	220.461,	0.500
4.34412,	285.4070,	2.916156,	-0.000045,	220.459,	0.500
4.34573,	285.3013,	2.972621,	-0.000726,	220.458,	0.500
4.34745,	285.1884,	3.054057,	0.000161,	220.457,	0.500
4.34917,	285.0756,	3.184260,	-0.000608,	220.456,	0.500
4.35090,	284.9623,	3.365174,	-0.000035,	220.454,	0.500
4.35262,	284.8497,	3.583137,	-0.000293,	220.452,	0.500
4.35435,	284.7365,	3.848768,	0.000504,	220.450,	0.500
4.35596,	284.6313,	4.141161,	0.000844,	220.449,	0.500
4.35768,	284.5189,	4.503303,	-0.000866,	220.447,	0.500
4.35952,	284.3988,	4.881554,	-0.000659,	220.445,	0.500
4.36125,	284.2860,	5.312263,	-0.000435,	220.444,	0.500
4.36309,	284.1661,	5.718061,	-0.000278,	220.444,	0.500
4.36481,	284.0542,	6.110301,	0.000052,	220.441,	0.500
4.36654,	283.9416,	6.465793,	0.001014,	220.440,	0.500
4.36814,	283.8376,	6.786001,	0.000823,	220.439,	0.500
4.36987,	283.7252,	7.062467,	-0.000571,	220.438,	0.500
4.37159,	283.6136,	7.323572,	0.000174,	220.436,	0.500
4.37332,	283.5014,	7.558943,	0.000838,	220.434,	0.500
4.37504,	283.3900,	7.754803,	0.000379,	220.434,	0.500
4.37677,	283.2780,	7.927692,	0.000015,	220.433,	0.500
4.37849,	283.1667,	8.059837,	-0.000257,	220.430,	0.500
4.38022,	283.0548,	8.218040,	-0.000386,	220.429,	0.500
4.38194,	282.9437,	8.338961,	0.000353,	220.428,	0.500
4.38378,	282.8250,	8.453740,	0.001534,	220.428,	0.500
4.38551,	282.7134,	8.543858,	-0.001211,	220.425,	0.500
4.38723,	282.6026,	8.644018,	0.001105,	220.424,	0.500
4.38895,	282.4918,	8.716052,	0.000971,	220.422,	0.500
4.39068,	282.3805,	8.803227,	0.000743,	220.421,	0.500
4.39229,	282.2770,	8.871615,	-0.000052,	220.419,	0.500
4.39401,	282.1665,	8.953628,	-0.000338,	220.417,	0.500
4.39574,	282.0555,	9.030841,	0.000846,	220.416,	0.500
4.39758,	281.9374,	9.099459,	0.000189,	220.415,	0.500
4.39930,	281.8272,	9.162202,	-0.000224,	220.412,	0.500
4.40091,	281.7241,	9.224528,	-0.000405,	220.412,	0.500
4.40264,	281.6134,	9.282259,	-0.000241,	220.410,	0.500
4.40436,	281.5034,	9.338286,	0.000103,	220.408,	0.500
4.40620,	281.3859,	9.395480,	0.000345,	220.407,	0.500
4.40792,	281.2761,	9.443585,	0.000915,	220.406,	0.500
4.40965,	281.1657,	9.498865,	-0.000198,	220.405,	0.500
4.41137,	281.0561,	9.539987,	-0.000995,	220.404,	0.500
4.41310,	280.9459,	9.581429,	0.000198,	220.401,	0.500
4.41471,	280.8435,	9.631756,	0.000420,	220.400,	0.500
4.41643,	280.7341,	9.666280,	-0.000093,	220.397,	0.500
4.41827,	280.6172,	9.712939,	0.000336,	220.398,	0.500
4.42000,	280.5073,	9.751030,	-0.000017,	220.396,	0.500
4.42172,	280.3982,	9.785948,	0.000067,	220.395,	0.500
4.42345,	280.2886,	9.823500,	0.000849,	220.394,	0.500
4.42517,	280.1796,	9.853443,	-0.000429,	220.392,	0.500
4.42689,	280.0708,	9.891102,	0.000276,	220.390,	0.500
4.42862,	279.9614,	9.925319,	-0.000918,	220.387,	0.500
4.43034,	279.8527,	9.952639,	0.000288,	220.388,	0.500
4.43218,	279.7365,	9.985895,	0.000577,	220.387,	0.500
4.43391,	279.6273,	10.020930,	0.000316,	220.384,	0.500
4.43563,	279.5189,	10.046260,	0.000304,	220.383,	0.500
4.43724,	279.4175,	10.068770,	0.000543,	220.381,	0.500
4.43897,	279.3086,	10.102790,	0.000021,	220.380,	0.500
4.44069,	279.2004,	10.123230,	-0.000022,	220.379,	0.500
4.44253,	279.0848,	10.153460,	0.000235,	220.377,	0.500
4.44425,	278.9768,	10.181480,	-0.000476,	220.377,	0.500
4.44586,	278.8757,	10.199960,	-0.000037,	220.375,	0.500
4.44759,	278.7673,	10.223020,	0.001118,	220.372,	0.500
4.44931,	278.6595,	10.248820,	0.000334,	220.371,	0.500
4.45104,	278.5512,	10.265330,	0.000215,	220.371,	0.500
4.45276,	278.4436,	10.289100,	0.000196,	220.369,	0.500
