Num, Lmd, sig,    mon,    Ring,  sec
#lmd,   E,  HOYAX,  Y,  Smpl,  Det, AGC X, Y, Smpl, Det
#6.70292,	184.9705,	60.000,	22.000,	3.800,	30.000,	0.000,	76.000,	0.000,	20.002

1,	6.70292,	0.017052,	-0.003533,	385.053,	196.170
2,	6.70292,	0.014390,	0.000504,	385.051,	0.500
3,	6.70292,	0.014893,	0.000452,	385.046,	0.495
4,	6.70292,	0.014675,	0.000090,	385.040,	0.550
5,	6.70292,	0.014701,	-0.000188,	385.037,	0.460
6,	6.70292,	0.014239,	-0.000183,	385.032,	0.500
7,	6.70292,	0.015510,	0.000478,	385.028,	0.495
8,	6.70292,	0.014590,	-0.000259,	385.022,	0.500
9,	6.70292,	0.013858,	-0.000905,	385.018,	0.500
10,	6.70296,	0.014652,	-0.000101,	385.016,	0.500
11,	6.70296,	0.014471,	-0.000310,	385.012,	0.510
12,	6.70292,	0.014286,	0.000153,	385.005,	0.485
13,	6.70292,	0.014660,	-0.000160,	385.001,	0.505
14,	6.70292,	0.015221,	-0.000797,	384.999,	0.500
15,	6.70292,	0.014507,	-0.000328,	384.994,	0.505
16,	6.70292,	0.014539,	-0.000196,	384.988,	0.495
17,	6.70292,	0.014620,	0.000504,	384.984,	0.495
18,	6.70292,	0.014092,	0.000024,	384.981,	0.535
19,	6.70292,	0.014484,	0.001094,	384.977,	0.470
20,	6.70292,	0.014313,	-0.000048,	384.970,	0.500
21,	6.70292,	0.014790,	0.000047,	384.967,	0.505
22,	6.70292,	0.013968,	-0.000388,	384.963,	0.490
23,	6.70292,	0.014364,	0.000052,	384.960,	0.505
24,	6.70292,	0.014452,	-0.000028,	384.954,	0.505
25,	6.70292,	0.015050,	0.000351,	384.950,	0.505
26,	6.70296,	0.014765,	0.000148,	384.948,	0.495
27,	6.70292,	0.014428,	-0.000330,	384.944,	0.495
28,	6.70292,	0.014658,	-0.000577,	384.937,	0.500
29,	6.70292,	0.014603,	-0.001127,	384.934,	0.500
30,	6.70292,	0.013775,	0.000607,	384.930,	0.520
31,	6.70292,	0.014171,	-0.000433,	384.926,	0.485
32,	6.70292,	0.014102,	-0.000276,	384.919,	0.495
33,	6.70292,	0.014709,	0.000220,	384.916,	0.495
34,	6.70296,	0.014918,	-0.000980,	384.913,	0.510
35,	6.70292,	0.014405,	0.000390,	384.909,	0.500
36,	6.70292,	0.014041,	0.000166,	384.902,	0.495
37,	6.70292,	0.015187,	0.000090,	384.897,	0.500
38,	6.70292,	0.013821,	-0.000465,	384.894,	0.500
39,	6.70292,	0.014839,	-0.000784,	384.890,	0.505
40,	6.70296,	0.014192,	0.000297,	384.884,	0.525
41,	6.70292,	0.014684,	0.000224,	384.881,	0.470
42,	6.70292,	0.014094,	-0.000519,	384.877,	0.495
43,	6.70292,	0.014514,	-0.000244,	384.873,	0.500
44,	6.70292,	0.013862,	-0.001362,	384.868,	0.505
45,	6.70292,	0.013621,	-0.000347,	384.864,	0.495
46,	6.70292,	0.014620,	0.000370,	384.862,	0.510
47,	6.70292,	0.014296,	0.000368,	384.858,	0.490
48,	6.70292,	0.014618,	-0.000397,	384.850,	0.535
49,	6.70292,	0.014435,	-0.000123,	384.846,	0.475
50,	6.70292,	0.014243,	0.000370,	384.844,	0.495
51,	6.70292,	0.014969,	-0.000375,	384.840,	0.505
52,	6.70292,	0.015540,	0.000011,	384.833,	0.495
53,	6.70296,	0.015359,	0.000530,	384.830,	0.505
54,	6.70292,	0.015199,	-0.000379,	384.826,	0.490
55,	6.70292,	0.014543,	-0.000698,	384.822,	0.540
56,	6.70292,	0.014330,	-0.000375,	384.816,	0.465
57,	6.70292,	0.013843,	0.000510,	384.812,	0.500
58,	6.70296,	0.014577,	-0.001250,	384.808,	0.500
59,	6.70296,	0.014386,	0.000041,	384.805,	0.500
60,	6.70292,	0.014805,	-0.000739,	384.799,	0.505
61,	6.70292,	0.013600,	-0.000334,	384.795,	0.495
62,	6.70292,	0.015076,	-0.000586,	384.793,	0.535
63,	6.70292,	0.014837,	-0.000231,	384.789,	0.470
64,	6.70292,	0.014963,	0.000709,	384.781,	0.490
65,	6.70292,	0.015199,	-0.000116,	384.777,	0.505
66,	6.70292,	0.015227,	-0.000879,	384.774,	0.500
67,	6.70292,	0.014724,	-0.000213,	384.771,	0.495
68,	6.70292,	0.014562,	-0.000442,	384.764,	0.510
69,	6.70292,	0.015598,	-0.000155,	384.761,	0.530
70,	6.70292,	0.014850,	0.000530,	384.758,	0.460
71,	6.70292,	0.014624,	-0.000909,	384.754,	0.505
72,	6.70292,	0.014846,	0.000196,	384.748,	0.500
73,	6.70292,	0.014569,	-0.000229,	384.744,	0.500
74,	6.70292,	0.014215,	0.000351,	384.740,	0.500
75,	6.70292,	0.014741,	0.000064,	384.736,	0.505
76,	6.70292,	0.014935,	-0.000903,	384.730,	0.500
77,	6.70292,	0.014168,	0.001047,	384.726,	0.490
78,	6.70292,	0.015336,	-0.000868,	384.722,	0.505
79,	6.70292,	0.014622,	0.000493,	384.719,	0.505
80,	6.70292,	0.015442,	-0.000308,	384.713,	0.490
81,	6.70292,	0.015172,	-0.000599,	384.709,	0.505
82,	6.70292,	0.014298,	-0.000597,	384.705,	0.500
83,	6.70292,	0.015314,	0.000461,	384.702,	0.520
84,	6.70292,	0.015666,	-0.000285,	384.695,	0.480
85,	6.70292,	0.014171,	0.000459,	384.690,	0.505
86,	6.70292,	0.014656,	0.000441,	384.688,	0.490
87,	6.70292,	0.014324,	-0.000272,	384.685,	0.505
88,	6.70292,	0.015327,	0.000622,	384.677,	0.505
89,	6.70292,	0.014778,	0.000637,	384.674,	0.500
90,	6.70292,	0.014784,	-0.000328,	384.670,	0.530
91,	6.70292,	0.015606,	0.000142,	384.667,	0.465
92,	6.70292,	0.013987,	-0.000646,	384.660,	0.505
93,	6.70292,	0.014991,	-0.000907,	384.657,	0.490
94,	6.70292,	0.015282,	0.000599,	384.653,	0.505
95,	6.70292,	0.014986,	0.000403,	384.649,	0.500
96,	6.70292,	0.014786,	0.000329,	384.643,	0.500
97,	6.70292,	0.014967,	0.000465,	384.640,	0.540
98,	6.70292,	0.013683,	-0.000593,	384.636,	0.465
99,	6.70292,	0.014213,	-0.000076,	384.633,	0.495
100,	6.70292,	0.014066,	-0.000345,	384.625,	0.505
