Smpl, Det, sig,    mon,    Ring,  sec
#lmd,   E,  HOYAX,  Y,  Smpl,  Det, AGC X, Y, Smpl, Det, pps
#6.70292,	184.9705,	54.999,	22.000,	4.300,	0.000,	-60.000,	-44.000,	90.000,	20.002,100

4.300,	-3.010,	0.001183,	-0.001116,	336.747,	20.550
4.300,	-2.825,	0.001786,	0.000133,	336.744,	0.500
4.300,	-2.645,	0.002144,	0.000306,	336.741,	0.500
4.300,	-2.450,	0.002398,	-0.000149,	336.735,	0.535
4.300,	-2.292,	0.002155,	-0.000950,	336.733,	0.465
4.300,	-2.105,	0.002441,	0.000088,	336.730,	0.500
4.300,	-1.927,	0.003473,	0.000396,	336.728,	0.500
4.300,	-1.750,	0.007617,	0.000780,	336.722,	0.500
4.300,	-1.565,	0.012595,	-0.000746,	336.720,	0.500
4.300,	-1.385,	0.020326,	-0.000151,	336.717,	0.500
4.300,	-1.195,	0.038088,	-0.001010,	336.714,	0.525
4.300,	-1.027,	0.057921,	0.000317,	336.709,	0.475
4.300,	-0.847,	0.079484,	-0.000211,	336.707,	0.500
4.300,	-0.667,	0.297076,	0.000321,	336.704,	0.500
4.300,	-0.490,	20.144180,	-0.000297,	336.702,	0.500
4.300,	-0.305,	33.539500,	0.001747,	336.696,	0.500
4.300,	-0.130,	33.560290,	0.000176,	336.693,	0.500
4.300,	0.060,	33.591410,	-0.001058,	336.690,	0.520
4.300,	0.230,	33.630940,	0.000067,	336.687,	0.480
4.300,	0.413,	33.598510,	0.001223,	336.681,	0.500
4.300,	0.590,	33.665440,	0.000080,	336.678,	0.500
4.300,	0.770,	33.708590,	0.000170,	336.677,	0.500
4.300,	0.950,	33.536850,	0.000510,	336.675,	0.500
4.300,	1.128,	33.450490,	0.000724,	336.668,	0.500
4.300,	1.327,	33.393530,	-0.000190,	336.665,	0.530
4.300,	1.495,	33.307730,	0.000663,	336.662,	0.470
4.300,	1.670,	21.915390,	-0.000313,	336.660,	0.500
4.300,	1.853,	0.380477,	-0.000728,	336.656,	0.500
4.300,	2.038,	0.035776,	-0.000804,	336.653,	0.500
