Lmd,  eV,  sig,    mon,    Ring,  sec
#lmd,   E,  HOYAX,  Y,  Smpl,  Det, AGC X, Y, Smpl, Det, pps
#4.39239,	282.2706,	60.000,	22.000,	4.300,	30.000,	0.000,	-76.000,	0.000,	-0.346,3000

0.98275,	1261.6051,	0.078571,	-0.002344,	305.630,	152.565
0.99088,	1251.2539,	0.075524,	0.001111,	305.625,	0.500
1.00686,	1231.3951,	0.074624,	0.000816,	305.623,	0.500
1.02959,	1204.2099,	0.071766,	-0.000709,	305.621,	0.510
1.05220,	1178.3334,	0.069151,	0.000381,	305.619,	0.490
1.07515,	1153.1809,	0.067558,	-0.000084,	305.615,	0.500
1.09818,	1128.9975,	0.065703,	-0.000308,	305.612,	0.500
1.12171,	1105.3146,	0.063993,	0.000778,	305.610,	0.510
1.14429,	1083.5037,	0.062501,	0.001456,	305.607,	0.490
1.16728,	1062.1637,	0.061909,	-0.000084,	305.603,	0.500
1.19031,	1041.6131,	0.061653,	0.000545,	305.601,	0.500
1.21335,	1021.8341,	0.060009,	0.000642,	305.598,	0.500
1.23638,	1002.8005,	0.058527,	0.000640,	305.596,	0.500
1.25933,	984.5255,	0.057556,	0.001010,	305.591,	0.500
1.28237,	966.8367,	0.056988,	0.000248,	305.588,	0.500
1.30536,	949.8088,	0.056049,	0.000166,	305.586,	0.500
1.32839,	933.3422,	0.055346,	0.001876,	305.584,	0.500
1.35139,	917.4572,	0.052940,	0.000698,	305.579,	0.500
1.37438,	902.1104,	0.050976,	0.000644,	305.578,	0.500
1.39738,	887.2622,	0.049371,	0.000704,	305.575,	0.500
1.42037,	872.9010,	0.049709,	-0.000379,	305.573,	0.500
1.44336,	858.9974,	0.053800,	0.000538,	305.568,	0.500
1.46640,	845.5008,	0.043215,	0.001068,	305.567,	0.500
1.48935,	832.4722,	0.041882,	0.001142,	305.564,	0.500
1.51235,	819.8118,	0.040365,	0.000097,	305.561,	0.500
1.53534,	807.5361,	0.039820,	0.000381,	305.558,	0.500
1.55830,	795.6378,	0.037821,	0.000071,	305.555,	0.500
1.58125,	784.0901,	0.037359,	-0.000026,	305.553,	0.500
1.60417,	772.8872,	0.036675,	0.000295,	305.550,	0.500
1.62712,	761.9859,	0.035559,	0.000963,	305.545,	0.500
1.65012,	751.3650,	0.035945,	0.000808,	305.544,	0.500
1.67311,	741.0406,	0.034688,	0.000174,	305.541,	0.500
1.69603,	731.0262,	0.033466,	0.000280,	305.539,	0.500
1.71902,	721.2496,	0.032321,	0.000814,	305.534,	0.500
1.74198,	711.7432,	0.032091,	0.001344,	305.532,	0.500
1.76497,	702.4722,	0.030129,	0.000991,	305.530,	0.500
1.78797,	693.4358,	0.029806,	0.000120,	305.527,	0.500
1.81096,	684.6327,	0.029384,	0.000125,	305.522,	0.500
1.83396,	676.0466,	0.028839,	-0.000175,	305.520,	0.500
1.85703,	667.6480,	0.029863,	0.000801,	305.518,	0.500
1.88002,	659.4836,	0.029682,	0.000366,	305.516,	0.500
1.90301,	651.5165,	0.028635,	0.001516,	305.512,	0.500
1.92605,	643.7229,	0.029503,	0.000866,	305.509,	0.500
1.94908,	636.1168,	0.030168,	0.000084,	305.506,	0.500
1.97215,	628.6755,	0.030146,	0.000073,	305.504,	0.500
1.99514,	621.4313,	0.031526,	0.000691,	305.500,	0.500
2.01818,	614.3369,	0.033562,	0.000105,	305.498,	0.500
2.04117,	607.4175,	0.035651,	-0.000709,	305.495,	0.500
2.06462,	600.5185,	0.038709,	-0.001396,	305.493,	0.510
2.08735,	593.9792,	0.042510,	0.001728,	305.488,	0.490
2.11019,	587.5501,	0.046011,	0.000941,	305.486,	0.500
2.13318,	581.2179,	0.050382,	-0.000668,	305.484,	0.500
2.15622,	575.0074,	0.055923,	0.000416,	305.482,	0.500
2.17921,	568.9412,	0.062056,	0.001129,	305.478,	0.500
2.20221,	562.9992,	0.063644,	0.000405,	305.475,	0.500
2.22520,	557.1825,	0.072077,	0.000749,	305.474,	0.500
2.24823,	551.4749,	0.079379,	0.000241,	305.471,	0.500
2.27119,	545.8999,	0.082609,	-0.000177,	305.466,	0.500
2.29418,	540.4295,	0.073414,	-0.000203,	305.464,	0.500
2.31714,	535.0745,	0.091395,	0.001999,	305.460,	0.500
2.34009,	529.8268,	0.104653,	0.000650,	305.459,	0.500
2.36305,	524.6789,	0.109263,	0.000336,	305.455,	0.500
2.38597,	519.6387,	0.112144,	-0.000330,	305.452,	0.500
2.40896,	514.6795,	0.118025,	-0.000821,	305.450,	0.500
2.43192,	509.8204,	0.124899,	0.000127,	305.448,	0.500
2.45491,	505.0460,	0.128061,	-0.000002,	305.444,	0.500
2.47790,	500.3602,	0.130186,	-0.000164,	305.440,	0.500
2.50086,	495.7664,	0.132925,	-0.000035,	305.438,	0.500
2.52382,	491.2563,	0.134718,	0.000097,	305.437,	0.500
2.54685,	486.8141,	0.134901,	-0.000509,	305.432,	0.500
2.56984,	482.4590,	0.135003,	0.000536,	305.430,	0.500
2.59284,	478.1793,	0.134777,	0.000469,	305.427,	0.500
2.61583,	473.9767,	0.137039,	0.001538,	305.426,	0.500
2.63886,	469.8402,	0.337248,	0.000528,	305.421,	0.500
2.66186,	465.7805,	0.162472,	-0.000071,	305.418,	0.500
2.68489,	461.7852,	0.171203,	0.000946,	305.417,	0.500
2.70792,	457.8579,	0.130938,	-0.000205,	305.413,	0.500
2.73091,	454.0034,	0.129841,	-0.000140,	305.409,	0.500
2.75395,	450.2051,	0.130056,	0.000260,	305.407,	0.500
2.77698,	446.4715,	0.125751,	0.000493,	305.405,	0.500
2.80231,	442.4359,	0.124929,	0.000056,	305.401,	0.550
2.82511,	438.8652,	0.124034,	0.000080,	305.398,	0.495
2.84822,	435.3043,	0.121903,	0.000691,	305.397,	0.506
2.87083,	431.8760,	0.119720,	0.000271,	305.394,	0.490
2.89352,	428.4893,	0.118240,	-0.000140,	305.391,	0.495
2.91636,	425.1335,	0.115819,	0.001142,	305.387,	0.495
2.93924,	421.8242,	0.113619,	0.000971,	305.384,	0.495
2.96185,	418.6041,	0.110589,	0.000900,	305.382,	0.495
2.98462,	415.4105,	0.106835,	-0.000364,	305.380,	0.495
3.00726,	412.2831,	0.103828,	0.000519,	305.376,	0.490
3.03003,	409.1849,	0.098922,	0.001042,	305.373,	0.495
3.05264,	406.1542,	0.098430,	-0.000838,	305.372,	0.495
3.07560,	403.1221,	0.100121,	0.000560,	305.370,	0.500
3.09859,	400.1312,	0.097289,	0.001070,	305.365,	0.500
3.12151,	397.1932,	0.099265,	0.001206,	305.362,	0.500
3.14442,	394.2992,	0.098741,	0.001126,	305.361,	0.500
3.16742,	391.4361,	0.098098,	0.000467,	305.358,	0.500
3.19034,	388.6239,	0.096054,	0.001271,	305.353,	0.500
3.39759,	364.9182,	0.095275,	0.001017,	305.329,	4.505
3.42016,	362.5101,	0.097783,	0.001745,	305.327,	0.490
3.44270,	360.1366,	0.102640,	0.001180,	305.326,	0.490
3.46519,	357.7993,	0.107108,	-0.000373,	305.321,	0.490
3.48780,	355.4798,	0.113969,	0.000728,	305.320,	0.490
3.51049,	353.1822,	0.121990,	0.000194,	305.318,	0.490
3.53299,	350.9329,	0.133468,	-0.000698,	305.315,	0.490
3.55560,	348.7013,	0.145744,	0.000771,	305.312,	0.490
3.57809,	346.5096,	0.163433,	-0.000095,	305.308,	0.490
3.60051,	344.3519,	0.183509,	0.000198,	305.306,	0.490
3.62354,	342.1633,	0.209599,	0.001129,	305.303,	0.500
3.64608,	340.0481,	0.240477,	0.000252,	305.302,	0.490
3.66930,	337.8962,	0.277670,	-0.000285,	305.296,	0.505
3.69187,	335.8305,	0.314941,	0.000721,	305.293,	0.490
3.71460,	333.7755,	0.357275,	0.000396,	305.292,	0.495
3.73710,	331.7659,	0.403047,	0.000011,	305.289,	0.490
3.75967,	329.7743,	0.456508,	-0.000030,	305.284,	0.490
3.78213,	327.8159,	0.518664,	0.000592,	305.283,	0.490
3.80493,	325.8516,	0.599722,	-0.000160,	305.279,	0.495
3.82739,	323.9394,	0.703750,	-0.000244,	305.279,	0.490
3.84984,	322.0504,	0.831445,	-0.000218,	305.276,	0.490
3.87299,	320.1254,	0.976703,	-0.000616,	305.271,	0.500
3.89564,	318.2641,	1.121556,	0.000573,	305.270,	0.495
3.91817,	316.4341,	1.252786,	0.000170,	305.267,	0.490
3.94067,	314.6273,	1.364045,	-0.000280,	305.264,	0.490
3.96313,	312.8443,	1.428967,	0.000485,	305.260,	0.490
3.98574,	311.0696,	1.406257,	0.000416,	305.257,	0.490
4.00831,	309.3180,	1.268416,	0.001204,	305.255,	0.495
4.03092,	307.5830,	1.059275,	0.001010,	305.252,	0.490
4.05346,	305.8726,	0.852011,	0.000506,	305.248,	0.490
4.07595,	304.1849,	0.677614,	0.001040,	305.246,	0.490
4.09845,	302.5150,	0.555026,	-0.000168,	305.244,	0.490
4.12094,	300.8640,	0.466725,	0.000148,	305.241,	0.490
4.14352,	299.2244,	0.382294,	-0.000091,	305.238,	0.490
4.16609,	297.6034,	0.308263,	0.001394,	305.233,	0.490
4.18862,	296.0026,	0.259056,	0.000192,	305.233,	0.490
4.21123,	294.4134,	0.215060,	0.000097,	305.230,	0.490
4.23377,	292.8460,	0.163976,	0.000351,	305.227,	0.490
4.25661,	291.2746,	0.181899,	0.000700,	305.223,	0.495
4.27937,	289.7255,	0.434863,	0.001639,	305.220,	0.495
4.30202,	288.2001,	0.914305,	0.000513,	305.219,	0.490
4.32482,	286.6807,	1.609277,	0.000172,	305.216,	0.495
4.34747,	285.1871,	0.613738,	0.001103,	305.212,	0.495
4.37012,	283.7090,	4.763702,	0.000196,	305.209,	0.490
4.39266,	282.2532,	7.675943,	0.000463,	305.208,	0.490
4.41519,	280.8129,	9.442876,	-0.000160,	305.206,	0.495
4.43788,	279.3772,	10.793370,	-0.000935,	305.203,	0.490
4.46049,	277.9610,	11.913260,	0.001982,	305.198,	0.490
4.48325,	276.5499,	12.875590,	0.000592,	305.197,	0.495
4.50579,	275.1665,	13.709420,	0.002072,	305.194,	0.490
4.53173,	273.5914,	14.533010,	-0.000039,	305.189,	0.565
4.55427,	272.2374,	15.155740,	0.001363,	305.185,	0.490
4.57688,	270.8925,	15.686960,	0.001032,	305.185,	0.490
4.59941,	269.5655,	16.133190,	0.001678,	305.181,	0.495
4.62202,	268.2469,	16.512760,	0.000788,	305.179,	0.490
4.64452,	266.9474,	16.819480,	0.000823,	305.175,	0.490
4.66701,	265.6610,	17.079270,	0.001394,	305.172,	0.490
4.68947,	264.3886,	17.294290,	0.000767,	305.169,	0.490
4.71197,	263.1261,	17.478840,	-0.000112,	305.168,	0.490
4.73454,	261.8718,	17.627350,	-0.000308,	305.165,	0.490
4.75715,	260.6271,	17.755130,	0.000127,	305.160,	0.495
4.77995,	259.3840,	17.854220,	0.000088,	305.158,	0.495
4.80241,	258.1709,	17.943260,	0.000151,	305.156,	0.490
4.82537,	256.9425,	18.031970,	0.000788,	305.151,	0.500
4.84790,	255.7484,	18.096050,	0.000469,	305.149,	0.490
4.87047,	254.5632,	18.145850,	0.000433,	305.146,	0.490
4.89305,	253.3885,	18.171100,	0.000252,	305.144,	0.490
4.91592,	252.2096,	18.164880,	0.000047,	305.142,	0.500
4.93850,	251.0565,	18.145520,	0.000204,	305.136,	0.490
4.96103,	249.9163,	18.095200,	0.000433,	305.134,	0.490
4.98353,	248.7880,	18.035090,	-0.000233,	305.133,	0.485
5.00644,	247.6495,	17.940340,	-0.000110,	305.130,	0.500
5.02894,	246.5415,	17.823760,	0.001073,	305.128,	0.490
5.05144,	245.4434,	17.677280,	0.000368,	305.124,	0.490
5.07405,	244.3497,	17.523220,	0.000933,	305.122,	0.490
5.09689,	243.2547,	17.366430,	-0.000229,	305.121,	0.495
5.11946,	242.1823,	17.214160,	0.001096,	305.116,	0.490
5.14196,	241.1225,	17.063990,	0.001279,	305.114,	0.490
5.16453,	240.0688,	16.911240,	-0.000989,	305.112,	0.490
5.18706,	239.0260,	16.737570,	0.001120,	305.109,	0.490
5.20963,	237.9905,	16.548450,	-0.000291,	305.106,	0.495
5.23221,	236.9634,	16.356310,	-0.000235,	305.103,	0.490
5.25466,	235.9510,	16.186960,	0.000396,	305.100,	0.490
5.27728,	234.9397,	16.032540,	0.000398,	305.098,	0.490
5.29981,	233.9409,	15.955850,	0.000898,	305.096,	0.490
5.32231,	232.9519,	15.684830,	-0.000207,	305.091,	0.490
5.34484,	231.9700,	15.530460,	0.001002,	305.090,	0.490
5.36730,	230.9993,	15.387950,	0.000489,	305.086,	0.490
5.38983,	230.0337,	15.240160,	0.000767,	305.083,	0.490
5.41229,	229.0791,	15.116160,	0.000217,	305.082,	0.490
5.43475,	228.1324,	14.988720,	0.000172,	305.077,	0.490
5.45720,	227.1939,	14.859960,	0.000737,	305.075,	0.490
5.47974,	226.2594,	14.743880,	0.000648,	305.074,	0.490
5.50223,	225.3345,	14.634820,	0.000765,	305.070,	0.490
5.52500,	224.4059,	14.524640,	0.001417,	305.065,	0.495
5.54761,	223.4913,	14.407080,	0.000881,	305.063,	0.490
5.57010,	222.5889,	14.300050,	0.000465,	305.061,	0.490
5.59260,	221.6934,	14.194670,	-0.000116,	305.059,	0.490
5.61510,	220.8051,	14.091090,	0.001391,	305.054,	0.490
5.63755,	219.9258,	13.984080,	0.000855,	305.052,	0.490
5.66016,	219.0472,	13.882120,	0.001715,	305.049,	0.490
5.68266,	218.1799,	13.786370,	0.000700,	305.047,	0.490
5.70542,	217.3096,	13.692730,	0.000508,	305.047,	0.495
5.72800,	216.4529,	13.602790,	0.001027,	305.042,	0.490
5.75088,	215.5918,	13.509940,	0.000978,	305.039,	0.495
5.77356,	214.7449,	13.416260,	0.000814,	305.038,	0.495
5.79621,	213.9057,	13.309230,	-0.000297,	305.035,	0.490
5.81879,	213.0756,	13.194520,	0.000765,	305.030,	0.495
5.84174,	212.2386,	13.061050,	-0.001446,	305.028,	0.495
5.86431,	211.4217,	12.914390,	-0.000886,	305.025,	0.490
5.88704,	210.6054,	12.759860,	0.000502,	305.022,	0.495
5.90977,	209.7954,	12.597300,	0.000773,	305.018,	0.495
5.93257,	208.9891,	12.432790,	0.000644,	305.016,	0.495
5.95518,	208.1956,	12.271660,	0.000366,	305.013,	0.495
5.97779,	207.4082,	12.118050,	0.000355,	305.011,	0.490
6.00036,	206.6280,	11.967340,	0.000663,	305.009,	0.490
6.02328,	205.8417,	11.823440,	-0.000982,	305.004,	0.500
6.04577,	205.0760,	11.688560,	0.000588,	305.001,	0.490
6.06823,	204.3170,	11.554030,	0.000913,	305.000,	0.485
6.09073,	203.5622,	11.423360,	0.000304,	304.997,	0.490
6.11315,	202.8156,	11.295470,	0.001068,	304.992,	0.490
6.13553,	202.0759,	11.168000,	-0.000442,	304.990,	0.490
6.15802,	201.3378,	11.045770,	0.001779,	304.987,	0.485
6.18052,	200.6049,	10.929480,	-0.000207,	304.984,	0.490
6.20298,	199.8785,	10.813310,	0.000357,	304.982,	0.490
6.22559,	199.1526,	10.697670,	0.000166,	304.978,	0.495
6.24808,	198.4357,	10.582860,	0.000510,	304.976,	0.490
6.27058,	197.7237,	10.463160,	0.000609,	304.974,	0.490
6.29308,	197.0168,	10.340860,	0.001109,	304.972,	0.490
6.31569,	196.3115,	10.216180,	0.000782,	304.967,	0.490
6.33834,	195.6100,	10.088360,	0.001463,	304.965,	0.490
6.36099,	194.9134,	9.964503,	0.001310,	304.964,	0.495
6.38360,	194.2231,	9.840497,	0.000646,	304.962,	0.490
6.40640,	193.5318,	9.721997,	0.000538,	304.957,	0.495
6.42901,	192.8512,	9.604170,	0.000465,	304.954,	0.495
6.45170,	192.1730,	9.487217,	0.000831,	304.952,	0.490
6.47423,	191.5042,	9.378325,	0.000986,	304.950,	0.490
6.49676,	190.8401,	9.270942,	0.001323,	304.948,	0.490
6.51930,	190.1803,	9.168995,	-0.000847,	304.944,	0.490
6.54187,	189.5242,	9.068496,	0.001070,	304.942,	0.495
6.56533,	188.8469,	8.963025,	-0.000129,	304.940,	0.510
6.58859,	188.1802,	8.856872,	0.001271,	304.937,	0.505
6.61116,	187.5378,	8.748704,	0.001258,	304.933,	0.490
6.63377,	186.8986,	8.639127,	0.000745,	304.929,	0.490
6.65638,	186.2638,	8.526956,	0.000310,	304.928,	0.490
6.67964,	185.6152,	8.406571,	0.000183,	304.926,	0.505
6.70237,	184.9857,	8.285201,	0.000952,	304.922,	0.495
6.72490,	184.3659,	8.158553,	-0.000349,	304.920,	0.490
6.74740,	183.7511,	8.024024,	-0.000246,	304.917,	0.490
6.77036,	183.1280,	7.884108,	0.001034,	304.915,	0.500
6.79293,	182.5195,	7.757043,	0.000999,	304.910,	0.490
6.81558,	181.9130,	7.643830,	0.000780,	304.908,	0.495
6.83811,	181.3136,	7.546459,	0.000730,	304.906,	0.490
6.86095,	180.7100,	7.453864,	-0.000621,	304.902,	0.495
6.88352,	180.1175,	7.364282,	0.000696,	304.901,	0.490
6.90602,	179.5307,	7.269798,	0.000569,	304.896,	0.490
6.92852,	178.9477,	7.170330,	0.000086,	304.895,	0.490
6.95097,	178.3697,	7.069627,	0.000013,	304.892,	0.490
6.97339,	177.7962,	6.965610,	0.000004,	304.890,	0.490
6.99597,	177.2224,	6.858261,	0.000500,	304.886,	0.490
7.01854,	176.6525,	6.742940,	-0.000405,	304.883,	0.490
7.04100,	176.0890,	6.621223,	0.000745,	304.882,	0.490
7.06349,	175.5283,	6.498263,	0.000176,	304.880,	0.490
7.08587,	174.9739,	6.371370,	0.000963,	304.877,	0.485
7.10833,	174.4211,	6.247804,	0.000390,	304.872,	0.490
7.13148,	173.8549,	6.132191,	-0.001155,	304.871,	0.505
7.15393,	173.3093,	6.026754,	0.000756,	304.868,	0.485
7.17735,	172.7438,	5.925910,	-0.000401,	304.865,	0.515
7.19981,	172.2049,	5.837044,	0.000375,	304.862,	0.485
7.22230,	171.6686,	5.749408,	-0.000655,	304.859,	0.490
7.24472,	171.1374,	5.677360,	0.000271,	304.856,	0.485
7.26753,	170.6003,	5.606337,	0.000803,	304.853,	0.495
7.29006,	170.0730,	5.539745,	0.000818,	304.849,	0.495
7.31256,	169.5497,	5.482579,	0.000756,	304.846,	0.485
7.33501,	169.0308,	5.426991,	0.000762,	304.845,	0.490
7.35747,	168.5148,	5.372917,	0.002283,	304.843,	0.485
7.37993,	168.0019,	5.322618,	0.000366,	304.841,	0.490
7.40277,	167.4836,	5.270220,	0.001103,	304.836,	0.495
7.42526,	166.9763,	5.220347,	0.000396,	304.834,	0.490
7.44784,	166.4701,	5.170678,	0.000497,	304.832,	0.495
7.47052,	165.9647,	5.118159,	0.000192,	304.829,	0.490
7.49340,	165.4579,	5.065706,	0.000605,	304.824,	0.500
7.51590,	164.9626,	5.016421,	0.001126,	304.822,	0.490
7.53836,	164.4711,	4.967672,	0.000411,	304.820,	0.485
7.56089,	163.9810,	4.922749,	0.000728,	304.818,	0.490
7.58331,	163.4962,	4.880425,	0.001118,	304.813,	0.490
7.60596,	163.0093,	4.840908,	0.001491,	304.811,	0.490
7.62838,	162.5302,	4.801663,	0.000730,	304.809,	0.490
7.65087,	162.0525,	4.763228,	0.000549,	304.806,	0.490
7.67326,	161.5796,	4.721944,	0.000780,	304.805,	0.485
7.69587,	161.1049,	4.671724,	0.001643,	304.801,	0.495
7.71829,	160.6369,	4.605063,	-0.000446,	304.798,	0.485
7.74067,	160.1725,	4.514911,	-0.000269,	304.795,	0.490
7.76305,	159.7107,	4.404224,	0.000646,	304.793,	0.485
7.78573,	159.2455,	4.295716,	0.000142,	304.789,	0.495
7.80819,	158.7874,	4.221307,	0.001064,	304.787,	0.490
7.83057,	158.3336,	4.190451,	-0.000985,	304.784,	0.490
7.85299,	157.8816,	4.179793,	-0.001237,	304.782,	0.485
7.87537,	157.4329,	4.165992,	0.001348,	304.779,	0.490
7.89787,	156.9844,	4.136601,	0.001159,	304.775,	0.485
7.92033,	156.5392,	4.098157,	0.000170,	304.773,	0.490
7.94278,	156.0968,	4.056521,	0.000493,	304.771,	0.485
7.96532,	155.6551,	4.000956,	0.001126,	304.769,	0.490
7.98774,	155.2182,	3.941221,	0.000767,	304.764,	0.490
8.01027,	154.7816,	3.864588,	0.000948,	304.763,	0.490
8.03269,	154.3496,	3.770449,	0.000506,	304.762,	0.490
8.05522,	153.9179,	3.692912,	0.000235,	304.758,	0.485
8.07764,	153.4907,	3.618515,	0.001142,	304.756,	0.490
8.10045,	153.0585,	3.537717,	-0.000409,	304.752,	0.495
8.12287,	152.6360,	3.475409,	0.000148,	304.749,	0.485
8.14540,	152.2138,	3.428435,	0.000245,	304.746,	0.490
8.16801,	151.7925,	3.387069,	0.001676,	304.744,	0.490
8.19035,	151.3784,	3.351933,	0.000810,	304.739,	0.490
8.21281,	150.9645,	3.305557,	-0.000769,	304.737,	0.485
8.23523,	150.5535,	3.252216,	0.000743,	304.734,	0.490
8.25757,	150.1462,	3.195921,	0.000467,	304.733,	0.485
8.27999,	149.7396,	3.139619,	0.000803,	304.731,	0.490
8.30237,	149.3360,	3.085316,	-0.000246,	304.727,	0.485
8.32471,	148.9352,	3.031362,	0.001178,	304.724,	0.485
8.34717,	148.5345,	2.981407,	-0.000580,	304.722,	0.490
8.36963,	148.1359,	2.933789,	0.000603,	304.719,	0.485
8.39205,	147.7401,	2.886434,	0.001540,	304.716,	0.490
8.41443,	147.3472,	2.840319,	0.001486,	304.712,	0.485
8.43708,	146.9516,	2.794095,	0.000002,	304.710,	0.495
8.45946,	146.5628,	2.747752,	0.000164,	304.708,	0.490
8.48199,	146.1735,	2.703318,	0.000541,	304.704,	0.490
8.50430,	145.7901,	2.659677,	0.000375,	304.700,	0.485
8.52718,	145.3989,	2.615385,	0.000937,	304.697,	0.500
8.54987,	145.0130,	2.573498,	0.000008,	304.696,	0.490
8.57255,	144.6294,	2.531002,	0.001077,	304.693,	0.495
8.59501,	144.2514,	2.493256,	0.001422,	304.689,	0.490
8.61800,	143.8666,	2.457068,	-0.000627,	304.687,	0.500
8.64035,	143.4945,	2.415815,	-0.000965,	304.686,	0.485
8.66277,	143.1231,	2.366734,	0.000915,	304.683,	0.490
8.68511,	142.7549,	2.310793,	-0.000334,	304.681,	0.485
8.70745,	142.3887,	2.270883,	0.000622,	304.676,	0.485
8.72979,	142.0243,	2.254412,	-0.000267,	304.674,	0.485
8.75225,	141.6599,	2.233271,	0.000161,	304.671,	0.490
8.77467,	141.2979,	2.202077,	0.000510,	304.669,	0.485
8.79705,	140.9384,	2.167368,	0.000067,	304.665,	0.490
8.81966,	140.5771,	2.131118,	0.001243,	304.662,	0.490
8.84216,	140.2194,	2.094330,	0.000607,	304.661,	0.490
8.86619,	139.8394,	2.056310,	-0.000201,	304.658,	0.520
8.88864,	139.4862,	2.018449,	0.000566,	304.654,	0.490
8.91110,	139.1346,	1.981664,	0.000961,	304.650,	0.485
8.93827,	138.7117,	1.934765,	0.000064,	304.648,	0.590
8.96073,	138.3640,	1.894815,	0.000153,	304.645,	0.490
8.98349,	138.0134,	1.852445,	-0.000733,	304.641,	0.495
9.00603,	137.6680,	1.811147,	0.000530,	304.640,	0.490
9.02856,	137.3245,	1.767109,	0.000612,	304.637,	0.490
9.05121,	136.9809,	1.723081,	0.000715,	304.634,	0.490
9.07363,	136.6424,	1.680000,	-0.000099,	304.630,	0.490
9.09601,	136.3062,	1.634765,	-0.000528,	304.628,	0.485
9.11843,	135.9710,	1.590341,	-0.000241,	304.625,	0.490
9.14077,	135.6387,	1.545303,	0.001088,	304.624,	0.485
9.16335,	135.3045,	1.500182,	-0.000056,	304.620,	0.490
9.18573,	134.9748,	1.457013,	-0.000274,	304.617,	0.490
9.20815,	134.6462,	1.417295,	-0.000209,	304.615,	0.485
9.23122,	134.3097,	1.376987,	0.000842,	304.613,	0.505
9.25456,	133.9710,	1.337444,	0.000532,	304.611,	0.505
9.27797,	133.6329,	1.301802,	0.001501,	304.605,	0.515
9.30016,	133.3141,	1.267572,	0.000004,	304.604,	0.480
9.32361,	132.9788,	1.236056,	0.000510,	304.602,	0.510
9.34607,	132.6592,	1.205256,	-0.000157,	304.599,	0.490
9.36937,	132.3293,	1.176972,	0.000883,	304.595,	0.505
9.39371,	131.9865,	1.146877,	0.000385,	304.592,	0.530
9.41605,	131.6733,	1.121034,	0.000342,	304.591,	0.490
9.43870,	131.3573,	1.095217,	0.000771,	304.587,	0.490
9.46238,	131.0286,	1.068546,	0.000659,	304.583,	0.515
9.48488,	130.7178,	1.045195,	0.001305,	304.580,	0.490
9.50745,	130.4075,	1.020398,	0.001503,	304.578,	0.490
9.53255,	130.0641,	0.994032,	0.000625,	304.575,	0.545
9.55509,	129.7573,	0.970153,	0.001070,	304.572,	0.490
9.57766,	129.4515,	0.946401,	0.000172,	304.570,	0.490
9.60035,	129.1455,	0.925192,	0.001139,	304.567,	0.495
9.62288,	128.8432,	0.902009,	0.000566,	304.565,	0.490
9.64565,	128.5390,	0.879957,	0.000138,	304.561,	0.495
9.66807,	128.2409,	0.858725,	0.000385,	304.558,	0.485
9.69068,	127.9417,	0.838161,	-0.000746,	304.555,	0.490
9.71313,	127.6460,	0.817916,	-0.000364,	304.554,	0.490
9.73597,	127.3466,	0.798369,	0.000941,	304.548,	0.495
9.75843,	127.0535,	0.778496,	-0.000099,	304.547,	0.490
9.78081,	126.7628,	0.759866,	0.001262,	304.545,	0.490
9.80327,	126.4723,	0.740936,	0.001111,	304.542,	0.485
9.82596,	126.1803,	0.723390,	0.000429,	304.540,	0.495
9.84842,	125.8925,	0.705545,	0.000174,	304.535,	0.485
9.87083,	125.6067,	0.688171,	-0.000065,	304.534,	0.490
9.89322,	125.3224,	0.671308,	0.001682,	304.531,	0.485
9.91598,	125.0348,	0.654145,	0.000818,	304.529,	0.495
9.93836,	124.7532,	0.637389,	0.000071,	304.524,	0.490
