Smpl, Det, sig,    mon,    Ring,  sec
#lmd,   E,  HOYAX,  Y,  Smpl,  Det, AGC X, Y, Smpl, Det, ppsSmpl, ppsDet
#6.70012,	185.0478,	60.000,	22.000,	4.300,	30.000,	-52.700,	35.000,	4.943,	9.691,200,200

-1.184,	-2.570,	-0.000747,	-0.002208,	320.653,	36.705
-1.008,	-2.214,	-0.001375,	0.002899,	320.650,	0.490
-0.821,	-1.840,	-0.001927,	0.001370,	320.648,	0.520
-0.644,	-1.494,	-0.000835,	0.002122,	320.644,	0.485
-0.468,	-1.130,	2.471347,	0.002124,	320.641,	0.500
-0.284,	-0.767,	2.729587,	0.001725,	320.639,	0.505
-0.104,	-0.410,	2.641150,	0.002425,	320.637,	0.500
0.079,	-0.043,	1.978117,	0.001404,	320.632,	0.505
0.252,	0.306,	1.817907,	0.003317,	320.629,	0.490
0.436,	0.670,	2.258977,	0.002176,	320.627,	0.500
0.616,	1.030,	2.945242,	0.002516,	320.623,	0.500
0.796,	1.390,	3.079823,	0.001553,	320.619,	0.500
0.976,	1.753,	3.104330,	0.001428,	320.616,	0.505
1.156,	2.106,	3.120071,	0.002725,	320.614,	0.495
1.336,	2.466,	3.091881,	0.002029,	320.611,	0.495
1.516,	2.830,	3.237181,	0.002514,	320.607,	0.505
1.696,	3.190,	3.510396,	0.002740,	320.604,	0.505
1.876,	3.553,	3.805606,	0.001394,	320.601,	0.500
2.056,	3.913,	4.090220,	0.003281,	320.599,	0.500
2.236,	4.266,	4.426421,	0.001900,	320.594,	0.495
2.416,	4.630,	4.763811,	0.002290,	320.592,	0.500
2.596,	4.990,	5.038234,	0.002102,	320.590,	0.500
2.779,	5.360,	5.282988,	0.001497,	320.587,	0.515
2.956,	5.710,	5.462503,	0.002740,	320.582,	0.490
3.136,	6.066,	5.617967,	0.002802,	320.579,	0.495
3.316,	6.426,	5.754343,	0.002772,	320.577,	0.500
3.496,	6.790,	5.873035,	0.000752,	320.575,	0.500
3.679,	7.157,	5.976315,	0.001756,	320.569,	0.510
3.856,	7.513,	6.066843,	0.002878,	320.567,	0.495
4.036,	7.870,	6.177409,	0.002856,	320.565,	0.500
4.216,	8.226,	6.245329,	0.001038,	320.562,	0.495
4.396,	8.590,	6.323215,	0.003089,	320.556,	0.500
4.576,	8.950,	6.443391,	0.003608,	320.553,	0.505
4.756,	9.317,	6.525789,	0.002057,	320.552,	0.505
4.936,	9.670,	6.543130,	0.002520,	320.550,	0.490
