Smpl, Det, sig,    mon,    Ring,  sec
#lmd,   E,  HOYAX,  Y,  Smpl,  Det, AGC X, Y, Smpl, Det, ppsSmpl, ppsDet
#6.70012,	185.0478,	60.000,	22.000,	4.300,	30.000,	-52.700,	35.000,	9.976,	19.750,200,200

-1.170,	-2.542,	-0.001895,	-0.002389,	318.521,	35.255
-0.979,	-2.156,	-0.002491,	0.002104,	318.516,	0.530
-0.803,	-1.807,	-0.002108,	0.002548,	318.513,	0.490
-0.630,	-1.458,	-0.001020,	0.002964,	318.512,	0.485
-0.450,	-1.102,	3.963800,	0.001480,	318.507,	0.495
-0.270,	-0.742,	4.637068,	0.001803,	318.504,	0.500
-0.079,	-0.360,	4.378094,	0.001258,	318.501,	0.530
0.097,	-0.004,	3.794063,	0.001921,	318.500,	0.495
0.274,	0.346,	3.558864,	0.002861,	318.495,	0.485
0.450,	0.698,	3.727864,	0.001551,	318.492,	0.490
0.630,	1.058,	3.914328,	0.001551,	318.490,	0.500
0.824,	1.447,	3.833196,	0.002781,	318.488,	0.540
1.001,	1.800,	4.407769,	0.002087,	318.481,	0.490
1.177,	2.153,	4.820618,	0.001025,	318.478,	0.490
1.354,	2.506,	4.874303,	0.001792,	318.477,	0.490
1.530,	2.858,	4.868603,	0.002667,	318.474,	0.490
1.728,	3.258,	4.871296,	0.002085,	318.469,	0.555
1.904,	3.611,	4.876607,	0.002992,	318.467,	0.490
2.081,	3.960,	4.888674,	0.001880,	318.464,	0.485
2.254,	4.313,	4.838263,	0.002079,	318.461,	0.490
2.434,	4.666,	4.821742,	0.001893,	318.459,	0.490
2.624,	5.051,	4.990896,	0.002057,	318.454,	0.535
2.819,	5.436,	5.306493,	0.002475,	318.451,	0.535
2.995,	5.789,	5.604149,	0.002787,	318.450,	0.490
3.168,	6.142,	5.843142,	0.000954,	318.444,	0.490
3.344,	6.494,	6.009472,	0.001615,	318.441,	0.490
3.521,	6.847,	6.122957,	0.003059,	318.438,	0.490
3.715,	7.232,	6.249246,	0.001807,	318.437,	0.535
3.895,	7.589,	6.331305,	0.002632,	318.432,	0.495
4.072,	7.942,	6.426983,	0.002184,	318.430,	0.490
4.244,	8.294,	6.543552,	0.001926,	318.427,	0.490
4.421,	8.644,	6.644254,	0.001254,	318.424,	0.485
4.615,	9.032,	6.681095,	0.000737,	318.419,	0.540
4.792,	9.389,	6.658773,	0.003238,	318.417,	0.495
4.968,	9.738,	6.601858,	0.002563,	318.415,	0.485
5.144,	10.091,	6.527400,	0.003240,	318.412,	0.490
5.321,	10.444,	6.443354,	0.002253,	318.410,	0.490
5.515,	10.829,	6.342264,	0.001445,	318.404,	0.535
5.688,	11.178,	6.243621,	0.002805,	318.401,	0.485
5.868,	11.534,	6.138714,	0.002085,	318.399,	0.495
6.041,	11.887,	6.028694,	0.001592,	318.394,	0.490
6.217,	12.240,	5.914322,	0.002895,	318.392,	0.490
6.412,	12.625,	5.778067,	0.002057,	318.390,	0.535
6.588,	12.978,	5.642652,	0.002503,	318.387,	0.490
6.764,	13.327,	5.499924,	0.002385,	318.383,	0.490
6.944,	13.687,	5.344718,	0.002824,	318.380,	0.495
7.117,	14.040,	5.180731,	0.001671,	318.378,	0.490
7.315,	14.432,	4.980306,	0.002124,	318.375,	0.545
7.492,	14.785,	4.787554,	0.002145,	318.369,	0.490
7.668,	15.138,	4.574084,	0.002688,	318.368,	0.490
7.844,	15.491,	4.340942,	0.003149,	318.365,	0.490
8.024,	15.847,	4.084831,	0.002079,	318.361,	0.495
8.219,	16.236,	3.775111,	0.001385,	318.357,	0.540
8.392,	16.585,	3.469509,	0.002902,	318.354,	0.485
8.568,	16.942,	3.134778,	0.004297,	318.352,	0.495
8.748,	17.294,	2.773760,	0.001919,	318.350,	0.490
8.924,	17.647,	2.404783,	0.002413,	318.347,	0.490
9.115,	18.032,	2.006259,	0.002152,	318.343,	0.535
9.292,	18.385,	1.665560,	0.002083,	318.340,	0.490
9.472,	18.745,	1.359847,	0.002359,	318.337,	0.500
9.648,	19.098,	1.116124,	0.002204,	318.332,	0.490
9.824,	19.447,	0.942511,	0.002059,	318.331,	0.485
