Smpl, Det, sig,    mon,    Ring,  sec
#lmd,   E,  HOYAX,  Y,  Smpl,  Det, AGC X, Y, Smpl, Det, pps
#6.75020,	183.6749,	0.000,	94.000,	0.000,	30.000,	0.000,	76.000,	0.000,	29.999,100

-0.006,	-0.022,	0.017203,	-0.000896,	232.296,	2324.908
0.158,	0.295,	0.015318,	0.000601,	232.295,	0.545
0.306,	0.605,	0.014725,	0.000390,	232.293,	0.500
0.458,	0.907,	0.014425,	-0.000965,	232.291,	0.510
0.612,	1.202,	0.015800,	0.000222,	232.289,	0.495
0.766,	1.524,	0.015380,	0.000312,	232.288,	0.530
0.922,	1.824,	0.014723,	-0.000967,	232.287,	0.510
1.098,	2.189,	0.014941,	-0.000276,	232.285,	0.590
1.250,	2.477,	0.016002,	-0.000894,	232.285,	0.500
1.448,	2.887,	0.015786,	0.000045,	232.280,	0.675
1.612,	3.214,	0.015104,	0.000209,	232.278,	0.545
1.778,	3.547,	0.013931,	-0.000330,	232.277,	0.550
1.946,	3.886,	0.014971,	-0.000926,	232.276,	0.570
2.118,	4.226,	0.015013,	-0.000431,	232.274,	0.560
2.268,	4.529,	0.014681,	-0.000541,	232.272,	0.510
2.420,	4.819,	0.015338,	-0.000845,	232.271,	0.495
2.572,	5.122,	0.015015,	0.000493,	232.270,	0.505
2.718,	5.429,	0.015178,	0.002206,	232.266,	0.500
2.868,	5.729,	0.015514,	0.000885,	232.266,	0.490
3.034,	6.060,	0.015370,	0.001279,	232.265,	0.555
3.180,	6.353,	0.015234,	-0.002051,	232.262,	0.500
3.334,	6.646,	0.015044,	-0.000250,	232.260,	0.495
3.486,	6.948,	0.014643,	0.000629,	232.259,	0.505
3.642,	7.262,	0.015493,	-0.000808,	232.258,	0.525
3.788,	7.570,	0.014794,	-0.000929,	232.257,	0.500
3.950,	7.891,	0.015488,	0.000995,	232.255,	0.540
4.114,	8.220,	0.014729,	-0.000024,	232.253,	0.540
4.292,	8.561,	0.014477,	0.000670,	232.250,	0.580
4.466,	8.923,	0.014518,	-0.000280,	232.249,	0.595
4.614,	9.218,	0.016222,	-0.001054,	232.248,	0.495
4.784,	9.547,	0.016174,	-0.001887,	232.246,	0.555
4.928,	9.847,	0.014926,	-0.000177,	232.245,	0.490
5.086,	10.150,	0.014825,	0.000317,	232.245,	0.510
5.232,	10.442,	0.015324,	0.000230,	232.243,	0.495
5.390,	10.771,	0.015198,	-0.001090,	232.239,	0.540
5.546,	11.069,	0.014893,	-0.001247,	232.238,	0.495
5.688,	11.369,	0.014777,	0.000349,	232.236,	0.495
5.844,	11.664,	0.015228,	-0.000181,	232.234,	0.500
5.992,	11.962,	0.015592,	0.001006,	232.233,	0.500
6.154,	12.286,	0.014863,	0.000790,	232.231,	0.540
6.302,	12.583,	0.014611,	-0.000091,	232.231,	0.500
6.448,	12.888,	0.015094,	-0.000069,	232.229,	0.500
6.596,	13.186,	0.015431,	-0.001730,	232.227,	0.495
6.750,	13.478,	0.015222,	0.000510,	232.225,	0.495
6.914,	13.807,	0.015262,	0.000125,	232.224,	0.545
7.082,	14.158,	0.015838,	-0.000194,	232.220,	0.570
7.234,	14.448,	0.015189,	-0.001581,	232.220,	0.495
7.382,	14.741,	0.014830,	-0.001211,	232.218,	0.495
7.532,	15.041,	0.014931,	-0.000506,	232.217,	0.495
7.674,	15.343,	0.015448,	-0.001764,	232.214,	0.500
7.836,	15.665,	0.016061,	0.001204,	232.214,	0.525
8.000,	15.991,	0.015555,	-0.000804,	232.212,	0.545
8.148,	16.286,	0.015641,	0.000801,	232.210,	0.495
8.298,	16.589,	0.015114,	-0.000366,	232.208,	0.510
8.448,	16.886,	0.015333,	-0.000554,	232.206,	0.495
8.602,	17.182,	0.014063,	-0.001717,	232.206,	0.495
8.764,	17.506,	0.014956,	0.001316,	232.204,	0.550
8.912,	17.818,	0.016002,	0.000123,	232.201,	0.500
9.064,	18.120,	0.015250,	0.000088,	232.200,	0.505
9.212,	18.415,	0.014796,	-0.000142,	232.199,	0.500
9.368,	18.727,	0.015078,	-0.000664,	232.198,	0.520
9.522,	19.022,	0.014600,	-0.000886,	232.196,	0.500
9.684,	19.361,	0.014753,	0.000745,	232.195,	0.550
9.874,	19.728,	0.014904,	-0.000929,	232.193,	0.625
10.022,	20.035,	0.015402,	0.000790,	232.191,	0.495
