Smpl, Det, sig,    mon,    Ring,  sec
#lmd,   E,  HOYAX,  Y,  Smpl,  Det, AGC X, Y, Smpl, Det, ppsSmpl, ppsDet
#6.70012,	185.0478,	60.000,	22.000,	4.300,	30.000,	-52.700,	35.000,	10.001,	24.890,25,25

10.001,	17.975,	0.000400,	-0.001032,	323.986,	18.235
10.001,	18.025,	-0.001963,	0.001840,	323.984,	0.530
10.001,	18.068,	-0.001548,	0.002656,	323.980,	0.470
10.001,	18.112,	-0.001603,	0.002593,	323.976,	0.500
10.001,	18.158,	-0.001333,	0.002951,	323.974,	0.500
10.001,	18.202,	-0.000341,	0.002518,	323.972,	0.505
10.001,	18.248,	-0.001405,	0.002809,	323.968,	0.495
10.001,	18.295,	-0.001674,	0.002992,	323.963,	0.535
10.001,	18.338,	-0.001974,	0.001340,	323.960,	0.465
10.001,	18.382,	-0.001156,	0.002563,	323.957,	0.500
10.001,	18.428,	-0.001039,	0.002682,	323.954,	0.500
10.001,	18.472,	-0.000019,	0.002309,	323.949,	0.500
10.001,	18.518,	0.001071,	0.002406,	323.948,	0.500
10.001,	18.565,	0.004010,	0.002066,	323.945,	0.530
10.001,	18.608,	0.058855,	0.001816,	323.942,	0.475
10.001,	18.652,	0.167857,	0.003022,	323.937,	0.495
10.001,	18.698,	0.276062,	0.002477,	323.934,	0.500
10.001,	18.742,	0.389709,	0.002529,	323.931,	0.500
10.001,	18.788,	0.497623,	0.002232,	323.929,	0.500
10.001,	18.835,	0.604041,	0.001506,	323.924,	0.540
10.001,	18.875,	0.695510,	0.002927,	323.922,	0.460
10.001,	18.922,	0.793014,	0.002822,	323.919,	0.500
10.001,	18.968,	0.827361,	0.002792,	323.916,	0.500
10.001,	19.012,	0.829364,	0.002005,	323.911,	0.500
10.001,	19.058,	0.829616,	0.003143,	323.909,	0.500
10.001,	19.105,	0.828894,	0.002766,	323.906,	0.535
10.001,	19.145,	0.829693,	0.001607,	323.903,	0.465
10.001,	19.192,	0.829952,	0.001883,	323.899,	0.500
10.001,	19.238,	0.830099,	0.002535,	323.895,	0.500
10.001,	19.282,	0.830544,	0.002596,	323.893,	0.500
10.001,	19.325,	0.829839,	0.001777,	323.891,	0.500
10.001,	19.375,	0.829724,	0.002264,	323.884,	0.530
10.001,	19.418,	0.830363,	0.001006,	323.882,	0.470
10.001,	19.462,	0.829429,	0.002910,	323.881,	0.500
10.001,	19.508,	0.830419,	0.002042,	323.878,	0.500
10.001,	19.552,	0.830046,	0.001008,	323.872,	0.500
10.001,	19.598,	0.830084,	0.002434,	323.870,	0.500
10.001,	19.645,	0.829980,	0.001710,	323.867,	0.540
10.001,	19.688,	0.830044,	0.001215,	323.864,	0.460
10.001,	19.732,	0.829965,	0.002880,	323.859,	0.500
10.001,	19.775,	0.830005,	0.002615,	323.857,	0.500
10.001,	19.822,	0.830516,	0.002968,	323.855,	0.500
10.001,	19.868,	0.830608,	0.002537,	323.851,	0.500
10.001,	19.915,	0.829641,	0.001450,	323.847,	0.540
10.001,	19.958,	0.829916,	0.001032,	323.843,	0.460
10.001,	20.002,	0.829916,	0.002367,	323.840,	0.500
10.001,	20.048,	0.829322,	0.001900,	323.838,	0.500
10.001,	20.092,	0.828934,	0.003162,	323.833,	0.500
10.001,	20.135,	0.829503,	0.000536,	323.830,	0.500
10.001,	20.185,	0.828670,	0.002238,	323.829,	0.525
10.001,	20.225,	0.827758,	0.002512,	323.826,	0.470
10.001,	20.272,	0.829338,	0.000786,	323.822,	0.505
10.001,	20.318,	0.828821,	0.002104,	323.818,	0.500
10.001,	20.362,	0.828553,	0.003515,	323.815,	0.500
10.001,	20.405,	0.828876,	0.001936,	323.813,	0.495
10.001,	20.452,	0.828031,	0.003001,	323.809,	0.505
10.001,	20.498,	0.828785,	0.002348,	323.806,	0.500
10.001,	20.542,	0.827707,	0.002830,	323.804,	0.500
10.001,	20.588,	0.827613,	0.002749,	323.801,	0.500
10.001,	20.632,	0.824524,	0.002589,	323.796,	0.495
10.001,	20.682,	0.771090,	0.002589,	323.793,	0.545
10.001,	20.722,	0.670021,	0.003231,	323.790,	0.455
10.001,	20.768,	0.569079,	0.002380,	323.787,	0.505
10.001,	20.812,	0.465605,	0.003345,	323.783,	0.500
10.001,	20.855,	0.366007,	0.002766,	323.780,	0.500
10.001,	20.902,	0.266827,	0.001404,	323.777,	0.500
10.001,	20.948,	0.161170,	0.002247,	323.775,	0.535
10.001,	20.992,	0.067969,	0.001615,	323.769,	0.465
10.001,	21.035,	0.002958,	0.001256,	323.767,	0.495
10.001,	21.082,	0.000330,	0.002072,	323.763,	0.500
10.001,	21.128,	-0.000404,	0.002064,	323.762,	0.505
10.001,	21.172,	-0.000948,	0.003167,	323.757,	0.500
10.001,	21.218,	-0.001320,	0.003070,	323.754,	0.500
10.001,	21.262,	-0.001635,	0.001704,	323.751,	0.505
10.001,	21.305,	-0.001899,	0.002921,	323.749,	0.495
10.001,	21.352,	-0.001565,	0.002217,	323.744,	0.500
10.001,	21.398,	-0.001501,	0.002656,	323.741,	0.500
10.001,	21.442,	-0.001927,	0.001771,	323.740,	0.505
10.001,	21.485,	-0.001891,	0.004261,	323.737,	0.490
10.001,	21.532,	-0.001650,	0.002285,	323.733,	0.500
10.001,	21.578,	-0.001043,	0.001921,	323.730,	0.505
10.001,	21.622,	-0.000675,	0.002757,	323.727,	0.505
10.001,	21.668,	-0.000686,	0.001508,	323.726,	0.495
10.001,	21.715,	-0.002238,	0.001943,	323.720,	0.525
10.001,	21.758,	-0.002219,	0.001609,	323.716,	0.475
10.001,	21.802,	-0.001197,	0.002393,	323.714,	0.500
10.001,	21.848,	-0.002063,	0.001663,	323.711,	0.500
10.001,	21.892,	-0.001365,	0.002406,	323.706,	0.500
10.001,	21.935,	-0.002208,	0.002279,	323.703,	0.495
10.001,	21.982,	-0.001882,	0.002449,	323.701,	0.505
