Smpl, Det, sig,    mon,    Ring,  sec
#lmd,   E,  HOYAX,  Y,  Smpl,  Det, AGC X, Y, Smpl, Det, ppsSmpl, ppsDet
#6.70012,	185.0478,	60.000,	22.000,	4.300,	30.000,	-52.700,	35.000,	9.976,	19.750,200,200

-1.184,	-2.570,	-0.002085,	-0.001459,	318.929,	36.860
-1.004,	-2.207,	-0.001950,	0.001699,	318.926,	0.500
-0.817,	-1.829,	-0.002608,	0.002152,	318.925,	0.525
-0.644,	-1.483,	-0.000762,	0.002281,	318.920,	0.480
-0.464,	-1.123,	3.260070,	0.002499,	318.916,	0.500
-0.284,	-0.770,	4.900877,	0.002899,	318.914,	0.495
-0.104,	-0.407,	4.778287,	0.002854,	318.912,	0.500
0.086,	-0.029,	4.126674,	0.001335,	318.907,	0.525
0.259,	0.317,	3.881742,	0.003190,	318.904,	0.480
0.436,	0.677,	3.987799,	0.002561,	318.901,	0.500
0.616,	1.030,	4.066169,	0.003625,	318.899,	0.495
0.821,	1.454,	4.074725,	0.000523,	318.895,	0.585
0.990,	1.782,	4.314829,	0.001538,	318.892,	0.455
1.181,	2.160,	5.004957,	0.001096,	318.890,	0.530
1.354,	2.506,	5.127374,	0.001047,	318.886,	0.475
1.526,	2.851,	5.140246,	0.002798,	318.883,	0.480
1.699,	3.200,	5.148153,	0.001962,	318.880,	0.485
1.876,	3.553,	5.129531,	0.001952,	318.877,	0.490
2.070,	3.938,	5.149055,	0.002837,	318.876,	0.535
2.243,	4.288,	5.135554,	0.003003,	318.871,	0.485
2.416,	4.637,	5.085844,	0.003287,	318.867,	0.485
2.596,	4.993,	5.105130,	0.001870,	318.864,	0.495
2.776,	5.350,	5.296475,	0.002602,	318.863,	0.500
2.963,	5.731,	5.497538,	0.003085,	318.857,	0.525
3.139,	6.077,	5.641036,	0.002643,	318.855,	0.480
3.316,	6.437,	5.764336,	0.002092,	318.852,	0.500
3.496,	6.793,	5.877734,	0.001820,	318.849,	0.495
3.676,	7.153,	5.966069,	0.002475,	318.845,	0.500
3.866,	7.535,	6.067731,	0.001633,	318.843,	0.530
4.039,	7.884,	6.167555,	0.002945,	318.839,	0.485
4.216,	8.233,	6.233634,	0.001758,	318.838,	0.485
4.396,	8.597,	6.317185,	0.002596,	318.832,	0.505
4.576,	8.957,	6.445364,	0.002484,	318.830,	0.500
4.766,	9.331,	6.518214,	0.001898,	318.827,	0.525
4.939,	9.684,	6.537122,	0.003311,	318.824,	0.485
5.116,	10.033,	6.506239,	0.001835,	318.820,	0.485
5.296,	10.393,	6.440318,	0.001816,	318.817,	0.500
5.476,	10.753,	6.356092,	0.001943,	318.814,	0.500
5.670,	11.142,	6.250328,	0.002514,	318.812,	0.540
5.843,	11.491,	6.151790,	0.002492,	318.807,	0.485
6.019,	11.837,	6.044268,	0.003705,	318.804,	0.480
6.196,	12.193,	5.930469,	0.002790,	318.801,	0.495
6.376,	12.557,	5.805680,	0.002247,	318.799,	0.505
6.566,	12.931,	5.661585,	0.001982,	318.794,	0.525
6.739,	13.280,	5.519584,	0.002309,	318.792,	0.480
6.919,	13.640,	5.366720,	0.001624,	318.789,	0.500
7.096,	13.993,	5.203009,	0.002421,	318.787,	0.490
7.279,	14.357,	5.023304,	-0.002921,	318.781,	0.520
7.456,	14.717,	4.829067,	0.001626,	318.779,	0.485
7.646,	15.098,	4.599295,	0.002458,	318.777,	0.530
7.823,	15.444,	4.372644,	0.002410,	318.775,	0.480
7.999,	15.800,	4.123939,	0.002139,	318.771,	0.500
8.176,	16.150,	3.846730,	0.002669,	318.768,	0.480
8.356,	16.513,	3.540675,	0.002027,	318.765,	0.510
8.550,	16.898,	3.178185,	0.001361,	318.761,	0.530
8.723,	17.244,	2.829609,	0.002143,	318.756,	0.480
8.896,	17.593,	2.464116,	0.002882,	318.755,	0.490
9.076,	17.950,	2.096159,	0.002759,	318.754,	0.495
9.256,	18.310,	1.739302,	0.002389,	318.750,	0.495
9.446,	18.695,	1.400175,	0.001958,	318.744,	0.535
9.619,	19.040,	1.150848,	0.002219,	318.742,	0.480
9.796,	19.390,	0.967189,	0.002596,	318.740,	0.490
9.976,	19.750,	0.845019,	0.002962,	318.737,	0.495
