Smpl, Det, sig,    mon,    Ring,  sec
#lmd,   E,  HOYAX,  Y,  Smpl,  Det, AGC X, Y, Smpl, Det, ppsSmpl, ppsDet
#6.70012,	185.0478,	60.000,	22.000,	4.300,	30.000,	0.000,	-76.000,	0.000,	0.000,200,200

0.000,	-3.218,	0.003086,	-0.001224,	327.312,	11.295
0.000,	-2.858,	0.001654,	0.001762,	327.309,	0.500
0.000,	-2.495,	0.002340,	0.003149,	327.304,	0.510
0.000,	-2.142,	0.002666,	0.001995,	327.301,	0.485
0.000,	-1.778,	0.001848,	0.002992,	327.297,	0.505
0.000,	-1.422,	0.002523,	0.003427,	327.296,	0.495
0.000,	-1.066,	0.002057,	0.002070,	327.291,	0.495
0.000,	-0.706,	0.002511,	0.002331,	327.288,	0.500
0.000,	-0.342,	0.000839,	0.002850,	327.285,	0.505
0.000,	0.022,	0.001665,	0.002591,	327.283,	0.505
0.000,	0.378,	0.002065,	0.002212,	327.278,	0.495
0.000,	0.738,	0.001691,	0.002341,	327.276,	0.500
0.000,	1.098,	0.002947,	0.000943,	327.273,	0.500
0.000,	1.458,	0.001727,	0.002846,	327.270,	0.500
0.000,	1.822,	0.001022,	0.002268,	327.268,	0.505
0.000,	2.182,	0.001465,	0.003886,	327.262,	0.500
0.000,	2.549,	0.001561,	0.002014,	327.260,	0.510
0.000,	2.898,	0.000924,	0.003100,	327.258,	0.485
