Num, Lmd, sig,    mon,    Ring,  sec
#lmd,   E,  HOYAX,  Y,  Smpl,  Det, AGC X, Y, Smpl, Det
#6.70043,	185.0392,	0.000,	94.000,	88.700,	-0.062,	0.000,	76.000,	0.000,	29.999

1,	6.70043,	100.308400,	-0.001620,	221.868,	91.240
2,	6.70043,	100.355200,	-0.000722,	221.866,	0.505
3,	6.70043,	100.328700,	0.000373,	221.866,	0.495
4,	6.70043,	100.329800,	-0.001168,	221.864,	0.505
5,	6.70043,	100.349400,	-0.000963,	221.863,	0.495
6,	6.70043,	100.330400,	-0.000870,	221.861,	0.500
7,	6.70043,	100.325800,	-0.001112,	221.860,	0.500
8,	6.70043,	100.317900,	-0.000155,	221.857,	0.500
9,	6.70043,	100.311300,	-0.000116,	221.856,	0.505
10,	6.70043,	100.343300,	-0.000534,	221.856,	0.500
11,	6.70043,	100.317300,	-0.000073,	221.854,	0.495
12,	6.70043,	100.327900,	-0.000500,	221.852,	0.500
13,	6.70043,	100.341300,	0.000071,	221.850,	0.500
14,	6.70043,	100.304400,	-0.001405,	221.849,	0.505
15,	6.70043,	100.315500,	0.000497,	221.848,	0.495
16,	6.70043,	100.328500,	0.000036,	221.846,	0.505
17,	6.70043,	100.321600,	-0.000616,	221.845,	0.510
18,	6.70043,	100.320800,	-0.000595,	221.844,	0.485
19,	6.70043,	100.315500,	-0.001198,	221.843,	0.505
20,	6.70043,	100.310800,	0.000536,	221.841,	0.495
21,	6.70043,	100.338600,	-0.001015,	221.840,	0.495
