Smpl, Det, sig,    mon,    Ring,  sec
#lmd,   E,  HOYAX,  Y,  Smpl,  Det, AGC X, Y, Smpl, Det, ppsSmpl, ppsDet
#6.70012,	185.0478,	60.000,	22.000,	4.300,	30.000,	-52.700,	35.000,	4.932,	9.666,200,200

-1.177,	-2.549,	-0.000707,	-0.000901,	320.989,	40.910
-0.997,	-2.189,	-0.001350,	0.001594,	320.987,	0.495
-0.817,	-1.832,	-0.001192,	0.002695,	320.984,	0.495
-0.637,	-1.472,	-0.000845,	0.002525,	320.981,	0.505
-0.457,	-1.112,	3.556413,	0.001704,	320.976,	0.500
-0.277,	-0.749,	4.009309,	0.002899,	320.975,	0.500
-0.094,	-0.389,	3.837951,	0.001230,	320.971,	0.505
0.083,	-0.032,	3.221384,	0.002307,	320.968,	0.490
0.263,	0.328,	2.897547,	0.002570,	320.965,	0.500
0.443,	0.688,	3.135180,	0.002992,	320.962,	0.500
0.623,	1.048,	3.309436,	0.003699,	320.960,	0.505
0.803,	1.411,	3.645521,	0.001790,	320.957,	0.500
0.986,	1.771,	4.203814,	0.002214,	320.951,	0.505
1.166,	2.131,	4.285917,	0.002505,	320.949,	0.500
1.343,	2.488,	4.290094,	0.002193,	320.947,	0.495
1.523,	2.848,	4.300912,	0.002615,	320.944,	0.500
1.703,	3.208,	4.308408,	0.001844,	320.938,	0.500
1.886,	3.575,	4.261264,	0.001549,	320.936,	0.505
2.063,	3.931,	4.246589,	0.001773,	320.933,	0.500
2.243,	4.288,	4.416535,	0.003134,	320.930,	0.490
2.423,	4.648,	4.671227,	0.002165,	320.926,	0.500
2.603,	5.008,	4.943267,	0.002385,	320.924,	0.505
2.786,	5.371,	5.222720,	0.002960,	320.921,	0.500
2.966,	5.731,	5.509995,	0.003121,	320.919,	0.505
3.143,	6.091,	5.757099,	0.001217,	320.913,	0.500
3.330,	6.466,	6.045508,	-0.001754,	320.911,	0.520
3.503,	6.808,	6.363981,	0.002331,	320.909,	0.475
3.686,	7.171,	6.642356,	0.002380,	320.906,	0.505
3.863,	7.531,	6.817859,	0.002509,	320.901,	0.500
4.043,	7.888,	6.885250,	0.000592,	320.898,	0.495
4.223,	8.248,	6.878570,	0.002051,	320.895,	0.500
4.403,	8.608,	6.840406,	0.001167,	320.893,	0.500
4.586,	8.968,	6.776945,	0.001008,	320.888,	0.500
4.763,	9.324,	6.706317,	0.002081,	320.885,	0.495
4.943,	9.691,	6.620488,	0.002553,	320.882,	0.510
