Smpl, Det, sig,    mon,    Ring,  sec
#lmd,   E,  HOYAX,  Y,  Smpl,  Det, AGC X, Y, Smpl, Det, ppsSmpl, ppsDet
#6.70012,	185.0478,	60.000,	22.000,	4.300,	30.000,	0.000,	-76.000,	0.000,	-0.346,25,25

0.000,	-2.527,	-0.001077,	-0.000926,	310.487,	978.481
0.000,	-2.477,	-0.003351,	0.003354,	310.482,	0.535
0.000,	-2.434,	-0.002459,	0.002550,	310.479,	0.490
0.000,	-2.390,	-0.002242,	0.002382,	310.477,	0.490
0.000,	-2.347,	-0.001177,	0.001840,	310.473,	0.490
0.000,	-2.300,	-0.001556,	0.002458,	310.469,	0.495
0.000,	-2.254,	-0.002106,	0.001598,	310.468,	0.540
0.000,	-2.207,	-0.001022,	0.001503,	310.464,	0.490
0.000,	-2.164,	-0.001431,	0.002688,	310.462,	0.490
0.000,	-2.120,	-0.000726,	0.002369,	310.458,	0.495
0.000,	-2.074,	0.000162,	0.003231,	310.456,	0.490
0.000,	-2.027,	0.000341,	0.001740,	310.454,	0.540
0.000,	-1.984,	0.001248,	0.001659,	310.452,	0.485
0.000,	-1.940,	0.002260,	0.002410,	310.446,	0.490
0.000,	-1.894,	0.003024,	0.002897,	310.444,	0.490
0.000,	-1.850,	0.004055,	0.001945,	310.442,	0.495
0.000,	-1.804,	0.005113,	0.002389,	310.439,	0.540
0.000,	-1.757,	0.006817,	0.001930,	310.435,	0.490
0.000,	-1.714,	0.008531,	0.002413,	310.432,	0.485
0.000,	-1.670,	0.012368,	0.001264,	310.430,	0.495
0.000,	-1.624,	0.019095,	0.001613,	310.428,	0.495
0.000,	-1.577,	0.088241,	0.001564,	310.423,	0.535
0.000,	-1.530,	0.982626,	0.000719,	310.422,	0.535
0.000,	-1.483,	1.958051,	0.001939,	310.418,	0.490
0.000,	-1.440,	2.988291,	0.001667,	310.412,	0.490
0.000,	-1.397,	4.075376,	0.003403,	310.411,	0.495
0.000,	-1.354,	5.103323,	0.002111,	310.409,	0.490
0.000,	-1.303,	6.253623,	0.003108,	310.406,	0.535
0.000,	-1.256,	7.369094,	0.000797,	310.401,	0.540
0.000,	-1.210,	8.241985,	0.003552,	310.399,	0.485
0.000,	-1.166,	8.367870,	0.002479,	310.397,	0.490
0.000,	-1.123,	8.371932,	0.001756,	310.394,	0.490
0.000,	-1.080,	8.375789,	0.001303,	310.390,	0.495
0.000,	-1.030,	8.378662,	0.002357,	310.387,	0.540
0.000,	-0.986,	8.381947,	0.001952,	310.385,	0.495
0.000,	-0.940,	8.383199,	0.002283,	310.382,	0.495
0.000,	-0.896,	8.383186,	0.002229,	310.379,	0.495
0.000,	-0.853,	8.382953,	0.002897,	310.375,	0.490
0.000,	-0.803,	8.385086,	-0.003343,	310.372,	0.575
0.000,	-0.745,	8.386554,	0.001885,	310.369,	0.620
0.000,	-0.695,	8.386964,	0.001700,	310.367,	0.555
0.000,	-0.652,	8.387166,	0.003050,	310.362,	0.500
0.000,	-0.605,	8.388461,	0.002316,	310.360,	0.485
0.000,	-0.562,	8.388350,	0.002977,	310.357,	0.495
0.000,	-0.518,	8.390060,	0.001323,	310.355,	0.500
0.000,	-0.468,	8.388456,	0.001822,	310.352,	0.540
0.000,	-0.425,	8.390977,	0.002104,	310.347,	0.495
0.000,	-0.378,	8.390344,	0.002020,	310.346,	0.490
0.000,	-0.335,	8.391520,	0.002055,	310.343,	0.490
0.000,	-0.292,	8.390452,	0.002462,	310.341,	0.495
0.000,	-0.241,	8.389465,	0.003089,	310.336,	0.540
0.000,	-0.198,	8.388961,	0.001893,	310.333,	0.485
0.000,	-0.155,	8.389099,	0.002727,	310.331,	0.490
0.000,	-0.108,	8.385887,	0.001684,	310.326,	0.500
0.000,	-0.065,	8.386178,	0.001083,	310.324,	0.490
0.000,	-0.018,	8.384649,	0.002372,	310.321,	0.535
0.000,	0.029,	8.385432,	0.002456,	310.319,	0.490
0.000,	0.072,	8.380914,	0.002669,	310.316,	0.495
0.000,	0.115,	8.378519,	0.002593,	310.313,	0.490
0.000,	0.158,	8.376479,	0.001536,	310.310,	0.490
0.000,	0.209,	8.374055,	0.001760,	310.308,	0.540
0.000,	0.252,	8.372839,	0.002820,	310.304,	0.495
0.000,	0.299,	8.369280,	0.003052,	310.301,	0.490
0.000,	0.342,	8.367651,	0.001936,	310.299,	0.490
0.000,	0.385,	8.362573,	0.001581,	310.297,	0.495
0.000,	0.432,	8.358609,	0.002126,	310.291,	0.535
0.000,	0.479,	8.343133,	0.001639,	310.289,	0.495
0.000,	0.522,	8.162833,	0.001781,	310.286,	0.485
0.000,	0.565,	7.176152,	0.002899,	310.284,	0.495
0.000,	0.612,	6.170193,	0.002225,	310.282,	0.495
0.000,	0.659,	5.078406,	0.002533,	310.278,	0.540
0.000,	0.702,	4.082947,	0.002029,	310.275,	0.485
0.000,	0.749,	3.110763,	0.002654,	310.274,	0.490
0.000,	0.792,	2.074190,	0.002313,	310.268,	0.495
0.000,	0.835,	0.920555,	0.002217,	310.265,	0.495
0.000,	0.886,	0.067247,	0.001157,	310.264,	0.535
0.000,	0.929,	0.026228,	0.002475,	310.261,	0.490
0.000,	0.972,	0.019808,	0.002186,	310.256,	0.500
0.000,	1.019,	0.016203,	0.002378,	310.253,	0.490
0.000,	1.062,	0.012519,	0.003246,	310.252,	0.485
0.000,	1.109,	0.010383,	0.002634,	310.250,	0.540
0.000,	1.156,	0.009864,	0.002587,	310.244,	0.500
0.000,	1.199,	0.008390,	0.002277,	310.241,	0.485
0.000,	1.242,	0.007364,	0.001868,	310.238,	0.490
0.000,	1.289,	0.007939,	0.002025,	310.236,	0.500
0.000,	1.336,	0.004538,	0.002001,	310.233,	0.530
0.000,	1.379,	0.004129,	0.002690,	310.230,	0.495
0.000,	1.426,	0.003467,	0.002350,	310.226,	0.495
0.000,	1.469,	0.002200,	0.003218,	310.225,	0.495
0.000,	1.512,	0.002639,	0.002040,	310.220,	0.490
0.000,	1.562,	0.001525,	0.001924,	310.217,	0.545
0.000,	1.606,	0.001853,	0.002555,	310.215,	0.490
0.000,	1.649,	0.001527,	0.002899,	310.212,	0.490
0.000,	1.696,	0.001342,	0.002684,	310.209,	0.490
0.000,	1.739,	0.001989,	0.002548,	310.205,	0.495
0.000,	1.789,	0.000154,	0.002697,	310.204,	0.540
0.000,	1.832,	0.000820,	0.003378,	310.202,	0.500
0.000,	1.876,	-0.000415,	0.003287,	310.197,	0.490
0.000,	1.922,	0.000322,	0.002344,	310.195,	0.495
0.000,	1.966,	-0.000979,	0.002339,	310.193,	0.495
0.000,	2.016,	-0.000911,	0.002008,	310.189,	0.535
