Smpl, Det, sig,    mon,    Ring,  sec
#lmd,   E,  HOYAX,  Y,  Smpl,  Det, AGC X, Y, Smpl, Det, ppsSmpl, ppsDet
#6.70012,	185.0478,	60.000,	22.000,	4.300,	30.000,	-52.700,	35.000,	9.824,	19.447,200,200

-1.184,	-2.570,	-0.001588,	-0.000067,	318.147,	29.575
-1.004,	-2.210,	-0.002968,	0.002238,	318.145,	0.495
-0.810,	-1.818,	-0.002387,	-0.000039,	318.142,	0.545
-0.630,	-1.462,	-0.001493,	0.001995,	318.137,	0.495
-0.454,	-1.109,	3.604335,	0.001900,	318.135,	0.490
-0.281,	-0.760,	4.273081,	0.001671,	318.133,	0.490
-0.104,	-0.407,	4.148341,	0.002313,	318.130,	0.485
0.094,	-0.014,	3.463529,	0.001952,	318.126,	0.550
0.270,	0.338,	3.225874,	0.001631,	318.123,	0.485
0.443,	0.688,	3.326079,	0.002150,	318.121,	0.490
0.619,	1.040,	3.634149,	0.002449,	318.118,	0.485
0.799,	1.397,	3.622838,	0.003218,	318.116,	0.500
0.994,	1.786,	4.326001,	0.001816,	318.110,	0.540
1.166,	2.138,	4.523791,	0.002578,	318.108,	0.485
1.343,	2.488,	4.536101,	0.003263,	318.105,	0.485
1.523,	2.848,	4.529272,	0.003020,	318.100,	0.505
1.699,	3.197,	4.547366,	0.002585,	318.098,	0.485
1.894,	3.586,	4.567900,	0.000821,	318.096,	0.540
2.070,	3.935,	4.517731,	0.002529,	318.093,	0.485
2.246,	4.298,	4.496061,	0.002878,	318.088,	0.500
2.423,	4.648,	4.634312,	0.002723,	318.086,	0.490
2.599,	5.000,	4.897267,	0.002031,	318.083,	0.485
2.797,	5.393,	5.185154,	0.001383,	318.082,	0.550
2.974,	5.746,	5.456017,	0.002548,	318.077,	0.490
3.150,	6.098,	5.751593,	0.002061,	318.074,	0.490
3.326,	6.455,	6.034402,	0.002874,	318.072,	0.495
3.503,	6.808,	6.225742,	0.004412,	318.069,	0.491
3.694,	7.193,	6.372310,	0.001984,	318.065,	0.530
3.870,	7.546,	6.515608,	0.001936,	318.061,	0.490
4.046,	7.895,	6.643090,	0.002313,	318.059,	0.490
4.223,	8.248,	6.713125,	0.002731,	318.056,	0.490
4.399,	8.600,	6.724306,	0.003380,	318.055,	0.490
4.594,	8.986,	6.691489,	0.002044,	318.049,	0.530
4.770,	9.342,	6.631407,	0.001827,	318.047,	0.500
4.946,	9.691,	6.558153,	0.002757,	318.044,	0.485
5.123,	10.044,	6.475759,	0.001547,	318.039,	0.490
5.299,	10.397,	6.386581,	0.002270,	318.037,	0.485
5.490,	10.782,	6.287745,	0.001773,	318.035,	0.540
5.666,	11.135,	6.187648,	0.003836,	318.033,	0.485
5.843,	11.488,	6.083384,	0.001531,	318.027,	0.495
6.019,	11.844,	5.978019,	0.002774,	318.024,	0.490
6.196,	12.193,	5.864280,	0.002376,	318.023,	0.485
6.390,	12.578,	5.733184,	0.001165,	318.019,	0.540
6.566,	12.931,	5.599885,	0.001111,	318.014,	0.485
6.743,	13.284,	5.457343,	0.002428,	318.012,	0.495
6.919,	13.637,	5.307979,	0.001872,	318.010,	0.490
7.096,	13.993,	5.146564,	0.001984,	318.008,	0.490
7.286,	14.378,	4.954047,	0.001992,	318.003,	0.535
7.463,	14.728,	4.766218,	0.002012,	318.000,	0.490
7.639,	15.080,	4.557205,	0.002565,	317.998,	0.485
7.816,	15.433,	4.329133,	0.001784,	317.995,	0.495
7.992,	15.790,	4.083709,	0.001499,	317.993,	0.495
8.186,	16.171,	3.782323,	0.002451,	317.988,	0.530
8.363,	16.528,	3.487302,	0.002387,	317.985,	0.490
8.539,	16.877,	3.161353,	0.002126,	317.983,	0.490
8.712,	17.226,	2.809642,	0.001146,	317.981,	0.485
8.906,	17.615,	2.410940,	0.001167,	317.976,	0.540
9.083,	17.968,	2.050760,	0.002292,	317.974,	0.490
9.263,	18.324,	1.705356,	0.002846,	317.972,	0.495
9.436,	18.673,	1.396547,	0.001990,	317.966,	0.485
9.612,	19.026,	1.143906,	0.002906,	317.964,	0.485
9.806,	19.411,	0.945689,	0.001872,	317.963,	0.540
9.983,	19.764,	0.832367,	0.002307,	317.960,	0.490
