Smpl, Det, sig,    mon,    Ring,  sec
#lmd,   E,  HOYAX,  Y,  Smpl,  Det, AGC X, Y, Smpl, Det, pps
#6.75020,	183.6749,	0.000,	94.000,	10.022,	20.035,	0.000,	76.000,	0.000,	29.999,100

-0.004,	-0.007,	0.012565,	-0.001211,	229.132,	979.007
0.112,	0.204,	0.010310,	0.001098,	229.131,	0.585
0.212,	0.382,	0.010775,	0.001223,	229.129,	0.495
0.314,	0.559,	0.010363,	-0.000134,	229.126,	0.495
0.412,	0.734,	0.010549,	0.000823,	229.124,	0.495
0.512,	0.912,	0.011117,	-0.000138,	229.123,	0.495
0.618,	1.114,	0.010311,	0.000138,	229.122,	0.540
0.716,	1.289,	0.010807,	0.000127,	229.120,	0.495
0.816,	1.469,	0.011036,	0.000439,	229.118,	0.495
0.914,	1.646,	0.010630,	0.000401,	229.117,	0.495
1.016,	1.822,	0.010622,	-0.000121,	229.117,	0.495
1.122,	2.018,	0.010516,	0.000245,	229.113,	0.540
1.220,	2.196,	0.010102,	0.001260,	229.113,	0.495
1.318,	2.374,	0.010146,	0.000291,	229.111,	0.495
1.418,	2.551,	0.010682,	0.000047,	229.109,	0.495
1.520,	2.729,	0.010261,	0.000551,	229.107,	0.495
1.626,	2.926,	0.010171,	-0.000526,	229.106,	0.540
1.726,	3.098,	0.010729,	0.001230,	229.105,	0.495
1.822,	3.281,	0.010785,	0.000155,	229.101,	0.495
1.924,	3.463,	0.010018,	-0.000123,	229.101,	0.495
2.022,	3.638,	0.010647,	0.000282,	229.100,	0.495
2.132,	3.830,	0.010316,	-0.000855,	229.098,	0.545
2.230,	4.015,	0.010351,	-0.000657,	229.095,	0.495
2.330,	4.193,	0.010579,	-0.000315,	229.095,	0.495
2.426,	4.368,	0.010306,	0.000775,	229.095,	0.495
2.526,	4.548,	0.010958,	-0.000328,	229.091,	0.495
2.634,	4.740,	0.010137,	0.000039,	229.089,	0.540
2.736,	4.918,	0.010266,	-0.000838,	229.089,	0.495
2.834,	5.095,	0.010471,	0.000332,	229.087,	0.495
2.934,	5.280,	0.010457,	0.000357,	229.086,	0.500
3.032,	5.460,	0.010912,	0.000409,	229.083,	0.495
3.142,	5.647,	0.009860,	-0.000491,	229.082,	0.540
3.238,	5.830,	0.010715,	-0.000155,	229.081,	0.500
3.336,	6.007,	0.010529,	0.002346,	229.078,	0.495
3.440,	6.182,	0.011017,	-0.000076,	229.077,	0.490
3.538,	6.358,	0.010264,	-0.001336,	229.076,	0.495
3.646,	6.557,	0.010223,	0.001303,	229.075,	0.540
3.742,	6.737,	0.010775,	0.000517,	229.072,	0.495
3.844,	6.910,	0.010892,	-0.000793,	229.071,	0.495
3.940,	7.092,	0.010698,	-0.000099,	229.070,	0.495
4.038,	7.270,	0.010933,	-0.000127,	229.069,	0.495
4.150,	7.462,	0.010015,	-0.000136,	229.067,	0.540
4.246,	7.644,	0.009929,	-0.001196,	229.066,	0.495
4.344,	7.819,	0.010447,	0.000605,	229.064,	0.495
4.444,	7.999,	0.011289,	0.001267,	229.063,	0.495
4.544,	8.179,	0.010823,	-0.000944,	229.061,	0.495
4.650,	8.369,	0.010875,	-0.000601,	229.059,	0.535
4.750,	8.551,	0.010922,	-0.000086,	229.058,	0.495
4.848,	8.726,	0.010232,	-0.000362,	229.057,	0.495
4.948,	8.906,	0.011045,	0.000183,	229.054,	0.490
5.046,	9.084,	0.010401,	0.001454,	229.054,	0.495
5.156,	9.274,	0.010607,	0.000304,	229.052,	0.540
5.252,	9.454,	0.010883,	0.000228,	229.051,	0.495
5.354,	9.629,	0.009552,	-0.000476,	229.048,	0.495
5.450,	9.811,	0.010079,	-0.000304,	229.047,	0.495
5.552,	9.986,	0.011013,	-0.000304,	229.046,	0.495
5.660,	10.181,	0.010223,	0.000413,	229.044,	0.540
5.754,	10.361,	0.010003,	-0.000302,	229.042,	0.495
5.854,	10.538,	0.010495,	0.000868,	229.041,	0.495
5.954,	10.718,	0.011443,	0.000060,	229.040,	0.495
6.052,	10.896,	0.010031,	0.000797,	229.039,	0.495
6.164,	11.088,	0.010976,	0.000019,	229.036,	0.540
6.270,	11.280,	0.010549,	-0.000618,	229.036,	0.540
6.368,	11.465,	0.011045,	0.001564,	229.035,	0.500
6.466,	11.640,	0.010964,	-0.000416,	229.031,	0.490
6.568,	11.822,	0.010661,	0.001045,	229.030,	0.495
6.664,	11.995,	0.011437,	0.000332,	229.029,	0.495
6.774,	12.194,	0.010806,	0.000347,	229.027,	0.540
6.882,	12.389,	0.010890,	-0.000636,	229.025,	0.550
6.982,	12.566,	0.009817,	-0.000377,	229.024,	0.495
7.084,	12.744,	0.010395,	0.000069,	229.023,	0.495
7.178,	12.924,	0.010867,	0.000495,	229.020,	0.495
7.282,	13.099,	0.010506,	-0.000771,	229.019,	0.495
7.390,	13.291,	0.010611,	-0.000418,	229.018,	0.540
7.484,	13.474,	0.010834,	0.000834,	229.016,	0.495
7.588,	13.649,	0.010039,	0.000329,	229.013,	0.495
7.684,	13.831,	0.010420,	-0.000696,	229.012,	0.495
7.784,	14.011,	0.010722,	-0.000052,	229.011,	0.495
7.892,	14.206,	0.009764,	-0.000082,	229.011,	0.540
7.988,	14.381,	0.010460,	0.000715,	229.009,	0.495
8.092,	14.556,	0.010396,	0.000635,	229.007,	0.495
8.188,	14.738,	0.010575,	0.000304,	229.006,	0.495
8.288,	14.911,	0.010428,	0.001368,	229.004,	0.495
8.386,	15.096,	0.010956,	-0.000489,	229.002,	0.490
8.492,	15.288,	0.010465,	-0.000373,	229.000,	0.545
8.592,	15.468,	0.010455,	-0.000636,	229.000,	0.495
8.692,	15.646,	0.010551,	0.000388,	228.999,	0.495
8.794,	15.821,	0.010880,	0.000332,	228.997,	0.495
8.892,	15.998,	0.010383,	0.000551,	228.996,	0.490
9.000,	16.193,	0.010587,	0.000002,	228.994,	0.545
9.098,	16.375,	0.010582,	0.001299,	228.992,	0.495
9.196,	16.546,	0.010545,	-0.000155,	228.990,	0.495
9.294,	16.730,	0.009925,	0.000614,	228.988,	0.495
9.396,	16.906,	0.010807,	0.000375,	228.987,	0.490
9.500,	17.102,	0.010139,	-0.000873,	228.985,	0.540
9.598,	17.278,	0.010409,	0.000062,	228.983,	0.495
9.698,	17.460,	0.010611,	-0.000190,	228.982,	0.495
9.798,	17.638,	0.011126,	-0.001491,	228.980,	0.495
9.900,	17.813,	0.011393,	0.000892,	228.979,	0.495
10.006,	18.010,	0.010115,	0.000812,	228.976,	0.540
10.100,	18.185,	0.010433,	-0.000914,	228.976,	0.495
10.100,	18.360,	0.010506,	0.000941,	228.974,	0.495
10.100,	18.538,	0.010199,	0.000629,	228.972,	0.490
10.100,	18.718,	0.010992,	-0.000201,	228.971,	0.500
10.100,	18.912,	0.010121,	-0.000728,	228.970,	0.535
10.100,	19.092,	0.011218,	-0.000097,	228.969,	0.495
10.100,	19.267,	0.011039,	-0.000313,	228.966,	0.495
10.100,	19.450,	0.010191,	-0.000282,	228.964,	0.495
10.100,	19.630,	0.011358,	-0.001107,	228.964,	0.490
10.100,	19.819,	0.009782,	-0.000013,	228.963,	0.540
10.100,	20.002,	0.010676,	0.001198,	228.960,	0.495
