Lmd,  eV,  sig,    mon,    Ring,  sec
#lmd,   E,  HOYAX,  Y,  Smpl,  Det, AGC X, Y, Smpl, Det, pps
#4.39246,	282.2661,	60.000,	22.000,	4.300,	30.000,	0.000,	-76.000,	0.000,	-0.346,150

4.31049,	287.6338,	1.281136,	-0.002393,	306.699,	138.815
4.31153,	287.5644,	1.283440,	-0.000702,	306.697,	0.500
4.31271,	287.4857,	1.272467,	-0.000050,	306.696,	0.500
4.31390,	287.4064,	1.246718,	0.000144,	306.693,	0.500
4.31509,	287.3271,	1.219432,	0.000054,	306.687,	0.500
4.31620,	287.2532,	1.208776,	-0.000211,	306.684,	0.500
4.31735,	287.1767,	1.222075,	0.001079,	306.683,	0.500
4.31850,	287.1003,	1.264346,	0.000041,	306.680,	0.500
4.31961,	287.0265,	1.332629,	0.000866,	306.676,	0.500
4.32080,	286.9474,	1.415081,	0.000855,	306.673,	0.500
4.32199,	286.8684,	1.499211,	0.001195,	306.670,	0.500
4.32314,	286.7921,	1.568652,	0.000506,	306.669,	0.500
4.32425,	286.7185,	1.618825,	0.000062,	306.663,	0.500
4.32544,	286.6396,	1.639009,	0.000584,	306.661,	0.500
4.32659,	286.5634,	1.628558,	0.000071,	306.659,	0.500
4.32766,	286.4926,	1.587124,	0.000323,	306.657,	0.500
4.32885,	286.4138,	1.515395,	0.000814,	306.654,	0.500
4.33004,	286.3351,	1.421334,	-0.000190,	306.651,	0.500
4.33115,	286.2617,	1.306389,	0.000183,	306.649,	0.500
4.33230,	286.1857,	1.185048,	-0.000170,	306.646,	0.500
4.33345,	286.1098,	1.057794,	0.001161,	306.642,	0.500
4.33456,	286.0365,	0.937097,	0.000838,	306.640,	0.500
4.33571,	285.9606,	0.824713,	0.000334,	306.638,	0.500
4.33690,	285.8822,	0.720833,	-0.000593,	306.635,	0.500
4.33808,	285.8044,	0.637354,	-0.000192,	306.631,	0.500
4.33920,	285.7307,	0.575641,	0.000325,	306.628,	0.500
4.34034,	285.6556,	0.532727,	0.000181,	306.626,	0.500
4.34149,	285.5799,	0.510641,	-0.000020,	306.623,	0.500
4.34261,	285.5063,	0.502636,	0.000478,	306.620,	0.500
4.34376,	285.4307,	0.508345,	0.000760,	306.617,	0.500
4.34498,	285.3506,	0.524589,	0.001021,	306.615,	0.500
4.34613,	285.2750,	0.548823,	0.000928,	306.611,	0.500
4.34724,	285.2022,	0.585270,	0.000627,	306.607,	0.500
4.34843,	285.1242,	0.635493,	-0.000724,	306.605,	0.500
4.34958,	285.0488,	0.698259,	0.000614,	306.603,	0.500
4.35069,	284.9760,	0.775372,	0.000441,	306.601,	0.500
4.35188,	284.8981,	0.882432,	-0.000112,	306.595,	0.500
4.35303,	284.8229,	1.011460,	0.000291,	306.594,	0.500
4.35418,	284.7476,	1.161218,	0.000778,	306.592,	0.500
4.35529,	284.6751,	1.338913,	0.000810,	306.589,	0.500
4.35648,	284.5973,	1.542728,	0.000859,	306.584,	0.500
4.35759,	284.5248,	1.760031,	-0.000855,	306.583,	0.500
4.35870,	284.4523,	2.005152,	0.000616,	306.580,	0.500
4.35989,	284.3747,	2.271229,	0.001023,	306.578,	0.500
4.36108,	284.2971,	2.552688,	0.000429,	306.573,	0.500
4.36219,	284.2248,	2.834276,	-0.000565,	306.570,	0.500
4.36334,	284.1499,	3.126554,	0.000276,	306.569,	0.500
4.36449,	284.0750,	3.424377,	0.001861,	306.566,	0.500
4.36560,	284.0028,	3.697511,	-0.000293,	306.562,	0.500
4.36675,	283.9280,	3.982536,	0.000930,	306.559,	0.500
4.36798,	283.8480,	4.250877,	0.000905,	306.558,	0.500
4.36913,	283.7733,	4.496564,	0.000778,	306.555,	0.500
4.37024,	283.7012,	4.720928,	0.000803,	306.551,	0.500
4.37143,	283.6240,	4.945139,	-0.000106,	306.549,	0.500
4.37257,	283.5500,	5.149544,	0.000637,	306.545,	0.500
4.37365,	283.4800,	5.335905,	0.000633,	306.544,	0.500
4.37484,	283.4029,	5.535149,	0.001092,	306.538,	0.500
4.37602,	283.3265,	5.719557,	-0.000575,	306.536,	0.500
4.37717,	283.2521,	5.886858,	-0.000631,	306.533,	0.500
4.37829,	283.1796,	6.050626,	0.000659,	306.532,	0.500
4.37947,	283.1033,	6.214461,	0.000457,	306.528,	0.500
4.38062,	283.0290,	6.362039,	-0.000662,	306.526,	0.500
4.38177,	282.9547,	6.505996,	0.001361,	306.522,	0.500
4.38304,	282.8727,	6.663230,	0.001486,	306.520,	0.535
4.38423,	282.7959,	6.798036,	0.000153,	306.516,	0.495
4.38530,	282.7269,	6.921247,	0.000250,	306.514,	0.490
4.38645,	282.6528,	7.039045,	0.000719,	306.511,	0.490
4.38756,	282.5813,	7.156588,	0.000183,	306.508,	0.490
4.38867,	282.5098,	7.268870,	0.000637,	306.504,	0.500
4.38982,	282.4358,	7.378813,	0.000345,	306.502,	0.500
4.39097,	282.3619,	7.496833,	-0.000593,	306.500,	0.500
