Smpl, Det, sig,    mon,    Ring,  sec
#lmd,   E,  HOYAX,  Y,  Smpl,  Det, AGC X, Y, Smpl, Det, ppsSmpl, ppsDet
#6.70012,	185.0478,	60.000,	22.000,	4.300,	30.000,	-52.700,	35.000,	10.001,	20.002,200,200

10.001,	14.814,	0.000978,	-0.001353,	324.193,	327.515
10.001,	15.174,	-0.001784,	0.003468,	324.186,	0.500
10.001,	15.556,	-0.001595,	0.001456,	324.184,	0.535
10.001,	15.898,	-0.001488,	0.002809,	324.181,	0.470
10.001,	16.254,	-0.000473,	0.002376,	324.179,	0.500
10.001,	16.614,	0.000405,	0.002294,	324.173,	0.500
10.001,	16.974,	-0.001980,	0.002132,	324.171,	0.500
10.001,	17.334,	-0.001269,	0.002828,	324.168,	0.495
10.001,	17.723,	-0.001075,	0.001430,	324.165,	0.545
10.001,	18.058,	-0.000164,	0.003014,	324.160,	0.465
10.001,	18.414,	0.000143,	0.003009,	324.158,	0.495
10.001,	18.774,	0.455415,	0.003257,	324.155,	0.500
10.001,	19.134,	0.831091,	0.002734,	324.154,	0.495
10.001,	19.498,	0.830467,	0.001945,	324.149,	0.510
10.001,	19.876,	0.832424,	0.002061,	324.147,	0.525
10.001,	20.214,	0.830920,	0.002774,	324.145,	0.470
10.001,	20.574,	0.829505,	0.002826,	324.142,	0.500
10.001,	20.938,	0.204246,	0.002453,	324.136,	0.500
10.001,	21.294,	-0.000871,	0.001073,	324.134,	0.500
10.001,	21.650,	-0.002042,	0.001284,	324.132,	0.495
10.001,	22.025,	-0.001452,	0.001669,	324.129,	0.520
10.001,	22.374,	-0.001591,	0.003117,	324.124,	0.485
10.001,	22.738,	-0.002557,	0.002565,	324.121,	0.500
10.001,	23.094,	-0.002270,	0.002863,	324.119,	0.500
10.001,	23.454,	-0.001946,	0.002550,	324.117,	0.500
10.001,	23.814,	-0.001897,	0.002365,	324.111,	0.500
10.001,	24.174,	-0.002181,	0.002048,	324.107,	0.495
10.001,	24.548,	-0.002372,	0.001531,	324.106,	0.525
10.001,	24.890,	0.000464,	0.003009,	324.104,	0.475
