Smpl, Det, sig,    mon,    Ring,  sec
#lmd,   E,  HOYAX,  Y,  Smpl,  Det, AGC X, Y, Smpl, Det, ppsSmpl, ppsDet
#6.70015,	185.0470,	57.000,	22.000,	4.300,	30.000,	2.400,	24.000,	83.999,	172.246,200,200

83.999,	164.776,	-0.002402,	-0.001217,	301.483,	17.095
83.999,	165.139,	-0.003100,	0.003115,	301.481,	0.500
83.999,	165.521,	-0.003454,	0.002178,	301.479,	0.535
83.999,	165.874,	0.002300,	0.002645,	301.478,	0.490
83.999,	166.219,	-0.000221,	0.002583,	301.473,	0.480
83.999,	166.576,	-0.001590,	0.001098,	301.470,	0.495
83.999,	166.939,	-0.001656,	0.003414,	301.468,	0.505
83.999,	167.321,	-0.002891,	0.002055,	301.465,	0.530
83.999,	167.677,	-0.002998,	0.002910,	301.463,	0.495
83.999,	168.026,	-0.002570,	0.003259,	301.459,	0.485
83.999,	168.376,	-0.003179,	0.002447,	301.457,	0.485
83.999,	168.764,	-0.003496,	0.002357,	301.455,	0.540
83.999,	169.114,	-0.002943,	0.003257,	301.451,	0.485
83.999,	169.463,	-0.002231,	0.003160,	301.447,	0.485
83.999,	169.816,	-0.003124,	0.002749,	301.445,	0.490
