Smpl, Det, sig,    mon,    Ring,  sec
#lmd,   E,  HOYAX,  Y,  Smpl,  Det, AGC X, Y, Smpl, Det, ppsSmpl, ppsDet
#6.70012,	185.0478,	60.000,	22.000,	4.300,	30.000,	0.000,	-76.000,	0.000,	2.894,25,25

0.000,	-3.028,	0.002176,	-0.000659,	326.655,	21.135
0.000,	-2.981,	0.002051,	0.001915,	326.653,	0.500
0.000,	-2.934,	0.000794,	0.001652,	326.650,	0.520
0.000,	-2.891,	0.001574,	0.001980,	326.647,	0.480
0.000,	-2.848,	0.001318,	0.001908,	326.643,	0.500
0.000,	-2.801,	0.001271,	0.002723,	326.640,	0.500
0.000,	-2.758,	0.001704,	0.002251,	326.637,	0.500
0.000,	-2.711,	0.001795,	0.001893,	326.635,	0.500
0.000,	-2.664,	0.000926,	0.000930,	326.629,	0.515
0.000,	-2.621,	0.002293,	0.002505,	326.627,	0.485
0.000,	-2.578,	0.001307,	0.003059,	326.624,	0.500
0.000,	-2.531,	0.002570,	0.001958,	326.622,	0.500
0.000,	-2.488,	0.002227,	0.001691,	326.616,	0.500
0.000,	-2.441,	0.002404,	0.001682,	326.613,	0.500
0.000,	-2.398,	0.001589,	0.002391,	326.611,	0.500
0.000,	-2.351,	0.001412,	0.001185,	326.608,	0.510
0.000,	-2.308,	0.001804,	0.001676,	326.603,	0.495
0.000,	-2.261,	0.002777,	0.003873,	326.601,	0.490
0.000,	-2.218,	0.002664,	0.002662,	326.597,	0.500
0.000,	-2.171,	0.003848,	0.002260,	326.595,	0.505
0.000,	-2.128,	0.003094,	0.000872,	326.590,	0.500
0.000,	-2.081,	0.004529,	0.002128,	326.588,	0.520
0.000,	-2.038,	0.004191,	0.002921,	326.585,	0.475
0.000,	-1.991,	0.004813,	0.002167,	326.583,	0.505
0.000,	-1.948,	0.005705,	0.003210,	326.578,	0.500
0.000,	-1.901,	0.005688,	0.003195,	326.574,	0.500
0.000,	-1.858,	0.006827,	0.002671,	326.573,	0.500
0.000,	-1.811,	0.007822,	0.001885,	326.569,	0.505
0.000,	-1.768,	0.010009,	0.002318,	326.563,	0.495
0.000,	-1.721,	0.011644,	0.002197,	326.562,	0.500
0.000,	-1.678,	0.014807,	0.002938,	326.560,	0.500
0.000,	-1.631,	0.022081,	0.002249,	326.557,	0.500
0.000,	-1.588,	0.058512,	0.001603,	326.551,	0.500
0.000,	-1.541,	0.705770,	0.001086,	326.549,	0.510
0.000,	-1.498,	1.767833,	0.002615,	326.546,	0.490
0.000,	-1.451,	2.838533,	0.002848,	326.543,	0.500
0.000,	-1.408,	3.970865,	0.001626,	326.538,	0.495
0.000,	-1.361,	5.064022,	0.002484,	326.536,	0.500
0.000,	-1.318,	6.196442,	0.003139,	326.533,	0.505
0.000,	-1.271,	7.333598,	0.002451,	326.531,	0.520
0.000,	-1.228,	8.400868,	0.003246,	326.526,	0.480
0.000,	-1.181,	8.805339,	0.001715,	326.523,	0.500
0.000,	-1.138,	8.820342,	0.001671,	326.520,	0.500
0.000,	-1.091,	8.823038,	0.003052,	326.518,	0.500
0.000,	-1.048,	8.826310,	0.001852,	326.513,	0.500
0.000,	-1.001,	8.830250,	0.002421,	326.510,	0.505
0.000,	-0.954,	8.829526,	0.002008,	326.508,	0.510
0.000,	-0.911,	8.832377,	0.002973,	326.504,	0.480
0.000,	-0.868,	8.829635,	0.002902,	326.499,	0.505
0.000,	-0.821,	8.830655,	0.004002,	326.496,	0.505
0.000,	-0.778,	8.832633,	0.002479,	326.495,	0.495
0.000,	-0.731,	8.837452,	0.003597,	326.493,	0.495
0.000,	-0.688,	8.834940,	0.002247,	326.487,	0.505
0.000,	-0.641,	8.836558,	0.001730,	326.484,	0.520
0.000,	-0.598,	8.836555,	0.002242,	326.482,	0.480
0.000,	-0.551,	8.836291,	0.001204,	326.480,	0.500
0.000,	-0.508,	8.839470,	0.003884,	326.473,	0.495
0.000,	-0.461,	8.838465,	0.002087,	326.471,	0.505
0.000,	-0.418,	8.841281,	0.000775,	326.468,	0.500
0.000,	-0.371,	8.840956,	0.002165,	326.466,	0.520
0.000,	-0.328,	8.840819,	0.002602,	326.461,	0.485
0.000,	-0.281,	8.838295,	0.002087,	326.458,	0.495
0.000,	-0.238,	8.841105,	0.002197,	326.456,	0.500
0.000,	-0.191,	8.839852,	0.002895,	326.453,	0.500
0.000,	-0.148,	8.836913,	0.002462,	326.447,	0.500
0.000,	-0.101,	8.835610,	0.002417,	326.444,	0.510
0.000,	-0.058,	8.833380,	0.002798,	326.442,	0.485
0.000,	-0.011,	8.832814,	0.002275,	326.439,	0.505
0.000,	0.032,	8.829645,	0.002647,	326.434,	0.500
0.000,	0.079,	8.828322,	0.002335,	326.431,	0.500
0.000,	0.122,	8.824884,	0.002600,	326.429,	0.500
0.000,	0.169,	8.822871,	0.002665,	326.426,	0.500
0.000,	0.212,	8.821149,	0.002981,	326.422,	0.500
0.000,	0.259,	8.820431,	0.002283,	326.420,	0.505
0.000,	0.302,	8.817624,	0.003421,	326.416,	0.500
0.000,	0.349,	8.812659,	0.003108,	326.414,	0.490
0.000,	0.392,	8.811225,	0.002749,	326.409,	0.500
0.000,	0.439,	8.804195,	0.002169,	326.404,	0.530
0.000,	0.482,	8.793176,	0.001665,	326.403,	0.480
0.000,	0.529,	8.653132,	0.002167,	326.401,	0.495
0.000,	0.572,	7.620108,	0.002165,	326.397,	0.495
0.000,	0.619,	6.480860,	0.002344,	326.393,	0.505
0.000,	0.662,	5.326798,	0.002053,	326.391,	0.500
0.000,	0.709,	4.133951,	0.001639,	326.388,	0.520
0.000,	0.752,	3.131869,	0.001607,	326.381,	0.480
0.000,	0.799,	2.038483,	0.001154,	326.380,	0.495
0.000,	0.842,	0.850978,	0.002036,	326.378,	0.500
0.000,	0.889,	0.081760,	0.002762,	326.375,	0.505
0.000,	0.932,	0.031381,	0.001719,	326.369,	0.505
0.000,	0.979,	0.024351,	0.001437,	326.367,	0.510
0.000,	1.022,	0.019786,	0.002559,	326.365,	0.485
0.000,	1.069,	0.016770,	0.002886,	326.362,	0.500
0.000,	1.112,	0.014464,	0.003341,	326.355,	0.500
0.000,	1.159,	0.012635,	0.002975,	326.353,	0.500
0.000,	1.202,	0.011597,	0.002391,	326.351,	0.500
0.000,	1.249,	0.009002,	0.002518,	326.349,	0.495
0.000,	1.296,	0.007894,	0.002100,	326.344,	0.530
0.000,	1.339,	0.007034,	0.001607,	326.342,	0.475
0.000,	1.382,	0.006665,	0.001180,	326.339,	0.500
0.000,	1.429,	0.006352,	0.001725,	326.337,	0.500
0.000,	1.472,	0.005202,	0.002563,	326.331,	0.500
0.000,	1.519,	0.004855,	0.003419,	326.328,	0.500
0.000,	1.562,	0.003929,	0.002684,	326.326,	0.505
0.000,	1.609,	0.003716,	0.001665,	326.323,	0.515
0.000,	1.652,	0.004012,	0.003175,	326.319,	0.475
0.000,	1.699,	0.004625,	0.002040,	326.315,	0.500
0.000,	1.742,	0.003271,	0.001174,	326.313,	0.505
0.000,	1.789,	0.003411,	0.001295,	326.310,	0.505
0.000,	1.832,	0.002272,	0.002160,	326.305,	0.495
0.000,	1.879,	0.002225,	0.002352,	326.302,	0.495
0.000,	1.926,	0.001618,	0.002738,	326.301,	0.535
0.000,	1.969,	0.001736,	0.002559,	326.297,	0.470
0.000,	2.012,	0.001535,	0.002197,	326.293,	0.505
