Smpl, Det, sig,    mon,    Ring,  sec
#lmd,   E,  HOYAX,  Y,  Smpl,  Det, AGC X, Y, Smpl, Det, ppsSmpl, ppsDet
#6.70012,	185.0478,	60.000,	22.000,	4.300,	30.000,	-52.700,	35.000,	4.946,	9.695,200,200

-1.188,	-2.574,	-0.000643,	-0.001275,	321.348,	42.400
-1.004,	-2.207,	-0.001350,	0.004022,	321.346,	0.510
-0.824,	-1.854,	-0.002093,	0.001202,	321.344,	0.495
-0.644,	-1.490,	0.000079,	0.002471,	321.339,	0.500
-0.468,	-1.134,	3.388746,	0.002854,	321.336,	0.500
-0.284,	-0.767,	5.255407,	0.002634,	321.334,	0.505
-0.104,	-0.410,	5.123130,	0.001926,	321.331,	0.495
0.072,	-0.054,	4.506354,	0.002983,	321.327,	0.500
0.252,	0.306,	4.185085,	0.002462,	321.323,	0.495
0.436,	0.670,	4.180609,	0.001355,	321.322,	0.505
0.612,	1.026,	4.190743,	0.002645,	321.319,	0.500
0.796,	1.393,	4.474859,	0.002212,	321.315,	0.505
0.976,	1.750,	4.372697,	0.002406,	321.311,	0.500
1.152,	2.106,	4.999648,	0.001493,	321.308,	0.490
1.332,	2.466,	5.423891,	0.002469,	321.306,	0.505
1.512,	2.826,	5.476217,	0.002611,	321.302,	0.495
1.696,	3.190,	5.473438,	0.002559,	321.298,	0.510
1.876,	3.546,	5.477686,	0.002712,	321.296,	0.495
2.056,	3.906,	5.442228,	0.001945,	321.294,	0.500
2.232,	4.266,	5.461380,	0.002813,	321.289,	0.500
2.416,	4.626,	5.529536,	0.002641,	321.286,	0.500
2.592,	4.986,	5.443344,	0.003727,	321.284,	0.495
2.776,	5.350,	5.360239,	0.003416,	321.281,	0.510
2.956,	5.713,	5.390479,	0.002712,	321.276,	0.500
3.132,	6.066,	5.477542,	0.001641,	321.274,	0.495
3.312,	6.426,	5.580918,	0.002120,	321.271,	0.495
3.496,	6.790,	5.685095,	0.002033,	321.267,	0.505
3.676,	7.150,	5.781286,	0.002632,	321.263,	0.500
3.852,	7.506,	5.882901,	0.001822,	321.262,	0.500
4.032,	7.866,	5.964400,	0.003724,	321.259,	0.495
4.212,	8.226,	6.062193,	0.002326,	321.257,	0.505
4.392,	8.586,	6.136816,	0.002783,	321.252,	0.500
4.576,	8.950,	6.209838,	0.003399,	321.249,	0.500
4.756,	9.306,	6.306761,	0.002423,	321.247,	0.500
4.932,	9.666,	6.407051,	0.002729,	321.245,	0.500
