Num, Lmd, sig,    mon,    Ring,  sec
#lmd,   E,  HOYAX,  Y,  Smpl,  Det, AGC X, Y, Smpl, Det
#6.70012,	185.0478,	60.000,	22.000,	4.300,	30.000,	0.000,	-76.000,	0.000,	0.000

1,	6.70012,	0.001371,	-0.003223,	327.441,	1000.341
2,	6.70012,	0.000274,	0.000398,	327.439,	0.495
3,	6.70012,	0.000147,	0.000814,	327.436,	0.505
4,	6.70012,	0.000530,	-0.000442,	327.433,	0.525
5,	6.70012,	0.000000,	-0.000530,	327.429,	0.475
6,	6.70012,	0.000130,	-0.000162,	327.426,	0.505
7,	6.70012,	0.000300,	-0.000207,	327.424,	0.490
8,	6.70012,	-0.000520,	-0.000517,	327.421,	0.505
9,	6.70012,	0.000042,	-0.000300,	327.416,	0.500
10,	6.70012,	0.000038,	-0.001515,	327.414,	0.505
11,	6.70012,	0.000264,	0.000319,	327.411,	0.510
12,	6.70012,	0.000296,	-0.000151,	327.408,	0.485
13,	6.70012,	-0.000294,	-0.000679,	327.403,	0.505
14,	6.70012,	-0.000028,	0.000732,	327.401,	0.495
15,	6.70012,	0.000093,	0.000131,	327.398,	0.505
16,	6.70012,	-0.000213,	0.000500,	327.397,	0.495
17,	6.70012,	0.000240,	-0.000022,	327.390,	0.530
18,	6.70012,	0.000313,	0.000144,	327.387,	0.475
19,	6.70012,	0.000291,	0.000521,	327.385,	0.495
