Smpl, Det, sig,    mon,    Ring,  sec
#lmd,   E,  HOYAX,  Y,  Smpl,  Det, AGC X, Y, Smpl, Det, ppsSmpl, ppsDet
#6.70015,	185.0470,	57.000,	22.000,	4.300,	30.000,	2.400,	24.000,	83.999,	164.999,25,25

83.999,	167.969,	-0.000943,	-0.000478,	301.844,	183.235
83.999,	168.016,	-0.003681,	0.002960,	301.842,	0.500
83.999,	168.062,	-0.003837,	0.000373,	301.840,	0.535
83.999,	168.106,	-0.002836,	0.002843,	301.835,	0.490
83.999,	168.152,	-0.002802,	0.002273,	301.833,	0.490
83.999,	168.196,	-0.002150,	0.001766,	301.831,	0.490
83.999,	168.242,	-0.002936,	0.000762,	301.826,	0.520
83.999,	168.286,	-0.002957,	0.002076,	301.824,	0.495
83.999,	168.336,	-0.003077,	0.001887,	301.822,	0.540
83.999,	168.379,	-0.002723,	0.002191,	301.820,	0.490
83.999,	168.422,	-0.003175,	0.001766,	301.816,	0.485
83.999,	168.466,	-0.003967,	0.002578,	301.813,	0.490
83.999,	168.509,	-0.002670,	0.002591,	301.812,	0.485
83.999,	168.559,	-0.004112,	0.001070,	301.810,	0.535
83.999,	168.602,	-0.003424,	0.002682,	301.805,	0.490
83.999,	168.646,	-0.002753,	0.001331,	301.802,	0.485
83.999,	168.689,	-0.003409,	0.002867,	301.800,	0.490
83.999,	168.736,	-0.003006,	0.002040,	301.798,	0.485
83.999,	168.782,	-0.003279,	0.001999,	301.795,	0.540
83.999,	168.826,	-0.003675,	0.002662,	301.791,	0.500
83.999,	168.872,	-0.002615,	0.002436,	301.789,	0.485
83.999,	168.916,	-0.003075,	0.002723,	301.787,	0.485
83.999,	168.959,	-0.002696,	0.002283,	301.785,	0.490
83.999,	169.009,	-0.004186,	0.001939,	301.781,	0.550
83.999,	169.052,	-0.003111,	0.003673,	301.779,	0.485
83.999,	169.096,	-0.003045,	0.002514,	301.776,	0.480
83.999,	169.139,	-0.003664,	0.002893,	301.775,	0.495
83.999,	169.186,	-0.002483,	0.002408,	301.769,	0.490
83.999,	169.232,	-0.004207,	0.002214,	301.767,	0.540
83.999,	169.276,	-0.002845,	0.002354,	301.765,	0.485
83.999,	169.319,	-0.002687,	0.003057,	301.762,	0.485
83.999,	169.366,	-0.002340,	0.001896,	301.758,	0.500
83.999,	169.409,	-0.003081,	0.002296,	301.756,	0.495
83.999,	169.456,	-0.004041,	0.002197,	301.754,	0.530
83.999,	169.502,	-0.002370,	0.002488,	301.750,	0.490
83.999,	169.546,	-0.002589,	0.001784,	301.748,	0.500
83.999,	169.589,	-0.002508,	0.002768,	301.745,	0.490
83.999,	169.636,	-0.002706,	0.002630,	301.743,	0.485
83.999,	169.682,	-0.003424,	0.001594,	301.742,	0.535
83.999,	169.729,	-0.003258,	0.001809,	301.737,	0.505
83.999,	169.769,	-0.003371,	0.003022,	301.734,	0.480
83.999,	169.816,	-0.003138,	0.001792,	301.732,	0.490
83.999,	169.859,	-0.003068,	0.003029,	301.731,	0.495
83.999,	169.909,	-0.003822,	0.003067,	301.725,	0.540
83.999,	169.952,	-0.002947,	0.001682,	301.724,	0.485
83.999,	169.996,	-0.002214,	0.004110,	301.721,	0.490
83.999,	170.039,	-0.003213,	0.002774,	301.719,	0.480
83.999,	170.086,	-0.002402,	0.002544,	301.715,	0.500
83.999,	170.132,	-0.003300,	0.002701,	301.713,	0.540
83.999,	170.176,	-0.002987,	0.001898,	301.710,	0.490
83.999,	170.219,	-0.003733,	0.002425,	301.708,	0.480
83.999,	170.266,	-0.002913,	0.002479,	301.703,	0.500
83.999,	170.309,	-0.002627,	0.002856,	301.701,	0.495
83.999,	170.356,	-0.003716,	0.002583,	301.699,	0.535
83.999,	170.402,	-0.002992,	0.001924,	301.695,	0.485
83.999,	170.446,	-0.002700,	0.003186,	301.693,	0.500
83.999,	170.489,	-0.002615,	0.002055,	301.690,	0.485
83.999,	170.536,	-0.003115,	0.003279,	301.687,	0.495
83.999,	170.582,	-0.003977,	0.001732,	301.685,	0.535
83.999,	170.626,	-0.002962,	0.002716,	301.681,	0.490
83.999,	170.669,	-0.002082,	0.003026,	301.678,	0.485
83.999,	170.716,	-0.003488,	0.002667,	301.676,	0.490
83.999,	170.762,	-0.003622,	0.001626,	301.674,	0.535
83.999,	170.806,	-0.003013,	0.003761,	301.670,	0.495
83.999,	170.852,	-0.003166,	0.002031,	301.668,	0.490
83.999,	170.896,	-0.002857,	0.002904,	301.665,	0.485
83.999,	170.939,	-0.003104,	0.002525,	301.663,	0.490
83.999,	170.986,	-0.003009,	0.002878,	301.659,	0.540
83.999,	171.032,	-0.003445,	0.002546,	301.657,	0.490
83.999,	171.076,	-0.003072,	0.002486,	301.653,	0.485
83.999,	171.119,	-0.002636,	0.002815,	301.650,	0.500
83.999,	171.166,	-0.002727,	0.001575,	301.647,	0.490
83.999,	171.212,	-0.003424,	0.000812,	301.646,	0.535
83.999,	171.256,	-0.003718,	0.003011,	301.643,	0.485
83.999,	171.299,	-0.002449,	0.002572,	301.640,	0.490
83.999,	171.346,	-0.003190,	0.002604,	301.635,	0.490
83.999,	171.389,	-0.002668,	0.001463,	301.633,	0.500
83.999,	171.436,	-0.003451,	0.001419,	301.632,	0.535
83.999,	171.482,	-0.003239,	0.002135,	301.628,	0.490
83.999,	171.526,	-0.003258,	0.001850,	301.624,	0.480
83.999,	171.569,	-0.002747,	0.003880,	301.622,	0.495
83.999,	171.616,	-0.002600,	0.002143,	301.620,	0.500
83.999,	171.662,	-0.003132,	0.001243,	301.618,	0.535
83.999,	171.706,	-0.003349,	0.003201,	301.613,	0.485
83.999,	171.749,	-0.002745,	0.002643,	301.612,	0.490
83.999,	171.796,	-0.002468,	0.003126,	301.610,	0.490
83.999,	171.839,	-0.003371,	0.001870,	301.607,	0.500
83.999,	171.886,	-0.002585,	0.002783,	301.603,	0.535
83.999,	171.932,	-0.002983,	0.002858,	301.600,	0.490
83.999,	171.976,	-0.003092,	0.002365,	301.597,	0.485
83.999,	172.019,	-0.002265,	0.002643,	301.595,	0.490
83.999,	172.066,	-0.002180,	0.001874,	301.591,	0.500
83.999,	172.112,	-0.003232,	0.001458,	301.589,	0.535
83.999,	172.156,	-0.002866,	0.001924,	301.586,	0.490
83.999,	172.202,	-0.002410,	0.002354,	301.584,	0.490
83.999,	172.246,	-0.002404,	0.001781,	301.580,	0.510
