Smpl, Det, sig,    mon,    Ring,  sec
#lmd,   E,  HOYAX,  Y,  Smpl,  Det, AGC X, Y, Smpl, Det, ppsSmpl, ppsDet
#6.70012,	185.0478,	60.000,	22.000,	4.300,	30.000,	-52.700,	35.000,	9.986,	19.771,200,200

-1.166,	-2.534,	-0.001597,	-0.000870,	317.322,	36.945
-0.976,	-2.153,	-0.002027,	0.001779,	317.316,	0.530
-0.799,	-1.800,	-0.001812,	0.003108,	317.313,	0.490
-0.623,	-1.444,	-0.001214,	0.001962,	317.311,	0.495
-0.443,	-1.087,	3.403650,	0.002852,	317.309,	0.495
-0.270,	-0.734,	3.653867,	0.002647,	317.306,	0.490
-0.076,	-0.346,	3.387794,	0.002169,	317.302,	0.540
0.104,	0.007,	2.816108,	0.002878,	317.300,	0.490
0.281,	0.364,	2.710561,	0.002992,	317.298,	0.495
0.457,	0.713,	3.042294,	0.002557,	317.293,	0.485
0.634,	1.066,	3.048659,	0.002122,	317.291,	0.490
0.828,	1.462,	3.744629,	0.000786,	317.288,	0.550
1.004,	1.814,	3.918231,	0.002951,	317.286,	0.490
1.181,	2.164,	3.946152,	0.002716,	317.281,	0.485
1.357,	2.513,	3.969459,	0.002367,	317.278,	0.485
1.537,	2.873,	3.983675,	0.002376,	317.275,	0.500
1.732,	3.262,	3.928273,	0.002294,	317.273,	0.540
1.904,	3.611,	3.936046,	0.003563,	317.268,	0.485
2.081,	3.964,	4.112291,	0.000530,	317.265,	0.490
2.261,	4.324,	4.382283,	0.002902,	317.264,	0.495
2.437,	4.673,	4.639145,	0.002307,	317.262,	0.490
2.632,	5.062,	4.956363,	0.001603,	317.255,	0.540
2.804,	5.411,	5.229352,	0.003003,	317.253,	0.485
2.984,	5.767,	5.479349,	0.001861,	317.251,	0.495
3.161,	6.120,	5.779973,	0.002886,	317.249,	0.490
3.337,	6.473,	6.069579,	0.001784,	317.246,	0.490
3.532,	6.858,	6.357662,	0.002201,	317.241,	0.535
3.708,	7.222,	6.594675,	0.002350,	317.238,	0.505
3.888,	7.582,	6.746491,	0.001941,	317.236,	0.495
4.068,	7.934,	6.809759,	0.002938,	317.231,	0.495
4.241,	8.284,	6.807946,	0.001943,	317.228,	0.485
4.439,	8.676,	6.757364,	0.001676,	317.226,	0.545
4.615,	9.029,	6.698119,	0.001766,	317.224,	0.490
4.792,	9.382,	6.624511,	0.002154,	317.218,	0.490
4.968,	9.734,	6.544632,	0.002262,	317.216,	0.490
5.148,	10.094,	6.459220,	0.002514,	317.214,	0.500
5.342,	10.480,	6.360001,	0.000422,	317.212,	0.535
5.515,	10.832,	6.265204,	0.002305,	317.208,	0.490
5.692,	11.185,	6.168582,	0.002079,	317.205,	0.490
5.872,	11.542,	6.061212,	0.002298,	317.203,	0.495
6.048,	11.894,	5.953622,	0.001967,	317.199,	0.490
6.239,	12.280,	5.826174,	0.001861,	317.195,	0.535
6.415,	12.629,	5.703968,	0.001516,	317.192,	0.485
6.595,	12.992,	5.567079,	0.003001,	317.190,	0.505
6.772,	13.342,	5.426108,	0.002490,	317.187,	0.485
6.948,	13.691,	5.271470,	0.002066,	317.182,	0.485
7.139,	14.076,	5.093628,	0.002023,	317.179,	0.535
7.319,	14.436,	4.914612,	0.000980,	317.178,	0.500
7.492,	14.785,	4.721554,	0.002507,	317.174,	0.485
7.672,	15.142,	4.510089,	0.003091,	317.170,	0.495
7.844,	15.491,	4.280131,	0.002447,	317.167,	0.485
8.042,	15.887,	3.999225,	0.001969,	317.166,	0.550
8.219,	16.240,	3.720063,	0.001600,	317.159,	0.490
8.395,	16.589,	3.416291,	0.001575,	317.157,	0.485
8.572,	16.945,	3.086284,	0.001699,	317.154,	0.500
8.752,	17.302,	2.725824,	0.001977,	317.152,	0.490
8.946,	17.690,	2.324646,	0.001687,	317.149,	0.540
9.122,	18.047,	1.961574,	0.002977,	317.145,	0.500
9.302,	18.403,	1.623032,	0.002189,	317.143,	0.485
9.482,	18.760,	1.320079,	0.003003,	317.140,	0.500
9.655,	19.112,	1.087584,	0.001120,	317.136,	0.490
9.850,	19.498,	0.906563,	0.001818,	317.133,	0.540
