Lmd,  eV,  sig,    mon,    Ring,  sec
#lmd,   E,  HOYAX,  Y,  Smpl,  Det, AGC X, Y, Smpl, Det, pps
#4.39320,	282.2185,	60.000,	22.000,	4.300,	30.000,	0.000,	-76.000,	0.000,	-0.346,150

4.31103,	287.5977,	1.284135,	-0.002439,	307.697,	205.645
4.31210,	287.5264,	1.288183,	0.000092,	307.695,	0.500
4.31325,	287.4497,	1.276015,	0.000846,	307.690,	0.500
4.31444,	287.3704,	1.249387,	0.000907,	307.687,	0.500
4.31563,	287.2912,	1.226141,	0.000325,	307.684,	0.500
4.31674,	287.2173,	1.210084,	0.000918,	307.682,	0.500
4.31789,	287.1408,	1.225385,	0.000534,	307.678,	0.500
4.31908,	287.0617,	1.268293,	0.000566,	307.676,	0.500
4.32019,	286.9879,	1.334129,	0.000577,	307.674,	0.500
4.32134,	286.9116,	1.419274,	0.000855,	307.672,	0.500
4.32253,	286.8326,	1.501528,	0.000607,	307.668,	0.500
4.32368,	286.7563,	1.570681,	0.000806,	307.665,	0.500
4.32479,	286.6827,	1.619915,	0.000939,	307.664,	0.500
4.32598,	286.6038,	1.641368,	0.001025,	307.660,	0.500
4.32713,	286.5277,	1.631999,	0.000788,	307.656,	0.500
4.32820,	286.4568,	1.593049,	0.000256,	307.653,	0.500
4.32939,	286.3781,	1.519255,	0.000877,	307.651,	0.500
4.33058,	286.2994,	1.423558,	0.001592,	307.650,	0.500
4.33169,	286.2260,	1.313568,	0.000915,	307.645,	0.500
4.33284,	286.1501,	1.190534,	0.000515,	307.643,	0.500
4.33399,	286.0741,	1.060970,	0.001126,	307.640,	0.500
4.33510,	286.0009,	0.941874,	0.000603,	307.637,	0.500
4.33625,	285.9250,	0.827999,	0.001251,	307.633,	0.500
4.33744,	285.8466,	0.725323,	0.000569,	307.631,	0.500
4.33862,	285.7688,	0.640753,	0.000060,	307.628,	0.500
4.33974,	285.6951,	0.578993,	0.000851,	307.626,	0.500
4.34089,	285.6194,	0.534791,	0.001898,	307.622,	0.500
4.34203,	285.5444,	0.512108,	-0.000485,	307.619,	0.500
4.34315,	285.4708,	0.504364,	0.000528,	307.617,	0.500
4.34430,	285.3952,	0.509470,	0.000299,	307.615,	0.500
4.34552,	285.3151,	0.524938,	-0.000022,	307.610,	0.500
4.34667,	285.2396,	0.550712,	-0.000263,	307.608,	0.500
4.34778,	285.1668,	0.585518,	0.000745,	307.606,	0.500
4.34897,	285.0888,	0.634111,	0.000469,	307.604,	0.500
4.35012,	285.0134,	0.698262,	0.001267,	307.600,	0.500
4.35123,	284.9407,	0.774529,	0.000999,	307.596,	0.500
4.35242,	284.8628,	0.880334,	0.000189,	307.594,	0.500
4.35361,	284.7849,	1.012406,	0.000144,	307.591,	0.500
4.35472,	284.7123,	1.157839,	0.000390,	307.586,	0.500
4.35587,	284.6372,	1.335286,	-0.000978,	307.585,	0.500
4.35702,	284.5620,	1.541385,	0.001226,	307.583,	0.500
4.35813,	284.4895,	1.758231,	-0.000065,	307.580,	0.500
4.35928,	284.4145,	2.003624,	0.000971,	307.576,	0.500
4.36047,	284.3369,	2.275172,	0.000581,	307.573,	0.500
4.36162,	284.2619,	2.557603,	-0.000244,	307.571,	0.500
4.36273,	284.1896,	2.837754,	-0.000746,	307.569,	0.500
4.36388,	284.1147,	3.133848,	0.000476,	307.564,	0.500
4.36507,	284.0372,	3.433480,	0.000754,	307.562,	0.500
4.36618,	283.9650,	3.710982,	0.000549,	307.559,	0.500
4.36733,	283.8903,	3.994892,	0.000920,	307.557,	0.500
4.36852,	283.8129,	4.265462,	0.000599,	307.552,	0.500
4.36967,	283.7382,	4.508177,	0.000767,	307.550,	0.500
4.37078,	283.6662,	4.733964,	0.000603,	307.548,	0.500
4.37197,	283.5890,	4.958770,	0.000217,	307.546,	0.500
4.37312,	283.5144,	5.162851,	-0.000147,	307.541,	0.500
4.37423,	283.4424,	5.358084,	0.000353,	307.540,	0.500
4.37541,	283.3660,	5.551116,	0.000920,	307.536,	0.500
4.37660,	283.2890,	5.735787,	-0.000657,	307.534,	0.500
4.37771,	283.2171,	5.905616,	0.000215,	307.530,	0.500
4.37886,	283.1427,	6.065636,	-0.000431,	307.528,	0.500
4.38001,	283.0684,	6.231056,	0.000545,	307.524,	0.500
4.38116,	282.9941,	6.382066,	0.000948,	307.523,	0.500
4.38231,	282.9198,	6.526447,	0.000357,	307.519,	0.500
4.38350,	282.8430,	6.674517,	0.001463,	307.516,	0.500
4.38469,	282.7663,	6.807947,	0.001098,	307.514,	0.500
4.38576,	282.6973,	6.931309,	-0.000091,	307.512,	0.500
4.38695,	282.6206,	7.058161,	0.002085,	307.506,	0.500
4.38810,	282.5465,	7.176724,	0.001443,	307.504,	0.500
4.38921,	282.4751,	7.287024,	0.000284,	307.502,	0.500
4.39036,	282.4011,	7.406058,	0.000103,	307.499,	0.500
4.39155,	282.3246,	7.519005,	0.000620,	307.495,	0.500
