Smpl, Det, sig,    mon,    Ring,  sec
#lmd,   E,  HOYAX,  Y,  Smpl,  Det, AGC X, Y, Smpl, Det, pps
#6.70043,	185.0392,	0.000,	94.000,	88.700,	-2.333,	0.000,	76.000,	0.000,	29.999,100

88.700,	-3.000,	0.011562,	-0.002844,	222.750,	20.330
88.700,	-2.988,	0.010700,	-0.001732,	222.747,	0.505
88.700,	-2.976,	0.012351,	-0.000666,	222.747,	0.495
88.700,	-2.964,	0.012650,	-0.000830,	222.745,	0.500
88.700,	-2.952,	0.013325,	-0.000698,	222.742,	0.500
88.700,	-2.940,	0.014355,	-0.000235,	222.740,	0.500
88.700,	-2.928,	0.013471,	0.000327,	222.740,	0.500
88.700,	-2.916,	0.013924,	-0.000610,	222.739,	0.500
88.700,	-2.904,	0.013990,	-0.001215,	222.738,	0.505
88.700,	-2.892,	0.015257,	-0.000457,	222.736,	0.495
88.700,	-2.880,	0.014178,	-0.001250,	222.734,	0.500
88.700,	-2.868,	0.015671,	-0.000330,	222.733,	0.500
88.700,	-2.856,	0.016647,	0.000463,	222.731,	0.500
88.700,	-2.844,	0.017033,	-0.000349,	222.730,	0.500
88.700,	-2.832,	0.016585,	-0.000155,	222.728,	0.500
88.700,	-2.820,	0.017110,	-0.000369,	222.727,	0.500
88.700,	-2.808,	0.016262,	-0.002997,	222.726,	0.500
88.700,	-2.794,	0.017899,	-0.000338,	222.723,	0.535
88.700,	-2.784,	0.018054,	-0.001288,	222.722,	0.465
88.700,	-2.772,	0.018972,	0.000426,	222.722,	0.500
88.700,	-2.760,	0.018933,	-0.000108,	222.719,	0.500
88.700,	-2.748,	0.019860,	-0.000851,	222.718,	0.500
88.700,	-2.736,	0.020597,	-0.000022,	222.717,	0.500
88.700,	-2.724,	0.020136,	-0.000890,	222.716,	0.500
88.700,	-2.712,	0.020646,	-0.001090,	222.715,	0.500
88.700,	-2.700,	0.021993,	-0.000608,	222.712,	0.500
88.700,	-2.688,	0.022193,	-0.000384,	222.712,	0.500
88.700,	-2.676,	0.022053,	0.000142,	222.709,	0.500
88.700,	-2.664,	0.024277,	-0.000095,	222.708,	0.500
88.700,	-2.652,	0.023876,	-0.000022,	222.707,	0.500
88.700,	-2.640,	0.024482,	-0.000909,	222.705,	0.500
88.700,	-2.628,	0.025454,	-0.001618,	222.703,	0.505
88.700,	-2.616,	0.026061,	-0.000450,	222.702,	0.495
88.700,	-2.604,	0.025721,	-0.000289,	222.701,	0.500
88.700,	-2.592,	0.025962,	0.000202,	222.700,	0.500
88.700,	-2.580,	0.026945,	-0.000009,	222.699,	0.500
88.700,	-2.568,	0.027156,	-0.001678,	222.697,	0.500
88.700,	-2.556,	0.028761,	0.001376,	222.695,	0.500
88.700,	-2.544,	0.028574,	-0.000394,	222.694,	0.500
88.700,	-2.530,	0.029657,	-0.000862,	222.692,	0.530
88.700,	-2.520,	0.030386,	-0.000718,	222.690,	0.470
88.700,	-2.508,	0.032301,	0.000140,	222.689,	0.500
88.700,	-2.496,	0.032004,	-0.000379,	222.689,	0.500
88.700,	-2.484,	0.032730,	-0.000108,	222.686,	0.500
88.700,	-2.472,	0.034032,	0.000336,	222.686,	0.500
88.700,	-2.460,	0.034359,	-0.001648,	222.683,	0.500
88.700,	-2.448,	0.035070,	0.000388,	222.683,	0.505
88.700,	-2.436,	0.035820,	-0.001665,	222.680,	0.495
88.700,	-2.424,	0.037050,	-0.001538,	222.678,	0.500
88.700,	-2.412,	0.037572,	-0.000944,	222.677,	0.500
88.700,	-2.400,	0.039315,	-0.000069,	222.674,	0.500
88.700,	-2.388,	0.039811,	-0.000565,	222.674,	0.500
88.700,	-2.376,	0.041030,	-0.000433,	222.673,	0.500
88.700,	-2.364,	0.040722,	-0.001637,	222.671,	0.515
88.700,	-2.352,	0.043467,	0.000693,	222.670,	0.485
88.700,	-2.340,	0.043702,	-0.001368,	222.668,	0.500
88.700,	-2.328,	0.044659,	0.000515,	222.666,	0.500
88.700,	-2.316,	0.046423,	0.000273,	222.665,	0.500
88.700,	-2.304,	0.046744,	-0.000944,	222.663,	0.500
88.700,	-2.292,	0.047895,	-0.001064,	222.663,	0.500
88.700,	-2.280,	0.049505,	-0.001032,	222.662,	0.500
88.700,	-2.268,	0.049018,	-0.002290,	222.660,	0.505
88.700,	-2.256,	0.051862,	-0.000444,	222.659,	0.495
88.700,	-2.244,	0.052719,	-0.000224,	222.657,	0.500
88.700,	-2.232,	0.053590,	0.000108,	222.654,	0.500
88.700,	-2.220,	0.055480,	-0.000002,	222.653,	0.500
88.700,	-2.208,	0.056611,	-0.000812,	222.652,	0.500
88.700,	-2.196,	0.058367,	-0.001230,	222.651,	0.500
88.700,	-2.184,	0.059759,	-0.001717,	222.650,	0.510
88.700,	-2.172,	0.059871,	-0.000269,	222.646,	0.490
88.700,	-2.160,	0.062086,	0.000021,	222.646,	0.500
88.700,	-2.148,	0.063196,	0.001437,	222.645,	0.500
88.700,	-2.136,	0.065333,	0.000179,	222.642,	0.500
88.700,	-2.124,	0.067091,	0.000028,	222.641,	0.500
88.700,	-2.112,	0.068927,	-0.000692,	222.639,	0.500
88.700,	-2.100,	0.069462,	-0.000858,	222.638,	0.500
88.700,	-2.088,	0.069880,	-0.000216,	222.637,	0.500
88.700,	-2.074,	0.072149,	-0.001648,	222.635,	0.530
88.700,	-2.064,	0.074081,	-0.000425,	222.633,	0.470
88.700,	-2.052,	0.074911,	-0.000914,	222.634,	0.500
88.700,	-2.040,	0.077264,	-0.000071,	222.631,	0.500
88.700,	-2.028,	0.079634,	0.000467,	222.629,	0.500
88.700,	-2.016,	0.081002,	0.000129,	222.628,	0.500
88.700,	-2.004,	0.082468,	-0.001601,	222.627,	0.500
88.700,	-1.992,	0.083870,	-0.000506,	222.625,	0.505
88.700,	-1.980,	0.086445,	-0.000127,	222.623,	0.495
88.700,	-1.968,	0.089052,	0.000000,	222.623,	0.500
88.700,	-1.956,	0.089968,	-0.000642,	222.620,	0.500
88.700,	-1.944,	0.093388,	-0.000267,	222.620,	0.500
88.700,	-1.932,	0.093069,	-0.000073,	222.616,	0.500
88.700,	-1.920,	0.095557,	-0.001896,	222.615,	0.500
88.700,	-1.908,	0.096710,	-0.000095,	222.615,	0.515
88.700,	-1.896,	0.100421,	-0.001327,	222.613,	0.485
88.700,	-1.884,	0.102323,	-0.000011,	222.611,	0.500
88.700,	-1.872,	0.103459,	-0.001394,	222.610,	0.500
88.700,	-1.860,	0.105448,	0.000011,	222.609,	0.500
88.700,	-1.848,	0.107583,	-0.000700,	222.609,	0.500
88.700,	-1.836,	0.108759,	-0.001079,	222.606,	0.500
88.700,	-1.824,	0.110593,	-0.002014,	222.605,	0.525
88.700,	-1.812,	0.112931,	-0.000618,	222.604,	0.475
88.700,	-1.800,	0.115114,	0.000504,	222.602,	0.500
88.700,	-1.788,	0.119149,	-0.000754,	222.600,	0.500
88.700,	-1.776,	0.120569,	-0.000416,	222.598,	0.500
88.700,	-1.764,	0.123394,	-0.001107,	222.598,	0.500
88.700,	-1.752,	0.126051,	-0.000332,	222.597,	0.500
88.700,	-1.738,	0.126480,	-0.001224,	222.594,	0.520
88.700,	-1.728,	0.131106,	0.000021,	222.593,	0.480
88.700,	-1.716,	0.133261,	-0.000332,	222.590,	0.500
88.700,	-1.704,	0.135234,	-0.000668,	222.588,	0.500
88.700,	-1.692,	0.137975,	-0.000870,	222.588,	0.500
88.700,	-1.680,	0.140981,	-0.000457,	222.586,	0.500
88.700,	-1.668,	0.144131,	-0.000541,	222.585,	0.500
88.700,	-1.656,	0.147895,	-0.001590,	222.585,	0.515
88.700,	-1.644,	0.151046,	0.000086,	222.582,	0.485
88.700,	-1.632,	0.153043,	-0.000985,	222.580,	0.500
88.700,	-1.620,	0.156904,	-0.000634,	222.579,	0.500
88.700,	-1.608,	0.159906,	-0.001064,	222.579,	0.500
88.700,	-1.596,	0.163741,	-0.000806,	222.576,	0.500
88.700,	-1.584,	0.167053,	-0.000483,	222.575,	0.500
88.700,	-1.572,	0.170733,	-0.000853,	222.572,	0.525
88.700,	-1.560,	0.174853,	-0.000735,	222.572,	0.475
88.700,	-1.548,	0.179755,	-0.000881,	222.569,	0.500
88.700,	-1.536,	0.184524,	0.000541,	222.568,	0.500
88.700,	-1.524,	0.188016,	-0.000306,	222.567,	0.500
88.700,	-1.512,	0.193733,	-0.000444,	222.566,	0.500
88.700,	-1.500,	0.198260,	-0.000662,	222.564,	0.500
88.700,	-1.488,	0.204091,	-0.000780,	222.563,	0.500
88.700,	-1.474,	0.209376,	-0.001299,	222.562,	0.540
88.700,	-1.464,	0.215864,	-0.000024,	222.559,	0.460
88.700,	-1.452,	0.222931,	-0.000412,	222.559,	0.500
88.700,	-1.440,	0.231546,	0.000553,	222.558,	0.500
88.700,	-1.428,	0.241707,	-0.000948,	222.556,	0.500
88.700,	-1.416,	0.263490,	0.000021,	222.555,	0.505
88.700,	-1.404,	0.386718,	-0.001450,	222.552,	0.495
88.700,	-1.392,	1.312295,	0.000691,	222.551,	0.500
88.700,	-1.380,	2.130226,	-0.000573,	222.550,	0.500
88.700,	-1.368,	2.127909,	-0.000705,	222.548,	0.500
88.700,	-1.356,	2.308865,	0.000069,	222.546,	0.500
88.700,	-1.344,	1.710325,	-0.000806,	222.545,	0.500
88.700,	-1.332,	0.619602,	-0.000198,	222.544,	0.500
88.700,	-1.320,	0.496914,	-0.000181,	222.544,	0.500
88.700,	-1.306,	0.613110,	-0.000369,	222.540,	0.525
88.700,	-1.296,	0.727249,	-0.001357,	222.539,	0.475
88.700,	-1.284,	0.891691,	0.000360,	222.539,	0.500
88.700,	-1.272,	1.102957,	-0.000537,	222.536,	0.500
88.700,	-1.260,	1.310891,	-0.000336,	222.536,	0.500
88.700,	-1.248,	1.254937,	-0.000369,	222.534,	0.500
88.700,	-1.236,	1.176338,	0.000032,	222.532,	0.500
88.700,	-1.224,	1.193056,	-0.000681,	222.532,	0.500
88.700,	-1.212,	1.560570,	-0.001084,	222.529,	0.500
88.700,	-1.200,	9.150964,	-0.000024,	222.528,	0.500
88.700,	-1.188,	32.717240,	0.000752,	222.527,	0.500
88.700,	-1.176,	56.442500,	-0.000571,	222.525,	0.500
88.700,	-1.164,	79.965960,	-0.000705,	222.524,	0.500
88.700,	-1.152,	96.535890,	-0.000767,	222.523,	0.500
88.700,	-1.140,	98.167880,	0.000105,	222.522,	0.505
88.700,	-1.128,	98.438350,	-0.000002,	222.519,	0.495
88.700,	-1.116,	98.558890,	-0.000804,	222.517,	0.500
88.700,	-1.104,	98.590430,	-0.000140,	222.516,	0.500
88.700,	-1.092,	98.576740,	-0.000024,	222.515,	0.500
88.700,	-1.080,	98.607210,	-0.000739,	222.514,	0.500
88.700,	-1.068,	98.628690,	-0.000933,	222.511,	0.500
88.700,	-1.056,	98.664220,	-0.000987,	222.510,	0.510
88.700,	-1.044,	98.662740,	0.000026,	222.509,	0.490
88.700,	-1.032,	98.642420,	-0.000532,	222.507,	0.500
88.700,	-1.020,	98.636530,	0.000276,	222.506,	0.500
88.700,	-1.008,	98.649540,	-0.000657,	222.505,	0.500
88.700,	-0.996,	98.664830,	0.000170,	222.504,	0.500
88.700,	-0.982,	98.670460,	-0.001612,	222.502,	0.525
88.700,	-0.972,	98.667850,	-0.001086,	222.500,	0.475
88.700,	-0.958,	98.695490,	-0.000302,	222.499,	0.530
88.700,	-0.948,	98.681770,	-0.001260,	222.497,	0.470
88.700,	-0.936,	98.699980,	0.000874,	222.494,	0.500
88.700,	-0.922,	98.636470,	-0.003811,	222.494,	0.570
88.700,	-0.912,	98.618260,	-0.000099,	222.492,	0.430
88.700,	-0.900,	98.679380,	-0.001596,	222.491,	0.500
88.700,	-0.888,	98.715650,	0.000148,	222.490,	0.500
88.700,	-0.876,	98.751780,	0.000075,	222.488,	0.525
88.700,	-0.864,	98.741530,	-0.000767,	222.486,	0.475
88.700,	-0.852,	98.726290,	-0.000868,	222.486,	0.500
88.700,	-0.840,	98.726850,	-0.000429,	222.484,	0.500
88.700,	-0.828,	98.750280,	0.000034,	222.482,	0.500
88.700,	-0.816,	98.751750,	-0.001069,	222.481,	0.500
88.700,	-0.804,	98.789390,	0.000441,	222.480,	0.500
88.700,	-0.790,	98.801490,	-0.000836,	222.478,	0.535
88.700,	-0.780,	98.815900,	0.000265,	222.476,	0.465
88.700,	-0.768,	98.801650,	-0.000211,	222.475,	0.500
88.700,	-0.756,	98.886940,	-0.000728,	222.473,	0.500
88.700,	-0.744,	98.857610,	-0.000285,	222.472,	0.500
88.700,	-0.732,	98.882760,	0.000013,	222.469,	0.500
88.700,	-0.720,	98.893580,	-0.000528,	222.469,	0.500
88.700,	-0.706,	98.902130,	-0.001082,	222.468,	0.530
88.700,	-0.696,	98.867800,	0.000269,	222.466,	0.470
88.700,	-0.684,	98.918210,	0.000840,	222.464,	0.500
88.700,	-0.672,	98.923580,	0.000295,	222.463,	0.500
88.700,	-0.660,	98.935050,	0.000151,	222.462,	0.500
88.700,	-0.648,	98.970280,	-0.000287,	222.460,	0.500
88.700,	-0.636,	98.951750,	-0.000659,	222.457,	0.500
88.700,	-0.624,	98.930480,	0.000429,	222.457,	0.505
88.700,	-0.612,	98.954940,	-0.001359,	222.456,	0.495
88.700,	-0.600,	98.952790,	-0.000795,	222.454,	0.500
88.700,	-0.588,	98.969520,	-0.000642,	222.453,	0.500
88.700,	-0.576,	99.072860,	-0.000886,	222.451,	0.500
88.700,	-0.564,	99.076240,	-0.001590,	222.451,	0.500
88.700,	-0.552,	99.063290,	0.000737,	222.449,	0.500
88.700,	-0.540,	99.087980,	-0.000218,	222.447,	0.515
88.700,	-0.528,	99.068340,	0.001064,	222.446,	0.485
88.700,	-0.516,	99.106730,	0.000148,	222.445,	0.500
88.700,	-0.504,	99.133050,	-0.000926,	222.441,	0.500
88.700,	-0.492,	99.141450,	0.000308,	222.441,	0.500
88.700,	-0.480,	99.127200,	-0.000343,	222.440,	0.500
88.700,	-0.468,	99.170580,	-0.000976,	222.438,	0.500
88.700,	-0.456,	99.152450,	-0.000681,	222.437,	0.500
88.700,	-0.444,	99.215150,	0.000192,	222.435,	0.515
88.700,	-0.432,	99.197490,	-0.000285,	222.434,	0.485
88.700,	-0.420,	99.190420,	-0.000164,	222.433,	0.500
88.700,	-0.408,	99.228910,	-0.000812,	222.431,	0.500
88.700,	-0.396,	99.313400,	-0.000662,	222.428,	0.500
88.700,	-0.384,	99.300500,	-0.000381,	222.428,	0.500
88.700,	-0.372,	99.361760,	-0.001491,	222.427,	0.500
88.700,	-0.358,	99.362080,	-0.001131,	222.424,	0.540
88.700,	-0.348,	99.421630,	-0.001084,	222.423,	0.460
88.700,	-0.336,	99.392170,	-0.000778,	222.423,	0.500
88.700,	-0.324,	99.450990,	-0.001734,	222.421,	0.500
88.700,	-0.312,	99.442010,	-0.000121,	222.420,	0.500
88.700,	-0.300,	99.469820,	-0.000162,	222.417,	0.500
88.700,	-0.288,	99.491370,	-0.001273,	222.416,	0.500
88.700,	-0.276,	99.515500,	-0.000041,	222.415,	0.505
88.700,	-0.264,	99.531380,	-0.000198,	222.414,	0.495
88.700,	-0.252,	99.558460,	0.000642,	222.413,	0.500
88.700,	-0.240,	99.576350,	0.000043,	222.411,	0.500
88.700,	-0.228,	99.696970,	-0.000478,	222.410,	0.500
88.700,	-0.216,	99.705670,	-0.001239,	222.409,	0.500
88.700,	-0.204,	99.715390,	-0.000521,	222.406,	0.500
88.700,	-0.192,	99.743240,	-0.001138,	222.404,	0.500
88.700,	-0.180,	99.749560,	-0.000453,	222.404,	0.500
88.700,	-0.168,	99.754840,	-0.000728,	222.401,	0.500
88.700,	-0.156,	99.768310,	-0.000530,	222.400,	0.500
88.700,	-0.144,	99.794890,	-0.000855,	222.399,	0.500
88.700,	-0.132,	99.792440,	-0.000465,	222.399,	0.500
88.700,	-0.120,	99.820360,	0.000312,	222.397,	0.500
88.700,	-0.108,	99.865550,	-0.000892,	222.394,	0.520
88.700,	-0.096,	99.901510,	-0.000677,	222.393,	0.480
88.700,	-0.084,	99.976950,	0.000291,	222.391,	0.500
88.700,	-0.072,	100.011700,	-0.001161,	222.390,	0.500
88.700,	-0.060,	99.988730,	-0.000101,	222.388,	0.500
88.700,	-0.048,	100.029800,	0.000148,	222.387,	0.500
88.700,	-0.036,	100.047200,	-0.001079,	222.386,	0.500
88.700,	-0.022,	100.056200,	-0.001187,	222.385,	0.530
88.700,	-0.012,	100.035300,	-0.000545,	222.383,	0.470
88.700,	0.000,	100.123700,	0.000704,	222.381,	0.500
88.700,	0.012,	100.183200,	0.000192,	222.380,	0.500
88.700,	0.024,	100.309900,	-0.000827,	222.380,	0.500
88.700,	0.036,	100.458100,	-0.000269,	222.377,	0.500
88.700,	0.048,	100.544300,	-0.000231,	222.376,	0.500
88.700,	0.062,	100.622300,	-0.000493,	222.374,	0.515
88.700,	0.072,	100.644200,	-0.000547,	222.372,	0.485
88.700,	0.084,	100.665800,	0.000252,	222.370,	0.500
88.700,	0.096,	100.638100,	-0.000379,	222.370,	0.500
88.700,	0.108,	100.568300,	-0.001209,	222.368,	0.500
88.700,	0.120,	100.491800,	0.000678,	222.367,	0.500
88.700,	0.132,	100.321000,	-0.000011,	222.365,	0.500
88.700,	0.146,	100.130400,	-0.000157,	222.363,	0.540
88.700,	0.156,	99.951720,	-0.000106,	222.363,	0.460
88.700,	0.168,	99.854330,	-0.000013,	222.361,	0.500
88.700,	0.180,	99.800500,	-0.000144,	222.359,	0.500
88.700,	0.192,	99.755480,	-0.001487,	222.358,	0.500
88.700,	0.204,	99.769520,	-0.000593,	222.357,	0.500
88.700,	0.218,	99.793240,	-0.000114,	222.355,	0.530
88.700,	0.228,	99.792540,	-0.000024,	222.353,	0.470
88.700,	0.240,	99.824630,	-0.000024,	222.351,	0.500
88.700,	0.252,	99.823740,	0.001290,	222.350,	0.500
88.700,	0.264,	99.744220,	-0.001026,	222.350,	0.500
88.700,	0.276,	99.706490,	0.000067,	222.346,	0.500
88.700,	0.288,	99.600720,	0.000032,	222.345,	0.500
88.700,	0.302,	99.505630,	0.000189,	222.344,	0.540
88.700,	0.312,	99.446750,	0.000497,	222.342,	0.460
88.700,	0.324,	99.452120,	0.000140,	222.340,	0.500
88.700,	0.336,	99.506810,	0.000110,	222.339,	0.500
88.700,	0.348,	99.540020,	-0.001021,	222.339,	0.500
88.700,	0.360,	99.616030,	-0.001038,	222.337,	0.500
88.700,	0.372,	99.624100,	-0.000886,	222.335,	0.500
88.700,	0.384,	99.624060,	0.000099,	222.334,	0.515
88.700,	0.396,	99.564670,	-0.000580,	222.334,	0.485
88.700,	0.408,	99.456920,	-0.000272,	222.332,	0.500
88.700,	0.420,	99.375090,	-0.001148,	222.330,	0.500
88.700,	0.432,	99.343030,	-0.000590,	222.328,	0.500
88.700,	0.444,	99.291730,	-0.000569,	222.327,	0.500
88.700,	0.456,	99.236490,	-0.001452,	222.325,	0.500
88.700,	0.468,	99.181020,	-0.001278,	222.323,	0.530
88.700,	0.480,	99.123130,	-0.000067,	222.322,	0.470
88.700,	0.492,	99.028490,	-0.000323,	222.321,	0.500
88.700,	0.504,	98.978340,	-0.001002,	222.319,	0.500
88.700,	0.516,	98.910750,	-0.000254,	222.319,	0.500
88.700,	0.528,	98.883570,	-0.000995,	222.317,	0.500
88.700,	0.540,	98.869710,	-0.000627,	222.315,	0.500
88.700,	0.554,	98.875280,	-0.001426,	222.313,	0.540
88.700,	0.564,	98.903470,	-0.000942,	222.312,	0.460
88.700,	0.576,	98.880880,	0.000605,	222.311,	0.500
88.700,	0.588,	98.917570,	0.000133,	222.310,	0.500
88.700,	0.600,	98.934730,	0.000058,	222.308,	0.500
88.700,	0.612,	98.898200,	-0.000246,	222.306,	0.500
88.700,	0.624,	98.921800,	-0.000065,	222.305,	0.500
88.700,	0.636,	98.909940,	-0.000554,	222.304,	0.500
88.700,	0.648,	98.903530,	-0.000526,	222.302,	0.500
88.700,	0.660,	98.861320,	0.000646,	222.301,	0.500
88.700,	0.672,	98.819240,	-0.000651,	222.299,	0.500
88.700,	0.684,	98.807200,	-0.000414,	222.298,	0.500
88.700,	0.696,	98.763830,	-0.001194,	222.297,	0.500
88.700,	0.708,	98.759290,	-0.000063,	222.295,	0.500
88.700,	0.720,	98.733320,	-0.000315,	222.293,	0.500
88.700,	0.732,	98.745680,	-0.001566,	222.292,	0.500
88.700,	0.744,	98.732820,	0.000220,	222.290,	0.500
88.700,	0.756,	98.718100,	0.000105,	222.290,	0.500
88.700,	0.768,	98.719220,	-0.001301,	222.287,	0.500
88.700,	0.780,	98.663270,	-0.001015,	222.286,	0.500
88.700,	0.794,	98.584740,	-0.001079,	222.283,	0.540
88.700,	0.804,	98.560150,	-0.000409,	222.282,	0.460
88.700,	0.816,	98.535120,	-0.000756,	222.281,	0.500
88.700,	0.828,	98.490300,	0.000472,	222.280,	0.500
88.700,	0.840,	98.553470,	-0.000571,	222.279,	0.500
88.700,	0.852,	98.547570,	-0.000489,	222.276,	0.500
88.700,	0.864,	98.526810,	-0.000662,	222.276,	0.500
88.700,	0.876,	98.509560,	-0.000821,	222.274,	0.500
88.700,	0.888,	98.477640,	0.000429,	222.273,	0.500
88.700,	0.900,	98.460800,	0.000159,	222.271,	0.500
88.700,	0.912,	98.414350,	-0.000325,	222.270,	0.500
88.700,	0.924,	98.332590,	-0.000756,	222.268,	0.500
88.700,	0.936,	98.300900,	0.000187,	222.266,	0.500
88.700,	0.948,	98.226770,	-0.000166,	222.265,	0.500
88.700,	0.960,	98.121460,	0.000500,	222.264,	0.500
88.700,	0.972,	98.043220,	-0.000442,	222.262,	0.500
88.700,	0.984,	97.928760,	0.000265,	222.261,	0.500
88.700,	0.996,	97.616360,	-0.000388,	222.260,	0.500
88.700,	1.008,	97.373660,	-0.000750,	222.259,	0.500
88.700,	1.020,	96.697890,	-0.000272,	222.257,	0.500
88.700,	1.032,	90.329270,	-0.000304,	222.254,	0.500
88.700,	1.044,	67.639530,	0.000183,	222.253,	0.500
88.700,	1.056,	46.700030,	-0.000733,	222.252,	0.500
88.700,	1.068,	25.476500,	0.000760,	222.250,	0.500
88.700,	1.080,	3.456478,	-0.000616,	222.250,	0.500
88.700,	1.092,	1.085200,	-0.001441,	222.247,	0.500
88.700,	1.104,	1.018163,	0.000650,	222.245,	0.500
88.700,	1.116,	1.107859,	0.000045,	222.245,	0.500
88.700,	1.128,	1.391288,	-0.000084,	222.243,	0.500
88.700,	1.140,	3.174740,	0.000148,	222.241,	0.500
88.700,	1.152,	3.122856,	0.000709,	222.240,	0.500
88.700,	1.164,	3.016599,	0.000653,	222.239,	0.500
88.700,	1.178,	3.242385,	-0.000429,	222.237,	0.545
88.700,	1.188,	1.275880,	-0.001051,	222.235,	0.455
88.700,	1.200,	0.278249,	0.000650,	222.235,	0.500
88.700,	1.212,	0.209732,	-0.001181,	222.233,	0.500
88.700,	1.224,	0.189187,	-0.000041,	222.232,	0.500
88.700,	1.236,	0.174483,	-0.000192,	222.229,	0.500
88.700,	1.248,	0.163529,	-0.000116,	222.228,	0.500
88.700,	1.262,	0.153309,	-0.001377,	222.227,	0.525
88.700,	1.272,	0.144365,	-0.000720,	222.225,	0.475
88.700,	1.284,	0.135737,	-0.000203,	222.223,	0.500
88.700,	1.296,	0.129730,	-0.001202,	222.222,	0.500
88.700,	1.308,	0.122443,	0.000161,	222.221,	0.500
88.700,	1.320,	0.115203,	0.000922,	222.220,	0.500
88.700,	1.332,	0.108058,	0.000101,	222.217,	0.500
88.700,	1.346,	0.101868,	-0.001278,	222.216,	0.545
88.700,	1.356,	0.097198,	0.000146,	222.216,	0.455
88.700,	1.368,	0.093456,	0.000237,	222.213,	0.500
88.700,	1.380,	0.088383,	-0.000565,	222.211,	0.500
88.700,	1.392,	0.085806,	-0.000642,	222.211,	0.500
88.700,	1.404,	0.080191,	-0.000078,	222.210,	0.500
88.700,	1.416,	0.075852,	-0.000776,	222.208,	0.500
88.700,	1.428,	0.073219,	0.000215,	222.206,	0.500
88.700,	1.440,	0.069123,	-0.000718,	222.205,	0.500
88.700,	1.452,	0.066190,	-0.001551,	222.203,	0.500
88.700,	1.464,	0.062686,	-0.000860,	222.201,	0.500
88.700,	1.476,	0.060489,	-0.000763,	222.200,	0.500
88.700,	1.488,	0.057588,	-0.000157,	222.198,	0.500
88.700,	1.500,	0.055679,	-0.000642,	222.196,	0.500
88.700,	1.512,	0.053005,	-0.000524,	222.195,	0.500
88.700,	1.524,	0.050657,	-0.000250,	222.193,	0.500
88.700,	1.536,	0.048459,	0.000469,	222.192,	0.500
88.700,	1.548,	0.046278,	-0.000901,	222.191,	0.500
88.700,	1.560,	0.044391,	-0.000903,	222.190,	0.505
88.700,	1.572,	0.042523,	-0.000203,	222.188,	0.495
88.700,	1.584,	0.040721,	-0.000379,	222.188,	0.500
88.700,	1.596,	0.040338,	-0.000224,	222.186,	0.500
88.700,	1.608,	0.037950,	-0.000970,	222.184,	0.500
88.700,	1.620,	0.036423,	-0.001110,	222.182,	0.500
88.700,	1.632,	0.034134,	-0.000093,	222.181,	0.500
88.700,	1.644,	0.031939,	-0.000022,	222.181,	0.505
88.700,	1.656,	0.032200,	0.000381,	222.178,	0.495
88.700,	1.668,	0.031256,	-0.000530,	222.176,	0.500
88.700,	1.680,	0.030228,	0.000097,	222.175,	0.500
88.700,	1.692,	0.028595,	-0.000711,	222.175,	0.500
88.700,	1.704,	0.027440,	0.000461,	222.173,	0.500
88.700,	1.716,	0.025884,	-0.001482,	222.170,	0.500
88.700,	1.728,	0.026317,	0.000069,	222.169,	0.500
88.700,	1.740,	0.024917,	-0.001217,	222.168,	0.500
88.700,	1.752,	0.023693,	0.000383,	222.166,	0.500
88.700,	1.764,	0.023869,	-0.000543,	222.165,	0.500
88.700,	1.776,	0.022299,	0.000282,	222.164,	0.500
88.700,	1.788,	0.020881,	-0.000506,	222.162,	0.500
88.700,	1.800,	0.021066,	0.000075,	222.161,	0.500
88.700,	1.812,	0.020129,	-0.000793,	222.159,	0.500
88.700,	1.824,	0.020327,	-0.000450,	222.158,	0.500
88.700,	1.836,	0.019166,	-0.000465,	222.156,	0.500
88.700,	1.848,	0.018506,	0.000067,	222.155,	0.500
88.700,	1.860,	0.017742,	-0.000944,	222.153,	0.500
88.700,	1.872,	0.016104,	-0.000696,	222.152,	0.500
88.700,	1.884,	0.017509,	-0.000043,	222.151,	0.500
88.700,	1.896,	0.016658,	-0.000039,	222.149,	0.500
88.700,	1.908,	0.015848,	-0.000985,	222.146,	0.500
88.700,	1.920,	0.016177,	-0.000032,	222.146,	0.500
88.700,	1.932,	0.013805,	-0.001370,	222.145,	0.500
88.700,	1.944,	0.014341,	-0.000297,	222.143,	0.500
88.700,	1.956,	0.013895,	0.000558,	222.140,	0.500
88.700,	1.968,	0.014650,	-0.000379,	222.139,	0.500
88.700,	1.980,	0.014494,	-0.000073,	222.138,	0.500
88.700,	1.992,	0.013602,	-0.000420,	222.137,	0.500
88.700,	2.004,	0.013161,	-0.000078,	222.135,	0.500
