Smpl, Det, sig,    mon,    Ring,  sec
#lmd,   E,  HOYAX,  Y,  Smpl,  Det, AGC X, Y, Smpl, Det, ppsSmpl, ppsDet
#6.70012,	185.0478,	60.000,	22.000,	4.300,	30.000,	-52.700,	35.000,	4.950,	9.702,200,200

-1.184,	-2.570,	-0.001584,	-0.000407,	319.351,	20.070
-1.004,	-2.207,	-0.002662,	0.002040,	319.350,	0.500
-0.817,	-1.832,	-0.002457,	0.000941,	319.345,	0.520
-0.644,	-1.483,	-0.000558,	0.002031,	319.343,	0.485
-0.464,	-1.127,	3.624519,	0.001893,	319.339,	0.500
-0.284,	-0.770,	5.203208,	0.002329,	319.334,	0.495
-0.104,	-0.407,	5.066747,	0.001816,	319.331,	0.500
0.086,	-0.007,	4.420643,	-0.000106,	319.329,	0.595
0.256,	0.313,	4.153828,	0.002167,	319.326,	0.410
0.436,	0.670,	4.151229,	0.002953,	319.322,	0.495
0.616,	1.030,	4.163309,	0.002734,	319.319,	0.495
0.796,	1.390,	4.436976,	0.002428,	319.315,	0.505
0.983,	1.768,	4.354903,	0.001984,	319.314,	0.520
1.156,	2.113,	4.975590,	0.002488,	319.308,	0.480
1.336,	2.477,	5.370794,	0.001904,	319.307,	0.505
1.516,	2.833,	5.418145,	0.002227,	319.304,	0.495
1.696,	3.190,	5.424950,	0.002621,	319.301,	0.495
1.883,	3.564,	5.420759,	0.002277,	319.299,	0.520
2.056,	3.913,	5.387270,	0.003378,	319.293,	0.485
2.236,	4.273,	5.410084,	0.001917,	319.291,	0.500
2.416,	4.630,	5.474120,	0.002981,	319.288,	0.500
2.596,	4.990,	5.391747,	0.001764,	319.283,	0.500
2.776,	5.350,	5.323176,	0.002234,	319.280,	0.495
2.963,	5.724,	5.365947,	0.001230,	319.279,	0.520
3.136,	6.073,	5.455388,	0.002001,	319.276,	0.485
3.316,	6.433,	5.554856,	0.002794,	319.271,	0.505
3.496,	6.790,	5.659476,	0.003029,	319.267,	0.495
3.676,	7.150,	5.755063,	0.001880,	319.265,	0.495
3.866,	7.531,	5.854119,	0.001587,	319.263,	0.530
4.036,	7.873,	5.933953,	0.002279,	319.258,	0.475
4.216,	8.233,	6.032323,	0.002339,	319.255,	0.500
4.396,	8.590,	6.108417,	0.003382,	319.253,	0.495
4.576,	8.950,	6.171725,	0.002242,	319.250,	0.500
4.763,	9.328,	6.281764,	0.002141,	319.247,	0.525
4.936,	9.670,	6.373393,	0.001883,	319.243,	0.475
5.116,	10.033,	6.417922,	0.002391,	319.241,	0.505
5.296,	10.393,	6.397103,	0.001687,	319.238,	0.500
5.476,	10.750,	6.344242,	0.002208,	319.236,	0.495
5.663,	11.124,	6.255644,	0.001594,	319.230,	0.520
5.836,	11.470,	6.161732,	0.002731,	319.228,	0.485
6.016,	11.833,	6.052910,	0.002195,	319.225,	0.500
6.196,	12.190,	5.939282,	0.002768,	319.220,	0.500
6.376,	12.553,	5.814480,	0.002296,	319.217,	0.505
6.556,	12.913,	5.680343,	0.003569,	319.215,	0.500
6.746,	13.291,	5.526347,	0.002423,	319.212,	0.520
6.919,	13.637,	5.379837,	0.001960,	319.208,	0.485
7.096,	13.993,	5.215475,	0.001678,	319.205,	0.490
7.276,	14.350,	5.033908,	0.002953,	319.203,	0.500
7.456,	14.713,	4.840276,	0.002397,	319.200,	0.505
7.643,	15.088,	4.613674,	0.000222,	319.198,	0.520
7.816,	15.437,	4.390374,	0.001816,	319.193,	0.480
7.996,	15.790,	4.139277,	0.002296,	319.191,	0.495
8.176,	16.150,	3.857457,	0.001902,	319.188,	0.495
8.356,	16.513,	3.549530,	0.001469,	319.186,	0.510
8.543,	16.888,	3.193451,	0.002279,	319.181,	0.520
8.716,	17.237,	2.850631,	0.001447,	319.178,	0.480
8.896,	17.590,	2.475981,	0.002501,	319.175,	0.495
9.076,	17.950,	2.102881,	0.001947,	319.170,	0.500
9.256,	18.310,	1.745579,	0.002576,	319.169,	0.495
9.443,	18.688,	1.407079,	0.001626,	319.166,	0.530
9.619,	19.037,	1.157586,	0.002546,	319.163,	0.480
9.796,	19.390,	0.970755,	0.002201,	319.158,	0.495
9.976,	19.750,	0.847658,	0.003087,	319.157,	0.495
