Smpl, Det, sig,    mon,    Ring,  sec
#lmd,   E,  HOYAX,  Y,  Smpl,  Det, AGC X, Y, Smpl, Det, pps
#6.65720,	186.2408,	-5.799,	15.000,	84.000,	165.000,	0.000,	76.000,	0.000,	29.999,100

84.000,	167.995,	0.002271,	-0.003091,	219.867,	174.140
84.000,	168.185,	0.021292,	0.000754,	219.866,	0.515
84.000,	168.350,	0.071544,	0.000388,	219.866,	0.475
84.000,	168.535,	0.070217,	-0.001491,	219.864,	0.505
84.000,	168.713,	0.070547,	0.000467,	219.862,	0.495
84.000,	168.888,	0.071605,	-0.000726,	219.861,	0.500
84.000,	169.073,	0.069907,	-0.000483,	219.860,	0.500
84.000,	169.255,	0.071872,	-0.001054,	219.858,	0.500
84.000,	169.435,	0.072438,	0.000276,	219.856,	0.500
84.000,	169.615,	0.071006,	0.000097,	219.854,	0.500
84.000,	169.795,	0.071251,	-0.001271,	219.854,	0.500
84.000,	169.970,	0.071159,	0.000569,	219.852,	0.500
84.000,	170.155,	0.070614,	-0.000950,	219.850,	0.500
84.000,	170.328,	0.069685,	0.000513,	219.849,	0.500
84.000,	170.515,	0.004346,	-0.000967,	219.847,	0.500
84.000,	170.690,	0.001176,	-0.001140,	219.846,	0.500
84.000,	170.875,	0.001325,	-0.000543,	219.844,	0.500
84.000,	171.053,	0.001379,	-0.001913,	219.845,	0.500
84.000,	171.230,	0.001241,	0.000082,	219.843,	0.500
84.000,	171.408,	0.000944,	-0.000530,	219.840,	0.500
84.000,	171.590,	0.001788,	-0.001004,	219.840,	0.500
84.000,	171.768,	0.000482,	-0.000515,	219.839,	0.500
84.000,	171.950,	0.000933,	-0.001599,	219.837,	0.500
84.000,	172.133,	0.000825,	-0.000517,	219.834,	0.500
84.000,	172.315,	0.001596,	-0.000769,	219.833,	0.500
84.000,	172.490,	0.001249,	0.000015,	219.833,	0.500
84.000,	172.675,	0.001452,	-0.001200,	219.831,	0.500
84.000,	172.850,	0.000866,	0.000607,	219.830,	0.500
84.000,	173.035,	0.001107,	0.000202,	219.828,	0.500
