Smpl, Det, sig,    mon,    Ring,  sec
#lmd,   E,  HOYAX,  Y,  Smpl,  Det, AGC X, Y, Smpl, Det, ppsSmpl, ppsDet
#6.70012,	185.0478,	60.000,	22.000,	4.300,	30.000,	-52.700,	35.000,	4.903,	9.608,200,200

-1.188,	-2.574,	-0.000937,	-0.000065,	321.724,	76.975
-1.008,	-2.214,	-0.001746,	0.001768,	321.721,	0.500
-0.828,	-1.858,	-0.000596,	0.001501,	321.717,	0.500
-0.648,	-1.494,	0.000829,	0.002085,	321.715,	0.500
-0.468,	-1.134,	3.441994,	0.001633,	321.712,	0.500
-0.288,	-0.774,	6.469807,	0.002611,	321.710,	0.500
-0.108,	-0.414,	6.317076,	0.002014,	321.704,	0.500
0.072,	-0.054,	5.692554,	0.001469,	321.701,	0.500
0.252,	0.306,	5.422859,	0.002813,	321.699,	0.500
0.432,	0.666,	5.278413,	0.004302,	321.694,	0.500
0.612,	1.026,	5.323975,	0.001456,	321.692,	0.500
0.792,	1.386,	5.180247,	0.001613,	321.691,	0.500
0.972,	1.746,	5.513721,	0.001553,	321.687,	0.500
1.152,	2.102,	5.351727,	0.002499,	321.682,	0.500
1.332,	2.462,	5.689376,	0.003263,	321.680,	0.500
1.512,	2.826,	6.394830,	0.002156,	321.678,	0.500
1.692,	3.182,	6.538877,	0.002294,	321.675,	0.500
1.872,	3.546,	6.405588,	0.001142,	321.672,	0.500
2.066,	3.931,	6.227372,	0.003453,	321.667,	0.535
2.232,	4.266,	6.060439,	0.003873,	321.666,	0.465
2.412,	4.626,	5.875132,	0.003074,	321.662,	0.500
2.592,	4.986,	5.681580,	0.003515,	321.659,	0.500
2.772,	5.346,	5.509553,	0.002516,	321.656,	0.500
2.952,	5.706,	5.313517,	0.001702,	321.653,	0.500
3.132,	6.066,	5.145931,	0.000308,	321.649,	0.500
3.312,	6.422,	4.901067,	0.004065,	321.644,	0.500
3.492,	6.786,	4.780834,	0.002744,	321.642,	0.500
3.672,	7.146,	4.802336,	0.002626,	321.640,	0.500
3.852,	7.506,	4.878760,	0.001523,	321.637,	0.500
4.032,	7.866,	4.969180,	0.002169,	321.631,	0.500
4.212,	8.222,	5.063852,	0.003313,	321.629,	0.495
4.392,	8.586,	5.153999,	0.001674,	321.627,	0.505
4.572,	8.946,	5.249439,	0.002749,	321.624,	0.500
4.752,	9.306,	5.327170,	0.002074,	321.622,	0.500
4.946,	9.695,	5.406365,	0.001753,	321.617,	0.540
