X, Y, sig,    mon,    Ring,  sec
#lmd,   E,  HOYAX,  Y,  Smpl,  Det, AGC X, Y, Smpl, Det, pps
#6.70007,	185.0492,	57.000,	22.000,	4.300,	30.000,	0.000,	-76.000,	0.000,	-0.346,500

57.000,	9.852,	0.209217,	-0.002859,	303.003,	152.180
57.000,	10.340,	0.786407,	-0.000325,	302.998,	0.500
57.000,	10.844,	2.174697,	-0.000638,	302.996,	0.500
57.000,	11.382,	4.539226,	-0.000730,	302.993,	0.540
57.000,	11.888,	6.437073,	-0.002740,	302.990,	0.495
57.000,	12.360,	7.556324,	-0.000149,	302.986,	0.485
57.000,	12.866,	8.000008,	-0.000280,	302.983,	0.490
57.000,	13.356,	8.124410,	-0.000226,	302.981,	0.490
57.000,	13.880,	8.155204,	-0.001885,	302.979,	0.535
57.000,	14.368,	8.165322,	-0.000823,	302.974,	0.490
57.000,	14.858,	8.155998,	-0.001383,	302.972,	0.485
57.000,	15.348,	8.142221,	-0.000599,	302.971,	0.490
57.000,	15.890,	8.138971,	-0.001331,	302.968,	0.535
57.000,	16.364,	8.130712,	-0.000015,	302.964,	0.490
57.000,	16.852,	8.113259,	-0.000084,	302.961,	0.485
57.000,	17.344,	8.090796,	-0.000584,	302.958,	0.490
57.000,	17.854,	8.083425,	-0.001127,	302.957,	0.500
57.000,	18.378,	8.098467,	-0.000349,	302.955,	0.535
57.000,	18.868,	8.138443,	-0.000185,	302.949,	0.490
57.000,	19.360,	8.183543,	-0.000231,	302.948,	0.485
57.000,	19.854,	8.221805,	0.000090,	302.945,	0.490
57.000,	20.342,	8.255487,	-0.001144,	302.943,	0.500
57.000,	20.890,	8.275339,	-0.001256,	302.939,	0.535
57.000,	21.376,	8.279211,	0.000405,	302.936,	0.490
57.000,	21.864,	8.268962,	-0.001056,	302.935,	0.485
57.000,	22.350,	8.251129,	-0.000795,	302.930,	0.490
57.000,	22.850,	8.213486,	-0.000784,	302.927,	0.500
57.000,	23.386,	8.098667,	-0.001000,	302.925,	0.535
57.000,	23.874,	8.039850,	-0.001000,	302.923,	0.490
57.000,	24.360,	8.043409,	-0.000280,	302.919,	0.485
57.000,	24.846,	8.042159,	0.000293,	302.916,	0.490
57.000,	25.382,	8.030500,	-0.001773,	302.914,	0.535
57.000,	25.872,	8.020488,	-0.001064,	302.911,	0.490
57.000,	26.358,	8.022744,	-0.000849,	302.907,	0.485
57.000,	26.846,	8.037114,	-0.000605,	302.905,	0.490
57.000,	27.350,	8.059954,	-0.000838,	302.903,	0.500
57.000,	27.890,	8.078410,	-0.000573,	302.900,	0.535
57.000,	28.376,	8.095742,	0.000693,	302.896,	0.490
57.000,	28.864,	8.111196,	-0.000537,	302.894,	0.485
57.000,	29.354,	8.128603,	-0.001062,	302.892,	0.490
57.000,	29.844,	8.143066,	-0.000513,	302.889,	0.500
57.000,	30.398,	8.149646,	0.000164,	302.886,	0.545
57.000,	30.886,	8.149314,	-0.000091,	302.882,	0.490
57.000,	31.376,	8.142527,	-0.000123,	302.881,	0.490
57.000,	31.852,	8.143031,	-0.000840,	302.879,	0.490
57.000,	32.358,	8.145554,	-0.000767,	302.876,	0.490
57.000,	32.880,	8.111573,	-0.000239,	302.872,	0.535
57.000,	33.370,	7.947956,	0.000120,	302.868,	0.490
57.000,	33.864,	7.408628,	-0.001209,	302.867,	0.485
57.000,	34.354,	6.152951,	-0.000761,	302.864,	0.490
57.000,	34.908,	4.007437,	-0.001000,	302.861,	0.550
