Smpl, Det, sig,    mon,    Ring,  sec
#lmd,   E,  HOYAX,  Y,  Smpl,  Det, AGC X, Y, Smpl, Det, ppsSmpl, ppsDet
#6.70012,	185.0478,	60.000,	22.000,	4.300,	30.000,	-52.700,	35.000,	9.814,	19.429,200,200

-1.184,	-2.567,	-0.001554,	0.000026,	316.527,	33.175
-1.004,	-2.203,	-0.002150,	0.002225,	316.525,	0.500
-0.810,	-1.822,	-0.001797,	0.002020,	316.523,	0.535
-0.634,	-1.469,	-0.002376,	0.002141,	316.518,	0.490
-0.457,	-1.116,	2.708386,	0.001290,	316.516,	0.490
-0.281,	-0.760,	3.003544,	0.002169,	316.513,	0.495
-0.104,	-0.407,	2.900542,	0.002031,	316.511,	0.490
0.090,	-0.022,	2.219246,	0.001254,	316.509,	0.535
0.266,	0.331,	2.075039,	0.002357,	316.504,	0.490
0.443,	0.688,	2.448863,	0.001542,	316.502,	0.495
0.619,	1.044,	2.997242,	0.002104,	316.499,	0.490
0.796,	1.393,	3.312971,	0.001949,	316.497,	0.490
0.990,	1.778,	3.346827,	0.002589,	316.492,	0.535
1.166,	2.131,	3.367412,	0.002716,	316.490,	0.490
1.343,	2.488,	3.356913,	0.002195,	316.487,	0.495
1.519,	2.840,	3.330198,	0.001848,	316.481,	0.490
1.696,	3.193,	3.499801,	0.001820,	316.479,	0.490
1.890,	3.578,	3.785056,	0.002619,	316.477,	0.535
2.066,	3.931,	4.076626,	0.003615,	316.475,	0.490
2.243,	4.284,	4.348116,	0.002565,	316.469,	0.490
2.419,	4.640,	4.606332,	0.002527,	316.467,	0.495
2.596,	4.990,	4.938743,	0.001891,	316.465,	0.485
2.790,	5.386,	5.285416,	0.000920,	316.463,	0.550
2.966,	5.738,	5.542727,	0.000758,	316.458,	0.490
3.143,	6.091,	5.738630,	0.002699,	316.455,	0.490
3.319,	6.440,	5.896621,	0.001465,	316.453,	0.480
3.496,	6.797,	6.018106,	0.003145,	316.450,	0.500
3.690,	7.182,	6.149210,	0.002281,	316.449,	0.535
3.866,	7.535,	6.234326,	0.002397,	316.444,	0.490
4.043,	7.888,	6.308785,	0.002546,	316.441,	0.490
4.219,	8.240,	6.428249,	0.002721,	316.438,	0.490
4.396,	8.597,	6.537902,	0.002382,	316.436,	0.495
4.590,	8.986,	6.585254,	0.002527,	316.431,	0.540
4.766,	9.335,	6.570999,	0.002305,	316.429,	0.485
4.943,	9.688,	6.520450,	0.002443,	316.428,	0.490
5.119,	10.040,	6.448081,	0.002391,	316.421,	0.490
5.296,	10.397,	6.369152,	0.002912,	316.419,	0.495
5.490,	10.782,	6.267454,	0.000954,	316.417,	0.535
5.666,	11.135,	6.171227,	0.002313,	316.414,	0.490
5.843,	11.488,	6.069415,	0.002270,	316.409,	0.490
6.019,	11.844,	5.961465,	0.002951,	316.406,	0.495
6.196,	12.197,	5.845957,	0.002020,	316.404,	0.490
6.390,	12.582,	5.712139,	0.000730,	316.402,	0.535
6.566,	12.931,	5.578256,	0.002008,	316.397,	0.485
6.743,	13.291,	5.440400,	0.002934,	316.395,	0.500
6.919,	13.640,	5.289263,	0.002738,	316.391,	0.485
7.096,	13.993,	5.128383,	0.002553,	316.389,	0.490
7.290,	14.378,	4.937756,	0.002298,	316.386,	0.535
7.466,	14.738,	4.743603,	0.001419,	316.383,	0.500
7.646,	15.091,	4.534200,	0.002281,	316.380,	0.490
7.823,	15.444,	4.306410,	0.002637,	316.378,	0.490
7.996,	15.793,	4.061554,	0.001801,	316.375,	0.490
8.190,	16.178,	3.759050,	0.002492,	316.371,	0.535
8.366,	16.535,	3.459466,	0.001202,	316.368,	0.490
8.543,	16.891,	3.132287,	0.002981,	316.364,	0.495
8.719,	17.244,	2.779946,	0.002156,	316.360,	0.490
8.896,	17.593,	2.416396,	0.002766,	316.358,	0.485
9.090,	17.978,	2.021496,	0.002507,	316.355,	0.535
9.266,	18.335,	1.679862,	0.002565,	316.352,	0.500
9.443,	18.691,	1.373004,	0.002645,	316.349,	0.490
9.619,	19.040,	1.125989,	0.002613,	316.345,	0.485
9.796,	19.397,	0.946572,	0.002167,	316.343,	0.495
9.990,	19.786,	0.821540,	0.002117,	316.341,	0.540
