Smpl, Det, sig,    mon,    Ring,  sec
#lmd,   E,  HOYAX,  Y,  Smpl,  Det, AGC X, Y, Smpl, Det, ppsSmpl, ppsDet
#6.70015,	185.0470,	57.000,	22.000,	4.300,	30.000,	27.600,	24.000,	83.999,	164.999,200,200

83.999,	159.779,	-0.001341,	-0.001377,	301.096,	62.771
83.999,	160.142,	-0.003258,	0.002382,	301.094,	0.500
83.999,	160.528,	-0.003618,	0.002122,	301.091,	0.540
83.999,	160.880,	-0.003030,	0.002087,	301.086,	0.490
83.999,	161.230,	-0.003100,	0.003128,	301.084,	0.485
83.999,	161.579,	-0.002642,	0.002958,	301.082,	0.485
83.999,	161.942,	-0.003234,	0.001962,	301.080,	0.500
83.999,	162.328,	-0.002440,	0.001704,	301.075,	0.540
83.999,	162.680,	-0.002553,	0.002481,	301.074,	0.490
83.999,	163.030,	-0.002546,	0.001417,	301.071,	0.485
83.999,	163.382,	-0.003015,	0.002033,	301.069,	0.490
83.999,	163.739,	-0.002014,	0.003304,	301.065,	0.495
83.999,	164.124,	-0.004733,	0.001734,	301.063,	0.535
83.999,	164.473,	-0.003937,	0.001848,	301.061,	0.485
83.999,	164.822,	-0.003268,	0.002770,	301.058,	0.485
83.999,	165.179,	-0.002923,	0.002359,	301.054,	0.495
83.999,	165.539,	-0.002380,	0.002150,	301.051,	0.500
83.999,	165.924,	-0.003179,	0.001799,	301.048,	0.535
83.999,	166.273,	-0.002425,	0.002466,	301.046,	0.485
83.999,	166.633,	-0.002998,	0.002154,	301.042,	0.500
83.999,	166.982,	-0.002323,	0.002387,	301.041,	0.485
83.999,	167.339,	-0.002704,	0.001740,	301.039,	0.495
83.999,	167.724,	-0.003758,	0.001450,	301.036,	0.535
83.999,	168.084,	-0.003068,	0.001730,	301.032,	0.500
83.999,	168.433,	-0.002855,	0.003341,	301.030,	0.485
83.999,	168.782,	-0.003449,	0.002335,	301.027,	0.485
83.999,	169.139,	-0.003820,	0.002675,	301.026,	0.490
83.999,	169.524,	-0.003356,	0.001809,	301.021,	0.540
83.999,	169.873,	-0.002585,	0.004188,	301.020,	0.485
83.999,	170.222,	-0.003041,	0.001691,	301.017,	0.485
83.999,	170.579,	-0.002651,	0.001818,	301.014,	0.495
83.999,	170.939,	-0.002798,	0.003162,	301.009,	0.500
83.999,	171.299,	-0.002534,	0.001564,	301.007,	0.500
83.999,	171.684,	-0.003620,	0.002596,	301.005,	0.535
83.999,	172.037,	-0.002285,	0.002393,	301.003,	0.490
83.999,	172.386,	-0.003322,	0.000752,	300.999,	0.480
83.999,	172.739,	-0.002823,	0.001581,	300.996,	0.495
83.999,	173.099,	-0.003330,	0.003143,	300.994,	0.500
83.999,	173.484,	-0.004529,	0.001575,	300.992,	0.535
83.999,	173.833,	-0.006313,	0.002481,	300.988,	0.480
83.999,	174.186,	-0.003396,	0.001784,	300.985,	0.495
83.999,	174.535,	-0.002738,	0.002195,	300.984,	0.485
83.999,	174.899,	-0.001995,	0.001999,	300.982,	0.505
