X, Y, sig,    mon,    Ring,  sec
#lmd,   E,  HOYAX,  Y,  Smpl,  Det, AGC X, Y, Smpl, Det, pps
#6.70003,	185.0503,	60.000,	22.000,	4.300,	30.000,	0.000,	-76.000,	0.000,	-0.346,500

39.780,	22.000,	0.011646,	-0.003098,	303.952,	102.310
40.521,	22.000,	0.011512,	-0.000114,	303.949,	0.500
41.271,	22.000,	0.012621,	-0.001245,	303.944,	0.500
42.015,	22.000,	0.014088,	-0.001945,	303.943,	0.500
42.762,	22.000,	0.015726,	-0.000674,	303.940,	0.505
43.530,	22.000,	0.016646,	-0.000724,	303.938,	0.495
44.259,	22.000,	0.019591,	-0.000453,	303.933,	0.500
45.033,	22.000,	0.021665,	-0.000993,	303.929,	0.500
45.783,	22.000,	0.026520,	0.000366,	303.930,	0.505
46.530,	22.000,	0.034388,	0.000437,	303.927,	0.495
47.265,	22.000,	0.054562,	0.000502,	303.921,	0.500
48.021,	22.000,	2.863518,	-0.000603,	303.919,	0.500
48.783,	22.000,	8.190421,	0.000013,	303.917,	0.500
49.509,	22.000,	8.278536,	-0.000009,	303.915,	0.500
50.274,	22.000,	8.344958,	-0.000623,	303.910,	0.500
51.012,	22.000,	8.338228,	0.000032,	303.907,	0.500
51.780,	22.000,	8.311157,	-0.000433,	303.905,	0.500
52.515,	22.000,	8.304702,	-0.001144,	303.903,	0.500
53.265,	22.000,	8.293476,	-0.001045,	303.899,	0.500
54.033,	22.000,	8.263018,	-0.000285,	303.897,	0.500
54.777,	22.000,	8.252206,	-0.000422,	303.894,	0.500
55.524,	22.000,	8.244855,	-0.000067,	303.892,	0.505
56.256,	22.000,	8.271420,	-0.001454,	303.888,	0.495
57.024,	22.000,	8.258355,	0.000131,	303.886,	0.500
57.780,	22.000,	8.264322,	-0.000541,	303.884,	0.500
58.527,	22.000,	8.317190,	-0.000651,	303.881,	0.500
59.262,	22.000,	8.260891,	-0.000468,	303.877,	0.500
60.018,	22.000,	8.240178,	-0.000086,	303.874,	0.500
60.765,	22.000,	8.326748,	-0.000677,	303.873,	0.500
61.515,	22.000,	8.293773,	-0.001357,	303.870,	0.500
62.277,	22.000,	8.323955,	-0.000634,	303.864,	0.500
63.012,	22.000,	8.298078,	-0.000364,	303.862,	0.500
63.768,	22.000,	8.265889,	-0.000793,	303.861,	0.500
64.521,	22.000,	8.215863,	-0.001185,	303.858,	0.500
65.262,	22.000,	8.046335,	0.000213,	303.853,	0.500
