Num, Lmd, sig,    mon,    Ring,  sec
#lmd,   E,  HOYAX,  Y,  Smpl,  Det, AGC X, Y, Smpl, Det
#6.70015,	185.0470,	57.000,	22.000,	4.300,	30.000,	27.600,	24.000,	83.999,	174.899

1,	6.70015,	0.000000,	-0.002325,	300.678,	54.780
2,	6.70015,	0.000000,	0.000179,	300.674,	0.555
3,	6.70015,	0.000000,	-0.000877,	300.672,	0.490
4,	6.70015,	0.000000,	-0.000959,	300.670,	0.490
5,	6.70015,	0.000000,	0.000558,	300.665,	0.495
6,	6.70015,	0.000000,	-0.000276,	300.663,	0.495
7,	6.70015,	0.000000,	-0.000677,	300.661,	0.540
8,	6.70015,	0.000000,	-0.000114,	300.659,	0.490
