Num, Lmd, sig,    mon,    Ring,  sec
#lmd,   E,  HOYAX,  Y,  Smpl,  Det, AGC X, Y, Smpl, Det
#6.60005,	187.8535,	57.999,	21.000,	4.300,	30.000,	49.000,	5.500,	79.999,	160.981

1,	6.60005,	-0.003960,	-0.000366,	350.200,	84.025
2,	6.60009,	-0.005011,	0.000092,	350.200,	0.545
3,	6.60009,	-0.005353,	0.001437,	350.200,	0.490
4,	6.60009,	-0.005204,	0.002740,	350.200,	0.495
5,	6.60009,	-0.005576,	0.000398,	350.200,	0.485
6,	6.60009,	-0.006261,	0.001064,	350.200,	0.490
7,	6.60009,	-0.005452,	-0.000517,	350.200,	0.540
8,	6.60009,	-0.006319,	-0.000125,	350.200,	0.495
9,	6.60009,	-0.005570,	-0.000403,	350.200,	0.490
10,	6.60009,	-0.005805,	0.000301,	350.200,	0.495
11,	6.60009,	-0.006347,	-0.000715,	350.200,	0.485
12,	6.60009,	-0.006514,	-0.000188,	350.200,	0.545
13,	6.60009,	-0.005894,	0.000394,	350.200,	0.495
14,	6.60009,	-0.005875,	0.000034,	350.200,	0.490
15,	6.60009,	-0.005794,	-0.000162,	350.200,	0.490
16,	6.60009,	-0.006223,	0.000573,	350.200,	0.495
17,	6.60009,	-0.006342,	0.001236,	350.200,	0.545
18,	6.60009,	-0.006448,	-0.000136,	350.200,	0.490
19,	6.60009,	-0.006049,	-0.000950,	350.200,	0.495
20,	6.60009,	-0.004645,	0.000457,	350.200,	0.500
21,	6.60009,	-0.006095,	0.002152,	350.200,	0.490
22,	6.60009,	-0.006607,	-0.000039,	350.200,	0.540
23,	6.60009,	-0.006393,	-0.000323,	350.200,	0.500
24,	6.60009,	-0.005836,	0.000788,	350.200,	0.495
25,	6.60009,	-0.005705,	-0.000153,	350.200,	0.495
26,	6.60009,	-0.006090,	0.000737,	350.200,	0.495
27,	6.60009,	-0.005960,	-0.000306,	350.200,	0.490
28,	6.60009,	-0.005110,	-0.000065,	350.200,	0.555
29,	6.60009,	-0.006113,	0.001049,	350.200,	0.490
30,	6.60009,	-0.005886,	0.000737,	350.200,	0.500
31,	6.60009,	-0.005733,	-0.000571,	350.200,	0.495
32,	6.60009,	-0.006032,	-0.000248,	350.200,	0.495
33,	6.60009,	-0.006278,	0.000943,	350.200,	0.545
34,	6.60009,	-0.005892,	0.000437,	350.200,	0.490
35,	6.60009,	-0.005844,	-0.000758,	350.200,	0.500
36,	6.60009,	-0.005934,	0.001114,	350.200,	0.495
37,	6.60009,	-0.006249,	0.000168,	350.200,	0.495
38,	6.60009,	-0.005750,	0.001195,	350.200,	0.540
39,	6.60009,	-0.006823,	0.000032,	350.200,	0.500
40,	6.60009,	-0.006154,	-0.000862,	350.200,	0.495
41,	6.60009,	-0.005099,	0.001458,	350.200,	0.495
42,	6.60009,	-0.006130,	0.000620,	350.200,	0.495
43,	6.60009,	-0.006172,	0.000573,	350.200,	0.545
44,	6.60009,	-0.006039,	-0.000239,	350.200,	0.495
45,	6.60009,	-0.005802,	0.000609,	350.200,	0.495
46,	6.60009,	-0.005720,	0.000088,	350.200,	0.495
47,	6.60009,	-0.006413,	0.000267,	350.200,	0.495
48,	6.60009,	-0.005758,	-0.000713,	350.200,	0.540
49,	6.60009,	-0.005658,	0.001547,	350.200,	0.500
50,	6.60009,	-0.005724,	-0.000157,	350.200,	0.495
51,	6.60009,	-0.005630,	-0.000974,	350.200,	0.495
52,	6.60009,	-0.006013,	-0.001517,	350.200,	0.495
53,	6.60009,	-0.006267,	0.000814,	350.200,	0.545
54,	6.60009,	-0.005733,	0.000420,	350.200,	0.495
55,	6.60009,	-0.005765,	0.001964,	350.200,	0.495
56,	6.60009,	-0.006071,	0.000646,	350.200,	0.495
57,	6.60009,	-0.005089,	0.000405,	350.200,	0.505
58,	6.60009,	-0.006085,	-0.000692,	350.200,	0.545
59,	6.60009,	-0.005737,	0.000450,	350.200,	0.495
60,	6.60009,	-0.006187,	0.000118,	350.200,	0.495
61,	6.60009,	-0.006155,	0.000883,	350.200,	0.490
62,	6.60009,	-0.005469,	-0.000183,	350.200,	0.500
63,	6.60009,	-0.006014,	0.000166,	350.200,	0.545
64,	6.60009,	-0.006311,	0.000192,	350.200,	0.495
65,	6.60009,	-0.006549,	0.000818,	350.200,	0.495
66,	6.60009,	-0.006131,	-0.000896,	350.200,	0.490
67,	6.60009,	-0.006329,	0.000043,	350.200,	0.495
68,	6.60009,	-0.006128,	-0.000730,	350.200,	0.540
69,	6.60009,	-0.006026,	0.000200,	350.200,	0.490
70,	6.60009,	-0.005807,	0.000142,	350.200,	0.495
71,	6.60009,	-0.006404,	0.000420,	350.200,	0.490
72,	6.60009,	-0.005544,	0.000034,	350.200,	0.490
73,	6.60009,	-0.007133,	0.001254,	350.200,	0.540
74,	6.60009,	-0.006080,	0.000618,	350.200,	0.490
75,	6.60009,	-0.005494,	-0.000084,	350.200,	0.495
76,	6.60009,	-0.005917,	0.000413,	350.200,	0.500
77,	6.60009,	-0.005792,	0.001021,	350.200,	0.495
78,	6.60009,	-0.006421,	0.000493,	350.200,	0.540
79,	6.60009,	-0.006402,	0.000812,	350.200,	0.495
80,	6.60009,	-0.006818,	0.001210,	350.200,	0.495
81,	6.60009,	-0.006497,	0.001402,	350.200,	0.495
82,	6.60009,	-0.006435,	-0.000366,	350.200,	0.495
83,	6.60009,	-0.006217,	-0.000084,	350.200,	0.535
84,	6.60009,	-0.006201,	-0.000086,	350.200,	0.500
85,	6.60009,	-0.006824,	0.000818,	350.200,	0.495
86,	6.60009,	-0.006519,	0.000006,	350.200,	0.495
87,	6.60009,	-0.006888,	-0.000007,	350.200,	0.495
88,	6.60009,	-0.006424,	0.000663,	350.200,	0.540
89,	6.60009,	-0.005619,	0.001017,	350.200,	0.490
90,	6.60009,	-0.005777,	-0.000153,	350.200,	0.500
91,	6.60009,	-0.005872,	0.000088,	350.200,	0.495
92,	6.60009,	-0.005820,	-0.000761,	350.200,	0.495
93,	6.60009,	-0.005265,	0.000232,	350.200,	0.545
94,	6.60009,	-0.006081,	-0.000603,	350.200,	0.495
95,	6.60009,	-0.005559,	0.001010,	350.200,	0.490
96,	6.60009,	-0.005021,	0.000497,	350.200,	0.500
97,	6.60009,	-0.005572,	0.000519,	350.200,	0.490
98,	6.60009,	-0.005879,	0.000797,	350.200,	0.545
99,	6.60009,	-0.005476,	0.000084,	350.200,	0.490
100,	6.60009,	-0.005700,	0.000407,	350.200,	0.495
