Num, Lmd, sig,    mon,    Ring,  sec
#lmd,   E,  HOYAX,  Y,  Smpl,  Det, AGC X, Y, Smpl, Det
#6.60013,	187.8512,	57.999,	21.000,	4.300,	30.000,	0.000,	-76.000,	0.277,	-0.331

1,	6.60013,	8.725495,	-0.000651,	350.200,	150.415
2,	6.60013,	8.725270,	-0.000002,	350.200,	0.540
3,	6.60013,	8.723997,	0.000189,	350.200,	0.495
4,	6.60013,	8.726351,	0.000329,	350.200,	0.490
5,	6.60013,	8.724365,	0.000879,	350.200,	0.495
6,	6.60013,	8.724226,	0.001032,	350.200,	0.490
7,	6.60013,	8.724032,	0.000312,	350.200,	0.545
8,	6.60013,	8.722972,	0.000872,	350.200,	0.495
9,	6.60013,	8.723876,	0.000084,	350.200,	0.495
10,	6.60013,	8.723596,	0.001167,	350.200,	0.495
11,	6.60013,	8.723993,	0.001077,	350.200,	0.505
12,	6.60013,	8.721387,	0.000685,	350.200,	0.535
13,	6.60013,	8.723571,	0.001111,	350.200,	0.490
14,	6.60013,	8.720621,	0.000812,	350.200,	0.495
15,	6.60013,	8.721233,	0.000407,	350.200,	0.490
16,	6.60013,	8.720666,	0.000235,	350.200,	0.490
17,	6.60013,	8.721465,	0.000614,	350.200,	0.545
18,	6.60013,	8.719212,	-0.000058,	350.200,	0.495
19,	6.60013,	8.721845,	0.000036,	350.200,	0.510
20,	6.60013,	8.719767,	-0.000282,	350.200,	0.495
21,	6.60013,	8.720273,	0.000773,	350.200,	0.495
22,	6.60013,	8.719126,	-0.000629,	350.200,	0.545
23,	6.60013,	8.718786,	0.000775,	350.200,	0.495
24,	6.60013,	8.717541,	0.000853,	350.200,	0.485
25,	6.60013,	8.717657,	-0.000862,	350.200,	0.495
26,	6.60013,	8.720296,	0.000306,	350.200,	0.490
27,	6.60013,	8.719720,	-0.000375,	350.200,	0.535
28,	6.60013,	8.732989,	0.000709,	350.200,	0.495
29,	6.60013,	8.734287,	0.001695,	350.200,	0.490
30,	6.60013,	8.732393,	0.000584,	350.200,	0.490
31,	6.60013,	8.733135,	0.000278,	350.200,	0.495
32,	6.60013,	8.732506,	-0.000173,	350.200,	0.550
33,	6.60013,	8.730907,	0.001027,	350.200,	0.495
34,	6.60013,	8.732942,	0.000368,	350.200,	0.490
35,	6.60013,	8.733116,	0.000510,	350.200,	0.500
36,	6.60013,	8.733594,	0.000948,	350.200,	0.495
37,	6.60013,	8.730557,	-0.000485,	350.200,	0.540
38,	6.60013,	8.731996,	0.001146,	350.200,	0.490
39,	6.60013,	8.732568,	0.000183,	350.200,	0.490
40,	6.60013,	8.731123,	0.000836,	350.200,	0.490
41,	6.60013,	8.732028,	0.000745,	350.200,	0.490
42,	6.60013,	8.732179,	-0.000442,	350.200,	0.540
43,	6.60013,	8.728993,	-0.000797,	350.200,	0.495
44,	6.60013,	8.731349,	0.002199,	350.200,	0.490
45,	6.60013,	8.729947,	0.001493,	350.200,	0.490
46,	6.60013,	8.730392,	-0.000297,	350.200,	0.490
47,	6.60013,	8.727720,	0.000890,	350.200,	0.540
48,	6.60013,	8.728725,	0.000513,	350.200,	0.490
49,	6.60013,	8.728749,	0.000974,	350.200,	0.495
50,	6.60013,	8.729592,	0.000594,	350.200,	0.490
51,	6.60013,	8.727932,	0.000872,	350.200,	0.495
52,	6.60013,	8.727479,	-0.000353,	350.200,	0.540
53,	6.60013,	8.727744,	0.000245,	350.200,	0.490
54,	6.60013,	8.728747,	0.000907,	350.200,	0.495
55,	6.60013,	8.726057,	-0.000132,	350.200,	0.495
56,	6.60013,	8.727223,	-0.000024,	350.200,	0.490
57,	6.60013,	8.725720,	0.000676,	350.200,	0.540
58,	6.60013,	8.725507,	-0.000310,	350.200,	0.500
59,	6.60013,	8.725126,	-0.001047,	350.200,	0.495
60,	6.60013,	8.726272,	0.001335,	350.200,	0.490
61,	6.60013,	8.727721,	0.000709,	350.200,	0.490
62,	6.60013,	8.723961,	0.000668,	350.200,	0.540
63,	6.60013,	8.726488,	0.000793,	350.200,	0.495
64,	6.60013,	8.724398,	0.000614,	350.200,	0.495
65,	6.60013,	8.724560,	0.000553,	350.200,	0.495
66,	6.60013,	8.724641,	0.000215,	350.200,	0.495
67,	6.60013,	8.724258,	-0.000026,	350.200,	0.490
68,	6.60013,	8.723742,	0.000401,	350.200,	0.540
69,	6.60013,	8.723022,	0.000202,	350.200,	0.495
70,	6.60013,	8.724456,	0.000814,	350.200,	0.490
71,	6.60013,	8.721515,	0.000413,	350.200,	0.490
72,	6.60013,	8.723664,	-0.000642,	350.200,	0.490
73,	6.60013,	8.722208,	0.001279,	350.200,	0.540
74,	6.60013,	8.721388,	0.000681,	350.200,	0.485
75,	6.60013,	8.722522,	-0.000024,	350.200,	0.490
76,	6.60013,	8.722291,	-0.000024,	350.200,	0.500
77,	6.60013,	8.720097,	0.000775,	350.200,	0.500
78,	6.60013,	8.720337,	0.001243,	350.200,	0.545
79,	6.60013,	8.719240,	-0.000461,	350.200,	0.495
80,	6.60013,	8.720826,	-0.000963,	350.200,	0.505
81,	6.60013,	8.719464,	-0.000942,	350.200,	0.495
82,	6.60013,	8.737607,	0.000457,	350.200,	0.485
83,	6.60013,	8.737974,	0.000370,	350.200,	0.495
84,	6.60013,	8.737516,	0.000439,	350.200,	0.540
85,	6.60013,	8.737465,	-0.000397,	350.200,	0.485
86,	6.60013,	8.735446,	0.000879,	350.200,	0.495
87,	6.60013,	8.736701,	0.000041,	350.200,	0.495
88,	6.60013,	8.735977,	0.001512,	350.200,	0.490
89,	6.60013,	8.735888,	-0.000364,	350.200,	0.540
90,	6.60013,	8.735444,	-0.000248,	350.200,	0.490
91,	6.60013,	8.737062,	0.000937,	350.200,	0.485
92,	6.60013,	8.735370,	0.000433,	350.200,	0.495
93,	6.60013,	8.734721,	0.001239,	350.200,	0.540
94,	6.60013,	8.735706,	0.000194,	350.200,	0.490
95,	6.60013,	8.735523,	0.000946,	350.200,	0.485
96,	6.60013,	8.734053,	0.000734,	350.200,	0.495
97,	6.60013,	8.734296,	-0.000045,	350.200,	0.490
98,	6.60013,	8.734934,	0.000064,	350.200,	0.535
99,	6.60013,	8.732486,	0.000749,	350.200,	0.495
100,	6.60013,	8.733273,	0.000390,	350.200,	0.490
