Num, Lmd, sig,    mon,    Ring,  sec
#lmd,   E,  HOYAX,  Y,  Smpl,  Det, AGC X, Y, Smpl, Det
#6.60013,	187.8512,	57.999,	21.000,	4.300,	30.000,	49.000,	5.500,	70.276,	29.999

1,	6.60013,	-0.005088,	0.000056,	350.200,	76.640
2,	6.60013,	-0.006246,	0.001521,	350.200,	0.540
3,	6.60013,	-0.005573,	0.000562,	350.200,	0.495
4,	6.60013,	-0.005851,	0.000963,	350.200,	0.490
5,	6.60013,	-0.005962,	0.000881,	350.200,	0.490
6,	6.60013,	-0.005966,	0.000416,	350.200,	0.485
7,	6.60013,	-0.005732,	0.000946,	350.200,	0.540
8,	6.60013,	-0.005469,	0.000648,	350.200,	0.495
9,	6.60013,	-0.005608,	0.000314,	350.200,	0.485
10,	6.60013,	-0.005482,	0.001329,	350.200,	0.495
11,	6.60013,	-0.006143,	0.000312,	350.200,	0.490
12,	6.60013,	-0.005957,	0.000174,	350.200,	0.535
13,	6.60013,	-0.005173,	0.000168,	350.200,	0.490
14,	6.60013,	-0.005452,	0.000194,	350.200,	0.495
15,	6.60013,	-0.006170,	0.000280,	350.200,	0.490
16,	6.60013,	-0.006241,	0.001006,	350.200,	0.485
17,	6.60013,	-0.005557,	0.000017,	350.200,	0.540
18,	6.60013,	-0.006069,	-0.000543,	350.200,	0.495
19,	6.60013,	-0.005849,	-0.000545,	350.200,	0.485
20,	6.60013,	-0.005131,	0.000334,	350.200,	0.490
21,	6.60013,	-0.004880,	-0.000321,	350.200,	0.495
22,	6.60013,	-0.005622,	-0.000666,	350.200,	0.540
23,	6.60013,	-0.005464,	0.000545,	350.200,	0.490
24,	6.60013,	-0.005742,	0.000172,	350.200,	0.495
25,	6.60013,	-0.006163,	0.001475,	350.200,	0.490
26,	6.60013,	-0.005420,	0.000297,	350.200,	0.490
27,	6.60013,	-0.005205,	0.000192,	350.200,	0.545
28,	6.60013,	-0.005533,	0.001680,	350.200,	0.495
29,	6.60013,	-0.005408,	0.001120,	350.200,	0.485
30,	6.60013,	-0.005105,	0.000616,	350.200,	0.495
31,	6.60013,	-0.005813,	0.001943,	350.200,	0.495
32,	6.60013,	-0.005738,	0.000185,	350.200,	0.540
33,	6.60013,	-0.005395,	0.000245,	350.200,	0.485
34,	6.60013,	-0.005931,	0.000028,	350.200,	0.490
35,	6.60013,	-0.005610,	-0.000976,	350.200,	0.495
36,	6.60013,	-0.006309,	0.000045,	350.200,	0.495
37,	6.60013,	-0.006245,	0.000426,	350.200,	0.535
38,	6.60013,	-0.005852,	0.000252,	350.200,	0.495
39,	6.60013,	-0.005943,	0.000334,	350.200,	0.495
40,	6.60013,	-0.005495,	0.000939,	350.200,	0.490
41,	6.60013,	-0.004986,	0.001249,	350.200,	0.490
42,	6.60013,	-0.004873,	-0.000545,	350.200,	0.545
43,	6.60013,	-0.005569,	0.000495,	350.200,	0.495
44,	6.60013,	-0.005900,	0.000217,	350.200,	0.495
45,	6.60013,	-0.005609,	0.001208,	350.200,	0.490
46,	6.60013,	-0.005190,	-0.000521,	350.200,	0.490
47,	6.60013,	-0.006100,	0.000088,	350.200,	0.540
48,	6.60013,	-0.006201,	0.000375,	350.200,	0.500
49,	6.60013,	-0.005663,	0.000260,	350.200,	0.496
50,	6.60013,	-0.005344,	0.001034,	350.200,	0.485
51,	6.60013,	-0.005404,	-0.000211,	350.200,	0.490
52,	6.60013,	-0.004746,	0.000607,	350.200,	0.545
53,	6.60013,	-0.005750,	0.000737,	350.200,	0.495
54,	6.60013,	-0.005578,	-0.000052,	350.200,	0.495
55,	6.60013,	-0.005475,	0.000181,	350.200,	0.495
56,	6.60013,	-0.005388,	0.000579,	350.200,	0.490
57,	6.60013,	-0.005798,	0.000084,	350.200,	0.540
58,	6.60013,	-0.005088,	0.001661,	350.200,	0.490
59,	6.60013,	-0.005492,	0.000579,	350.200,	0.495
60,	6.60013,	-0.006213,	0.000052,	350.200,	0.490
61,	6.60013,	-0.005960,	0.000702,	350.200,	0.490
62,	6.60013,	-0.005325,	-0.000173,	350.200,	0.545
63,	6.60013,	-0.006284,	0.000179,	350.200,	0.495
64,	6.60013,	-0.004874,	0.001079,	350.200,	0.485
65,	6.60013,	-0.006002,	-0.000718,	350.200,	0.495
66,	6.60013,	-0.005788,	0.000433,	350.200,	0.500
67,	6.60013,	-0.006625,	-0.001659,	350.200,	0.495
68,	6.60013,	-0.005921,	0.000252,	350.200,	0.545
69,	6.60013,	-0.006500,	0.000915,	350.200,	0.495
70,	6.60013,	-0.005447,	0.000474,	350.200,	0.495
71,	6.60013,	-0.005147,	0.000868,	350.200,	0.490
72,	6.60013,	-0.005325,	0.000269,	350.200,	0.495
73,	6.60013,	-0.006384,	0.000250,	350.200,	0.540
74,	6.60013,	-0.006271,	-0.000216,	350.200,	0.495
75,	6.60013,	-0.005161,	-0.000190,	350.200,	0.495
76,	6.60013,	-0.006015,	0.000105,	350.200,	0.485
77,	6.60013,	-0.005085,	0.000698,	350.200,	0.495
78,	6.60013,	-0.005374,	0.000782,	350.200,	0.540
79,	6.60013,	-0.005540,	0.000329,	350.200,	0.535
80,	6.60013,	-0.004574,	0.001676,	350.200,	0.495
81,	6.60013,	-0.006430,	-0.000297,	350.200,	0.495
82,	6.60013,	-0.005797,	0.000204,	350.200,	0.490
83,	6.60013,	-0.005955,	0.000650,	350.200,	0.490
84,	6.60013,	-0.005675,	-0.000364,	350.200,	0.545
85,	6.60013,	-0.006575,	-0.000196,	350.200,	0.495
86,	6.60013,	-0.005865,	0.000853,	350.200,	0.490
87,	6.60013,	-0.004990,	-0.000106,	350.200,	0.490
88,	6.60013,	-0.006092,	-0.000896,	350.200,	0.500
89,	6.60013,	-0.006460,	0.000801,	350.200,	0.540
90,	6.60013,	-0.005877,	0.000743,	350.200,	0.495
91,	6.60013,	-0.006085,	0.001335,	350.200,	0.490
92,	6.60013,	-0.005308,	0.001398,	350.200,	0.495
93,	6.60013,	-0.006204,	-0.000461,	350.200,	0.490
94,	6.60013,	-0.005944,	-0.000162,	350.200,	0.540
95,	6.60013,	-0.005097,	0.000519,	350.200,	0.495
96,	6.60013,	-0.005807,	0.000892,	350.200,	0.495
97,	6.60013,	-0.005290,	0.000784,	350.200,	0.495
98,	6.60013,	-0.006615,	0.001202,	350.200,	0.495
99,	6.60013,	-0.005905,	-0.000259,	350.200,	0.495
100,	6.60013,	-0.005655,	-0.000707,	350.200,	0.545
