Smpl, Det, sig,    mon,    Ring,  sec
#lmd,   E,  HOYAX,  Y,  Smpl,  Det, AGC X, Y, Smpl, Det, ppsSmpl, ppsDet
#6.60013,	187.8512,	57.999,	21.000,	4.300,	30.000,	49.000,	5.500,	70.276,	139.669,100,100

70.225,	139.572,	0.066829,	0.000329,	350.200,	37.480
70.322,	139.763,	0.057301,	0.001021,	350.200,	0.530
70.409,	139.939,	0.049816,	0.000196,	350.200,	0.485
70.495,	140.112,	0.040251,	0.000842,	350.200,	0.485
70.585,	140.292,	0.028568,	-0.000052,	350.200,	0.500
70.675,	140.476,	0.019398,	0.000454,	350.200,	0.505
70.772,	140.663,	0.010783,	0.001023,	350.200,	0.520
70.859,	140.839,	0.006074,	0.000536,	350.200,	0.490
70.945,	141.012,	0.005027,	0.001206,	350.200,	0.485
71.035,	141.192,	0.007160,	0.000256,	350.200,	0.500
71.125,	141.372,	0.015560,	0.000125,	350.200,	0.500
71.222,	141.563,	0.029006,	0.000855,	350.200,	0.525
71.309,	141.736,	0.049150,	-0.000427,	350.200,	0.485
71.395,	141.912,	0.074403,	0.000153,	350.200,	0.490
71.485,	142.092,	0.106644,	0.000659,	350.200,	0.500
71.575,	142.276,	0.143670,	0.001264,	350.200,	0.505
71.672,	142.463,	0.188570,	0.000243,	350.200,	0.520
71.759,	142.639,	0.234665,	0.000489,	350.200,	0.490
71.845,	142.812,	0.282927,	0.001919,	350.200,	0.480
71.935,	142.992,	0.335001,	-0.000015,	350.200,	0.505
72.025,	143.172,	0.387899,	0.000495,	350.200,	0.500
72.115,	143.356,	0.437529,	0.000627,	350.200,	0.505
72.212,	143.546,	0.491487,	0.000271,	350.200,	0.535
72.299,	143.723,	0.536755,	0.000976,	350.200,	0.485
72.385,	143.896,	0.578965,	0.000721,	350.200,	0.485
72.475,	144.072,	0.617969,	0.000508,	350.200,	0.490
72.565,	144.252,	0.653208,	0.001566,	350.200,	0.505
72.662,	144.443,	0.682316,	0.000642,	350.200,	0.525
72.749,	144.616,	0.705293,	-0.000112,	350.200,	0.480
72.835,	144.792,	0.721904,	0.000183,	350.200,	0.485
72.925,	144.972,	0.732911,	-0.000429,	350.200,	0.505
73.015,	145.152,	0.738191,	0.000112,	350.200,	0.500
73.112,	145.343,	0.735951,	0.000730,	350.200,	0.530
73.199,	145.516,	0.730222,	0.000282,	350.200,	0.480
73.285,	145.692,	0.718720,	0.000648,	350.200,	0.490
73.375,	145.872,	0.701945,	-0.000384,	350.200,	0.500
73.465,	146.052,	0.680359,	0.001551,	350.200,	0.500
73.559,	146.243,	0.653034,	0.000390,	350.200,	0.530
73.649,	146.419,	0.625721,	0.000024,	350.200,	0.490
73.735,	146.596,	0.593778,	0.000913,	350.200,	0.485
73.825,	146.772,	0.558716,	0.001674,	350.200,	0.490
73.915,	146.952,	0.523918,	0.000620,	350.200,	0.500
74.012,	147.143,	0.484421,	0.001506,	350.200,	0.540
74.099,	147.319,	0.447098,	0.000064,	350.200,	0.485
74.185,	147.492,	0.409264,	0.001402,	350.200,	0.480
74.275,	147.676,	0.371469,	0.001534,	350.200,	0.505
74.365,	147.852,	0.334902,	0.001501,	350.200,	0.495
74.455,	148.032,	0.299480,	-0.000134,	350.200,	0.500
74.552,	148.226,	0.263183,	-0.000086,	350.200,	0.535
74.639,	148.399,	0.231995,	0.000084,	350.200,	0.485
74.725,	148.572,	0.203930,	0.000521,	350.200,	0.485
74.815,	148.752,	0.176917,	0.001536,	350.200,	0.495
74.905,	148.932,	0.151291,	0.000676,	350.200,	0.495
75.002,	149.123,	0.128314,	0.000661,	350.200,	0.535
75.089,	149.299,	0.109429,	0.001344,	350.200,	0.490
75.175,	149.472,	0.093228,	0.001745,	350.200,	0.480
75.265,	149.652,	0.078735,	-0.000030,	350.200,	0.505
75.355,	149.832,	0.066648,	0.000599,	350.200,	0.490
75.449,	150.023,	0.055015,	0.001975,	350.200,	0.535
75.539,	150.196,	0.047158,	0.000920,	350.200,	0.480
75.625,	150.372,	0.039766,	0.001010,	350.200,	0.495
75.715,	150.552,	0.034697,	0.001452,	350.200,	0.495
75.805,	150.732,	0.031727,	0.000616,	350.200,	0.500
75.902,	150.923,	0.027705,	0.000836,	350.200,	0.530
75.989,	151.099,	0.025255,	0.001006,	350.200,	0.485
76.075,	151.272,	0.023405,	0.000780,	350.200,	0.485
76.165,	151.452,	0.021796,	-0.000261,	350.200,	0.505
76.255,	151.632,	0.021471,	-0.000465,	350.200,	0.495
76.349,	151.823,	0.020330,	-0.000088,	350.200,	0.530
76.439,	151.996,	0.019464,	-0.000149,	350.200,	0.485
76.525,	152.172,	0.018477,	0.001019,	350.200,	0.485
76.615,	152.352,	0.017547,	0.000140,	350.200,	0.500
76.705,	152.532,	0.016504,	0.001073,	350.200,	0.500
76.799,	152.723,	0.014204,	-0.000082,	350.200,	0.525
76.889,	152.896,	0.014659,	0.000209,	350.200,	0.490
76.975,	153.072,	0.012935,	-0.000836,	350.200,	0.480
77.065,	153.252,	0.011992,	0.000812,	350.200,	0.505
77.155,	153.432,	0.011481,	0.001784,	350.200,	0.505
77.249,	153.623,	0.009642,	-0.000028,	350.200,	0.525
77.339,	153.796,	0.008712,	0.000034,	350.200,	0.485
77.425,	153.972,	0.008284,	-0.000134,	350.200,	0.485
77.515,	154.152,	0.007748,	0.000640,	350.200,	0.500
77.605,	154.332,	0.007245,	0.001062,	350.200,	0.500
77.702,	154.523,	0.005580,	0.001047,	350.200,	0.535
77.789,	154.699,	0.005993,	0.000586,	350.200,	0.480
77.875,	154.872,	0.005050,	-0.000295,	350.200,	0.480
77.965,	155.052,	0.005092,	-0.000048,	350.200,	0.500
78.055,	155.232,	0.004436,	0.000900,	350.200,	0.505
78.149,	155.423,	0.003794,	0.000062,	350.200,	0.530
78.239,	155.596,	0.003392,	0.000090,	350.200,	0.485
78.325,	155.772,	0.004407,	-0.000114,	350.200,	0.490
78.415,	155.952,	0.004251,	0.000741,	350.200,	0.495
78.505,	156.132,	0.005011,	0.000734,	350.200,	0.500
78.602,	156.323,	0.004676,	0.000717,	350.200,	0.535
78.689,	156.499,	0.005923,	-0.000030,	350.200,	0.480
78.775,	156.672,	0.005380,	0.000336,	350.200,	0.490
78.865,	156.852,	0.005929,	-0.000060,	350.200,	0.490
78.955,	157.032,	0.007066,	0.001021,	350.200,	0.500
79.049,	157.223,	0.006414,	0.001529,	350.200,	0.535
79.139,	157.396,	0.007454,	0.001374,	350.200,	0.485
79.225,	157.572,	0.007271,	0.000868,	350.200,	0.490
79.315,	157.752,	0.007162,	0.000812,	350.200,	0.500
79.405,	157.932,	0.007137,	0.000222,	350.200,	0.490
79.499,	158.123,	0.006700,	-0.000063,	350.200,	0.535
79.589,	158.299,	0.007604,	0.000097,	350.200,	0.485
79.675,	158.472,	0.006837,	-0.000220,	350.200,	0.490
79.765,	158.652,	0.007330,	0.001715,	350.200,	0.495
79.855,	158.832,	0.007445,	0.000450,	350.200,	0.500
79.949,	159.023,	0.006230,	0.000948,	350.200,	0.530
80.039,	159.196,	0.006276,	0.000577,	350.200,	0.485
80.125,	159.372,	0.005200,	0.001419,	350.200,	0.485
80.215,	159.552,	0.005961,	-0.001476,	350.200,	0.505
80.305,	159.732,	0.004814,	0.001738,	350.200,	0.495
80.402,	159.923,	0.003520,	0.001187,	350.200,	0.530
80.489,	160.096,	0.004174,	0.000767,	350.200,	0.485
80.575,	160.272,	0.003203,	-0.000263,	350.200,	0.485
80.665,	160.452,	0.003787,	0.000786,	350.200,	0.500
80.755,	160.632,	0.003297,	0.000523,	350.200,	0.505
80.849,	160.823,	0.001425,	0.000551,	350.200,	0.520
80.939,	160.996,	0.001835,	0.001385,	350.200,	0.490
81.025,	161.172,	0.001651,	0.000967,	350.200,	0.485
81.115,	161.352,	0.001169,	0.000136,	350.200,	0.500
81.205,	161.532,	0.001203,	0.000849,	350.200,	0.500
81.302,	161.723,	0.000726,	0.000381,	350.200,	0.535
81.389,	161.896,	0.000528,	0.000862,	350.200,	0.475
81.475,	162.072,	0.000992,	0.002357,	350.200,	0.490
81.565,	162.252,	0.000861,	0.001103,	350.200,	0.500
81.655,	162.432,	-0.001051,	0.000424,	350.200,	0.500
81.749,	162.623,	-0.000758,	0.000161,	350.200,	0.535
81.839,	162.796,	-0.001612,	0.000166,	350.200,	0.480
81.925,	162.972,	-0.001990,	0.000515,	350.200,	0.485
82.015,	163.152,	-0.000860,	0.000859,	350.200,	0.500
82.105,	163.332,	-0.001861,	0.001260,	350.200,	0.500
82.202,	163.523,	-0.001829,	0.001249,	350.200,	0.535
82.289,	163.699,	-0.001891,	0.000877,	350.200,	0.480
82.375,	163.872,	-0.001118,	0.000237,	350.200,	0.490
82.465,	164.052,	-0.001200,	0.001648,	350.200,	0.495
82.555,	164.232,	-0.000537,	0.000351,	350.200,	0.500
82.652,	164.423,	-0.001241,	-0.000252,	350.200,	0.535
82.739,	164.596,	-0.001063,	0.000887,	350.200,	0.480
82.825,	164.772,	-0.000668,	0.000754,	350.200,	0.485
82.915,	164.952,	-0.000595,	-0.000422,	350.200,	0.500
83.005,	165.132,	-0.000131,	0.001070,	350.200,	0.500
83.102,	165.323,	-0.001287,	-0.000911,	350.200,	0.530
83.189,	165.499,	-0.000359,	0.000868,	350.200,	0.490
83.275,	165.672,	-0.000740,	-0.000030,	350.200,	0.485
83.398,	165.931,	-0.000027,	-0.001170,	350.200,	0.725
83.480,	166.082,	-0.002211,	0.000379,	350.200,	0.410
83.570,	166.259,	-0.004073,	0.000108,	350.200,	0.490
83.664,	166.453,	-0.004017,	0.000502,	350.200,	0.540
83.754,	166.630,	-0.003911,	0.000523,	350.200,	0.495
83.840,	166.802,	-0.003664,	0.001639,	350.200,	0.480
83.930,	166.982,	-0.003387,	-0.000058,	350.200,	0.490
84.017,	167.155,	-0.004307,	0.001452,	350.200,	0.485
84.114,	167.350,	-0.004954,	-0.001355,	350.200,	0.535
84.200,	167.522,	-0.004215,	-0.000282,	350.200,	0.485
84.287,	167.695,	-0.004772,	0.000635,	350.200,	0.480
84.373,	167.872,	-0.005083,	-0.000229,	350.200,	0.485
84.463,	168.044,	-0.003830,	0.000730,	350.200,	0.490
84.557,	168.239,	-0.005203,	-0.000513,	350.200,	0.530
84.647,	168.412,	-0.004485,	0.000485,	350.200,	0.485
84.733,	168.588,	-0.005113,	0.001051,	350.200,	0.485
84.820,	168.761,	-0.004375,	0.000603,	350.200,	0.485
84.906,	168.934,	-0.003494,	0.000642,	350.200,	0.485
85.003,	169.124,	-0.003411,	0.000532,	350.200,	0.525
85.090,	169.301,	-0.003603,	0.000801,	350.200,	0.490
85.176,	169.474,	-0.000873,	0.001557,	350.200,	0.485
85.262,	169.650,	-0.001068,	0.000491,	350.200,	0.485
85.352,	169.826,	-0.000965,	0.001058,	350.200,	0.490
85.446,	170.014,	-0.001671,	0.000286,	350.200,	0.525
85.532,	170.190,	-0.000987,	0.000793,	350.200,	0.485
85.622,	170.363,	-0.002474,	0.000411,	350.200,	0.485
85.709,	170.539,	-0.004602,	-0.000569,	350.200,	0.485
85.802,	170.730,	-0.005426,	0.000510,	350.200,	0.530
85.892,	170.903,	-0.005664,	0.001049,	350.200,	0.485
85.979,	171.079,	-0.006117,	0.000077,	350.200,	0.490
86.065,	171.256,	-0.006091,	-0.000067,	350.200,	0.485
86.155,	171.432,	-0.005496,	0.001409,	350.200,	0.490
86.252,	171.623,	-0.006223,	0.000599,	350.200,	0.535
86.339,	171.799,	-0.006326,	-0.000642,	350.200,	0.480
86.425,	171.972,	-0.006243,	0.000806,	350.200,	0.485
86.515,	172.152,	-0.005422,	-0.000993,	350.200,	0.495
86.605,	172.332,	-0.005780,	-0.000351,	350.200,	0.505
86.702,	172.526,	-0.006256,	-0.000026,	350.200,	0.545
86.789,	172.699,	-0.005538,	-0.000847,	350.200,	0.475
86.875,	172.876,	-0.005341,	0.001131,	350.200,	0.490
86.965,	173.052,	-0.005617,	0.000092,	350.200,	0.485
87.055,	173.232,	-0.005128,	-0.000104,	350.200,	0.500
87.152,	173.423,	-0.005960,	-0.000987,	350.200,	0.535
87.239,	173.599,	-0.005784,	0.000818,	350.200,	0.485
87.325,	173.772,	-0.005545,	0.000670,	350.200,	0.485
87.415,	173.952,	-0.005460,	0.000767,	350.200,	0.495
87.505,	174.132,	-0.005413,	0.000918,	350.200,	0.510
87.602,	174.323,	-0.005574,	0.001519,	350.200,	0.525
87.703,	174.528,	-0.005407,	0.000627,	350.200,	0.570
87.808,	174.737,	-0.006022,	0.000618,	350.200,	0.580
87.894,	174.910,	-0.005503,	0.000597,	350.200,	0.485
87.984,	175.086,	-0.004474,	0.000338,	350.200,	0.490
88.070,	175.262,	-0.006172,	0.000194,	350.200,	0.490
88.157,	175.439,	-0.005571,	0.000930,	350.200,	0.485
88.254,	175.633,	-0.005519,	0.000752,	350.200,	0.540
88.344,	175.810,	-0.005451,	0.001305,	350.200,	0.490
88.434,	175.986,	-0.004604,	0.000989,	350.200,	0.495
88.520,	176.159,	-0.004757,	-0.000468,	350.200,	0.480
88.607,	176.339,	-0.005792,	0.000732,	350.200,	0.490
88.704,	176.526,	-0.005578,	0.000284,	350.200,	0.530
88.790,	176.702,	-0.006198,	0.001333,	350.200,	0.490
88.877,	176.879,	-0.006245,	0.000493,	350.200,	0.485
88.967,	177.055,	-0.005556,	0.000403,	350.200,	0.490
89.053,	177.232,	-0.004605,	0.001062,	350.200,	0.490
89.150,	177.422,	-0.005006,	0.000573,	350.200,	0.535
89.237,	177.595,	-0.005678,	0.000717,	350.200,	0.480
89.323,	177.772,	-0.005246,	0.000340,	350.200,	0.490
89.413,	177.948,	-0.006984,	0.000295,	350.200,	0.485
89.500,	178.121,	-0.005918,	0.000461,	350.200,	0.485
89.597,	178.315,	-0.006499,	-0.000132,	350.200,	0.535
89.683,	178.492,	-0.006351,	-0.000231,	350.200,	0.490
89.770,	178.661,	-0.005006,	0.001368,	350.200,	0.475
89.860,	178.837,	-0.005420,	-0.000112,	350.200,	0.485
89.946,	179.017,	-0.004800,	0.000127,	350.200,	0.500
90.043,	179.208,	-0.005306,	0.000592,	350.200,	0.535
90.130,	179.384,	-0.005588,	0.002193,	350.200,	0.485
90.216,	179.557,	-0.004885,	-0.000394,	350.200,	0.480
90.306,	179.734,	-0.005319,	0.000092,	350.200,	0.495
