Num, Lmd, sig,    mon,    Ring,  sec
#lmd,   E,  HOYAX,  Y,  Smpl,  Det, AGC X, Y, Smpl, Det
#6.65014,	186.4385,	57.000,	22.000,	4.300,	30.000,	-24.600,	3.500,	69.930,	29.999

1,	6.65014,	-0.005879,	-0.003522,	256.148,	69.545
2,	6.65017,	-0.007747,	0.000232,	256.145,	0.545
3,	6.65014,	-0.007192,	0.000627,	256.143,	0.505
4,	6.65014,	-0.007622,	0.001103,	256.141,	0.500
5,	6.65017,	-0.007681,	0.000388,	256.140,	0.500
6,	6.65017,	-0.007329,	0.000810,	256.138,	0.500
7,	6.65017,	-0.007319,	-0.000287,	256.136,	0.500
8,	6.65014,	-0.007521,	-0.000952,	256.134,	0.550
9,	6.65014,	-0.006387,	0.000601,	256.131,	0.495
10,	6.65017,	-0.007263,	-0.000649,	256.128,	0.505
11,	6.65017,	-0.006721,	0.000308,	256.126,	0.500
12,	6.65017,	-0.006929,	-0.000834,	256.126,	0.505
13,	6.65014,	-0.007630,	-0.000116,	256.121,	0.550
14,	6.65017,	-0.007309,	0.000116,	256.120,	0.495
15,	6.65017,	-0.007794,	-0.000241,	256.119,	0.505
16,	6.65017,	-0.006735,	0.000825,	256.117,	0.500
17,	6.65017,	-0.007870,	0.000487,	256.114,	0.500
18,	6.65014,	-0.006721,	0.000019,	256.112,	0.545
19,	6.65017,	-0.006195,	0.001258,	256.112,	0.500
20,	6.65017,	-0.007396,	0.000256,	256.107,	0.505
21,	6.65014,	-0.008136,	-0.000950,	256.106,	0.500
22,	6.65017,	-0.007920,	-0.000375,	256.105,	0.500
23,	6.65017,	-0.007434,	0.000394,	256.103,	0.500
24,	6.65014,	-0.007244,	-0.000549,	256.099,	0.550
25,	6.65017,	-0.006468,	0.000728,	256.098,	0.495
26,	6.65017,	-0.007369,	-0.000043,	256.096,	0.505
27,	6.65014,	-0.006730,	0.000204,	256.095,	0.500
28,	6.65014,	-0.007983,	-0.000166,	256.092,	0.500
29,	6.65014,	-0.007285,	0.000213,	256.090,	0.500
30,	6.65017,	-0.007770,	-0.000612,	256.090,	0.550
31,	6.65017,	-0.007215,	-0.000409,	256.085,	0.545
32,	6.65017,	-0.006897,	-0.000491,	256.084,	0.555
33,	6.65014,	-0.007079,	0.001803,	256.083,	0.495
34,	6.65014,	-0.007553,	-0.000356,	256.079,	0.505
35,	6.65017,	-0.007150,	-0.000511,	256.077,	0.500
36,	6.65017,	-0.007897,	0.000024,	256.076,	0.500
37,	6.65017,	-0.007389,	0.000821,	256.074,	0.550
38,	6.65014,	-0.006771,	0.000265,	256.071,	0.500
39,	6.65014,	-0.007100,	0.000157,	256.070,	0.500
40,	6.65017,	-0.007133,	-0.000106,	256.068,	0.495
41,	6.65017,	-0.006656,	-0.000515,	256.066,	0.500
42,	6.65017,	-0.006478,	-0.000063,	256.063,	0.505
43,	6.65017,	-0.008112,	0.000834,	256.061,	0.550
44,	6.65017,	-0.006540,	-0.000162,	256.059,	0.500
45,	6.65014,	-0.007739,	-0.000093,	256.056,	0.500
46,	6.65014,	-0.006718,	-0.000054,	256.054,	0.500
47,	6.65017,	-0.007146,	-0.000164,	256.052,	0.500
48,	6.65017,	-0.006892,	-0.000287,	256.050,	0.495
49,	6.65017,	-0.006757,	0.000594,	256.047,	0.555
50,	6.65014,	-0.007215,	0.000532,	256.045,	0.550
51,	6.65017,	-0.007670,	-0.000532,	256.044,	0.550
52,	6.65014,	-0.008106,	-0.000173,	256.041,	0.500
53,	6.65017,	-0.006446,	-0.000310,	256.040,	0.495
54,	6.65014,	-0.007470,	0.000487,	256.038,	0.500
55,	6.65014,	-0.007180,	-0.000343,	256.036,	0.505
56,	6.65017,	-0.007693,	-0.001194,	256.033,	0.550
57,	6.65017,	-0.008251,	-0.000493,	256.032,	0.505
58,	6.65014,	-0.007856,	-0.000379,	256.030,	0.505
59,	6.65017,	-0.006878,	0.000185,	256.026,	0.505
60,	6.65014,	-0.008072,	0.000069,	256.026,	0.500
61,	6.65014,	-0.007749,	0.000767,	256.024,	0.500
62,	6.65017,	-0.007460,	-0.000168,	256.023,	0.550
63,	6.65017,	-0.007758,	0.000211,	256.018,	0.505
64,	6.65017,	-0.006428,	-0.000877,	256.017,	0.500
65,	6.65014,	-0.006993,	-0.000614,	256.017,	0.500
66,	6.65014,	-0.007023,	0.000549,	256.015,	0.505
67,	6.65017,	-0.007035,	-0.001140,	256.012,	0.550
68,	6.65017,	-0.006735,	-0.000786,	256.009,	0.505
69,	6.65017,	-0.007430,	-0.000629,	256.009,	0.500
70,	6.65014,	-0.007028,	-0.000358,	256.005,	0.505
71,	6.65014,	-0.007910,	0.000752,	256.004,	0.500
72,	6.65014,	-0.007270,	-0.000244,	256.001,	0.550
73,	6.65017,	-0.007561,	-0.000144,	255.999,	0.500
74,	6.65014,	-0.007989,	-0.001105,	255.996,	0.505
75,	6.65017,	-0.008096,	-0.000330,	255.995,	0.500
76,	6.65017,	-0.007486,	-0.001222,	255.993,	0.505
77,	6.65017,	-0.007056,	0.000288,	255.991,	0.550
78,	6.65017,	-0.007359,	0.000405,	255.989,	0.545
79,	6.65014,	-0.007296,	-0.000509,	255.987,	0.555
80,	6.65017,	-0.007986,	0.000146,	255.985,	0.550
81,	6.65014,	-0.007195,	-0.000319,	255.983,	0.500
82,	6.65017,	-0.007903,	-0.000127,	255.980,	0.505
83,	6.65017,	-0.006168,	0.000504,	255.977,	0.495
84,	6.65017,	-0.007833,	-0.000722,	255.976,	0.500
85,	6.65017,	-0.007463,	-0.000875,	255.974,	0.555
86,	6.65017,	-0.007580,	-0.000500,	255.971,	0.550
87,	6.65014,	-0.006814,	0.000148,	255.969,	0.495
88,	6.65017,	-0.007138,	-0.000461,	255.968,	0.505
89,	6.65017,	-0.007069,	0.000056,	255.966,	0.500
90,	6.65017,	-0.007109,	-0.000084,	255.964,	0.505
91,	6.65017,	-0.007212,	0.000024,	255.962,	0.550
92,	6.65017,	-0.007271,	0.000663,	255.959,	0.545
93,	6.65017,	-0.006877,	-0.000853,	255.956,	0.510
94,	6.65017,	-0.006572,	0.000730,	255.954,	0.500
95,	6.65017,	-0.007898,	0.000441,	255.951,	0.500
96,	6.65017,	-0.007341,	0.000420,	255.952,	0.505
97,	6.65017,	-0.007189,	0.000015,	255.949,	0.505
98,	6.65017,	-0.007723,	-0.000058,	255.947,	0.550
99,	6.65017,	-0.007204,	0.000584,	255.946,	0.545
100,	6.65017,	-0.007641,	0.001053,	255.942,	0.555
