Num, Lmd, sig,    mon,    Ring,  sec
#lmd,   E,  HOYAX,  Y,  Smpl,  Det, AGC X, Y, Smpl, Det
#6.55015,	189.2846,	57.000,	22.000,	4.300,	30.000,	0.000,	-76.000,	-0.068,	-0.346

1,	6.55015,	8.015516,	-0.002574,	271.581,	120.855
2,	6.55015,	8.013727,	0.000097,	271.580,	0.555
3,	6.55015,	8.014022,	0.000862,	271.576,	0.500
4,	6.55015,	8.014048,	-0.001407,	271.575,	0.505
5,	6.55015,	8.013177,	0.000103,	271.573,	0.500
6,	6.55015,	8.013236,	0.000355,	271.569,	0.500
7,	6.55015,	8.012325,	0.000571,	271.568,	0.500
8,	6.55015,	8.011717,	0.000222,	271.566,	0.550
9,	6.55015,	8.012613,	0.000241,	271.565,	0.500
10,	6.55015,	8.012643,	0.000211,	271.561,	0.505
11,	6.55015,	8.011131,	0.001290,	271.559,	0.500
12,	6.55015,	8.012209,	-0.000015,	271.558,	0.510
13,	6.55015,	8.012272,	0.000049,	271.556,	0.495
14,	6.55015,	8.010379,	-0.000233,	271.552,	0.555
15,	6.55015,	8.010515,	-0.000799,	271.550,	0.550
16,	6.55015,	8.011109,	-0.000241,	271.548,	0.500
17,	6.55015,	8.011706,	-0.000261,	271.545,	0.495
18,	6.55015,	8.007055,	0.000385,	271.542,	0.500
19,	6.55015,	8.009258,	-0.000965,	271.542,	0.500
20,	6.55015,	8.008517,	-0.000030,	271.540,	0.555
21,	6.55015,	8.007995,	-0.000276,	271.536,	0.500
22,	6.55015,	8.009412,	0.000435,	271.534,	0.500
23,	6.55015,	8.007963,	-0.000194,	271.532,	0.500
24,	6.55015,	8.011680,	-0.001306,	271.528,	0.505
25,	6.55015,	8.009613,	-0.000222,	271.526,	0.495
26,	6.55015,	8.007827,	0.000439,	271.524,	0.550
27,	6.55015,	8.006705,	0.000273,	271.523,	0.550
28,	6.55015,	8.005913,	0.000073,	271.518,	0.550
29,	6.55015,	8.008347,	0.000082,	271.517,	0.550
30,	6.55015,	8.008611,	-0.000233,	271.513,	0.505
31,	6.55015,	8.006718,	-0.000608,	271.512,	0.495
32,	6.55015,	8.006246,	-0.000435,	271.509,	0.500
33,	6.55015,	8.006082,	0.000138,	271.508,	0.505
34,	6.55015,	8.006242,	-0.000431,	271.505,	0.545
35,	6.55015,	8.006339,	-0.000407,	271.502,	0.505
36,	6.55015,	8.004672,	-0.000605,	271.501,	0.500
37,	6.55015,	8.004687,	0.000446,	271.499,	0.500
38,	6.55015,	8.005122,	-0.001454,	271.495,	0.505
39,	6.55015,	8.005611,	0.000174,	271.493,	0.500
40,	6.55015,	8.004145,	0.000284,	271.492,	0.555
41,	6.55015,	8.005579,	-0.000261,	271.488,	0.545
42,	6.55015,	8.003598,	0.000148,	271.486,	0.550
43,	6.55015,	8.004700,	-0.000541,	271.484,	0.500
44,	6.55015,	8.003206,	0.000086,	271.482,	0.500
45,	6.55015,	8.003870,	0.000097,	271.480,	0.505
46,	6.55015,	8.004408,	-0.000338,	271.479,	0.500
47,	6.55015,	8.003252,	0.000407,	271.476,	0.550
48,	6.55015,	8.003815,	0.000648,	271.472,	0.500
49,	6.55015,	8.003112,	-0.000524,	271.470,	0.500
50,	6.55015,	8.000864,	-0.000623,	271.469,	0.500
51,	6.55015,	8.003136,	-0.000487,	271.466,	0.500
52,	6.55015,	8.003846,	-0.000149,	271.463,	0.500
53,	6.55015,	8.002861,	0.000360,	271.461,	0.550
54,	6.55015,	8.000365,	0.001607,	271.459,	0.500
55,	6.55015,	8.002602,	-0.000313,	271.455,	0.500
56,	6.55015,	8.003012,	0.000243,	271.454,	0.500
57,	6.55015,	8.001131,	0.000151,	271.452,	0.500
58,	6.55015,	8.001434,	0.000614,	271.450,	0.550
59,	6.55015,	8.002359,	-0.001329,	271.447,	0.500
60,	6.55015,	8.001006,	0.001284,	271.445,	0.500
61,	6.55015,	8.000042,	0.000155,	271.443,	0.500
62,	6.55015,	8.001748,	-0.000517,	271.441,	0.500
63,	6.55015,	8.002260,	-0.000170,	271.438,	0.550
64,	6.55015,	8.003199,	0.001073,	271.436,	0.500
65,	6.55015,	8.001190,	-0.000157,	271.434,	0.500
66,	6.55015,	7.999999,	0.000915,	271.430,	0.500
67,	6.55015,	8.002307,	-0.000185,	271.431,	0.500
68,	6.55015,	8.002001,	0.000635,	271.427,	0.500
69,	6.55015,	8.002043,	0.000129,	271.425,	0.550
70,	6.55015,	8.002186,	-0.000017,	271.422,	0.550
71,	6.55015,	8.003010,	-0.000903,	271.420,	0.550
72,	6.55015,	8.001333,	0.000334,	271.418,	0.550
73,	6.55015,	8.002118,	0.000560,	271.415,	0.550
74,	6.55015,	8.004178,	0.000581,	271.413,	0.505
75,	6.55015,	8.003166,	-0.001123,	271.411,	0.500
76,	6.55015,	8.000796,	0.000362,	271.408,	0.500
77,	6.55015,	8.002130,	-0.000916,	271.407,	0.500
78,	6.55015,	8.003495,	-0.000513,	271.404,	0.550
79,	6.55015,	8.003177,	-0.001930,	271.401,	0.555
80,	6.55015,	8.005032,	-0.000194,	271.399,	0.550
81,	6.55015,	8.001964,	-0.000627,	271.398,	0.550
82,	6.55015,	8.004102,	0.001105,	271.395,	0.550
83,	6.55015,	8.002091,	-0.000093,	271.393,	0.500
84,	6.55015,	8.002471,	-0.000300,	271.390,	0.505
85,	6.55015,	8.000888,	-0.000502,	271.387,	0.505
86,	6.55015,	8.003386,	-0.000489,	271.385,	0.510
87,	6.55015,	8.003002,	0.000084,	271.383,	0.550
88,	6.55015,	8.003682,	0.000543,	271.379,	0.545
89,	6.55015,	8.002363,	0.000495,	271.378,	0.550
90,	6.55015,	8.002249,	-0.000235,	271.376,	0.500
91,	6.55015,	8.001130,	0.000709,	271.373,	0.500
92,	6.55015,	8.004726,	0.000584,	271.371,	0.500
93,	6.55015,	8.003822,	-0.000338,	271.370,	0.500
94,	6.55015,	8.002543,	0.000220,	271.367,	0.550
95,	6.55015,	8.002481,	-0.000315,	271.364,	0.500
96,	6.55015,	8.004786,	-0.000097,	271.363,	0.500
97,	6.55015,	8.004953,	-0.000078,	271.361,	0.500
98,	6.55015,	8.002738,	-0.000463,	271.359,	0.500
99,	6.55015,	8.003939,	-0.000597,	271.355,	0.500
100,	6.55015,	8.004633,	-0.000590,	271.353,	0.550
