Smpl, Det, sig,    mon,    Ring,  sec
#lmd,   E,  HOYAX,  Y,  Smpl,  Det, AGC X, Y, Smpl, Det, ppsSmpl, ppsDet
#6.55015,	189.2846,	57.000,	22.000,	4.300,	30.000,	-24.600,	3.500,	69.930,	139.651,100,100

69.872,	139.540,	0.027297,	-0.000216,	259.406,	37.460
69.970,	139.738,	0.040715,	0.001424,	259.405,	0.550
70.060,	139.914,	0.058604,	0.002372,	259.401,	0.490
70.146,	140.094,	0.081386,	0.003401,	259.400,	0.500
70.236,	140.270,	0.107427,	0.001913,	259.398,	0.490
70.326,	140.450,	0.134158,	0.003044,	259.396,	0.500
70.423,	140.645,	0.167261,	0.002042,	259.393,	0.540
70.513,	140.821,	0.197819,	0.002738,	259.392,	0.495
70.603,	141.001,	0.230466,	0.003393,	259.389,	0.495
70.693,	141.181,	0.261785,	0.002805,	259.387,	0.500
70.780,	141.358,	0.291542,	0.001870,	259.385,	0.490
70.877,	141.552,	0.321396,	0.002214,	259.383,	0.540
70.967,	141.732,	0.346949,	0.003205,	259.382,	0.500
71.057,	141.912,	0.369216,	0.002494,	259.378,	0.500
71.143,	142.088,	0.389259,	0.002854,	259.377,	0.490
71.233,	142.268,	0.404026,	0.001880,	259.375,	0.500
71.323,	142.445,	0.415282,	0.002055,	259.373,	0.490
71.420,	142.643,	0.423145,	0.001570,	259.370,	0.550
71.510,	142.819,	0.427153,	0.002787,	259.369,	0.485
71.600,	142.996,	0.426467,	0.003703,	259.368,	0.500
71.687,	143.176,	0.422392,	0.003397,	259.366,	0.490
71.777,	143.352,	0.414411,	0.001900,	259.362,	0.500
71.874,	143.546,	0.402416,	0.000577,	259.361,	0.540
71.964,	143.726,	0.387609,	0.001788,	259.358,	0.495
72.054,	143.903,	0.371492,	0.003216,	259.356,	0.495
72.144,	144.086,	0.352219,	0.002820,	259.355,	0.500
72.230,	144.259,	0.331706,	0.002094,	259.352,	0.490
72.328,	144.457,	0.307772,	0.002008,	259.351,	0.545
72.425,	144.652,	0.281821,	0.001456,	259.348,	0.540
72.522,	144.846,	0.255642,	0.002867,	259.346,	0.535
72.612,	145.026,	0.232736,	0.002798,	259.344,	0.500
72.702,	145.202,	0.210218,	0.001525,	259.341,	0.490
72.792,	145.382,	0.187060,	0.002359,	259.341,	0.500
72.878,	145.555,	0.164976,	0.002249,	259.338,	0.490
72.979,	145.753,	0.141713,	0.001999,	259.337,	0.550
73.066,	145.930,	0.123550,	0.002234,	259.332,	0.490
73.156,	146.110,	0.106472,	0.003207,	259.332,	0.495
73.246,	146.286,	0.090239,	0.002557,	259.330,	0.495
73.332,	146.466,	0.077011,	0.002777,	259.328,	0.495
73.433,	146.660,	0.062199,	0.001740,	259.323,	0.540
73.523,	146.844,	0.052198,	0.002320,	259.324,	0.505
73.609,	147.017,	0.044056,	0.002678,	259.322,	0.490
73.699,	147.197,	0.037466,	0.002738,	259.320,	0.500
73.789,	147.373,	0.031252,	0.002372,	259.316,	0.490
73.886,	147.571,	0.025639,	0.001176,	259.315,	0.550
73.976,	147.748,	0.022929,	0.003223,	259.313,	0.490
74.066,	147.928,	0.018388,	0.001977,	259.312,	0.500
74.153,	148.104,	0.016422,	0.002346,	259.308,	0.490
74.243,	148.284,	0.014798,	0.003281,	259.306,	0.495
74.340,	148.478,	0.013060,	0.001098,	259.305,	0.540
74.430,	148.658,	0.011708,	0.002973,	259.303,	0.500
74.516,	148.835,	0.011730,	0.002331,	259.301,	0.490
74.606,	149.015,	0.010734,	0.002796,	259.299,	0.495
74.696,	149.191,	0.009932,	0.002083,	259.297,	0.495
74.794,	149.389,	0.007807,	0.001411,	259.296,	0.545
74.884,	149.566,	0.007698,	0.003416,	259.292,	0.490
74.974,	149.742,	0.007436,	0.003126,	259.290,	0.500
75.060,	149.922,	0.006301,	0.003210,	259.288,	0.495
75.150,	150.098,	0.005241,	0.002634,	259.287,	0.495
75.247,	150.296,	0.004002,	0.002016,	259.284,	0.540
75.337,	150.473,	0.003528,	0.002977,	259.283,	0.500
75.427,	150.653,	0.002924,	0.002451,	259.281,	0.490
75.517,	150.833,	0.002160,	0.002378,	259.278,	0.500
75.604,	151.009,	0.002391,	0.002473,	259.276,	0.495
75.704,	151.204,	0.000950,	0.002359,	259.273,	0.545
75.791,	151.380,	0.001071,	0.001329,	259.274,	0.490
75.881,	151.560,	0.000989,	0.001467,	259.269,	0.500
75.971,	151.740,	0.000179,	0.002643,	259.267,	0.500
76.061,	151.916,	0.001373,	0.002303,	259.266,	0.490
76.151,	152.100,	0.000278,	0.002585,	259.264,	0.500
76.248,	152.291,	-0.000357,	0.001730,	259.260,	0.540
76.334,	152.471,	0.001392,	0.002329,	259.259,	0.495
76.424,	152.647,	0.000947,	0.001450,	259.258,	0.495
76.514,	152.827,	0.001000,	0.002167,	259.255,	0.500
76.604,	153.004,	0.000992,	0.002195,	259.253,	0.485
76.702,	153.198,	0.000566,	0.002046,	259.252,	0.545
76.792,	153.378,	0.000489,	0.001727,	259.250,	0.495
76.878,	153.554,	0.001820,	0.000553,	259.247,	0.495
76.968,	153.734,	0.001115,	0.002701,	259.246,	0.495
77.058,	153.911,	0.000983,	0.002787,	259.244,	0.495
77.155,	154.105,	-0.000248,	0.003033,	259.242,	0.540
77.242,	154.285,	0.000923,	0.002833,	259.239,	0.495
77.332,	154.465,	0.002303,	0.002410,	259.237,	0.495
77.422,	154.642,	0.000294,	0.004086,	259.235,	0.495
77.512,	154.822,	0.000635,	0.002473,	259.234,	0.495
77.609,	155.012,	0.000387,	0.002550,	259.230,	0.540
77.695,	155.192,	0.000052,	0.002858,	259.228,	0.495
77.785,	155.369,	-0.000622,	0.002387,	259.227,	0.490
77.875,	155.549,	-0.000794,	0.001859,	259.225,	0.505
77.965,	155.725,	-0.001424,	0.003182,	259.222,	0.490
78.062,	155.920,	-0.001827,	0.001631,	259.220,	0.540
78.152,	156.100,	-0.001971,	0.003839,	259.219,	0.500
78.239,	156.276,	-0.001576,	0.003158,	259.216,	0.485
78.329,	156.456,	-0.001959,	0.002410,	259.214,	0.500
78.419,	156.632,	-0.003000,	0.001893,	259.212,	0.495
78.516,	156.827,	-0.003516,	0.000726,	259.211,	0.540
78.602,	157.007,	-0.003659,	0.003132,	259.207,	0.495
78.692,	157.183,	-0.003115,	0.002240,	259.206,	0.495
78.782,	157.363,	-0.004153,	0.003912,	259.204,	0.490
78.872,	157.543,	-0.004245,	0.002195,	259.201,	0.500
78.970,	157.734,	-0.004875,	0.001648,	259.201,	0.540
79.056,	157.914,	-0.003999,	0.002132,	259.198,	0.495
79.146,	158.090,	-0.003632,	0.001372,	259.195,	0.495
79.236,	158.270,	-0.003372,	0.003001,	259.194,	0.495
79.326,	158.447,	-0.004338,	0.002283,	259.193,	0.490
79.423,	158.641,	-0.004926,	0.001913,	259.190,	0.540
79.513,	158.821,	-0.003324,	0.002283,	259.188,	0.500
79.600,	158.998,	-0.002959,	0.002667,	259.186,	0.495
79.690,	159.178,	-0.003834,	0.002374,	259.183,	0.495
79.780,	159.354,	-0.003455,	0.002165,	259.181,	0.495
79.877,	159.548,	-0.004168,	0.002195,	259.181,	0.540
79.963,	159.728,	-0.003858,	0.002960,	259.179,	0.495
80.053,	159.908,	-0.003003,	0.002447,	259.175,	0.500
80.143,	160.085,	-0.003336,	0.003974,	259.173,	0.490
80.233,	160.265,	-0.003685,	0.001898,	259.172,	0.500
80.330,	160.459,	-0.004005,	0.001122,	259.170,	0.535
80.417,	160.636,	-0.002932,	0.003119,	259.167,	0.495
80.507,	160.812,	-0.002907,	0.003171,	259.165,	0.495
80.597,	160.992,	-0.003502,	0.001465,	259.163,	0.490
80.687,	161.168,	-0.002800,	0.002337,	259.162,	0.500
80.784,	161.363,	-0.003531,	0.002818,	259.159,	0.540
80.870,	161.543,	-0.003436,	0.002111,	259.156,	0.495
80.960,	161.719,	-0.003305,	0.002514,	259.155,	0.490
81.050,	161.903,	-0.002953,	0.001676,	259.152,	0.510
81.140,	162.079,	-0.002943,	0.002548,	259.151,	0.495
81.238,	162.274,	-0.003053,	0.001555,	259.148,	0.535
81.328,	162.454,	-0.003296,	0.001538,	259.147,	0.500
81.418,	162.630,	-0.003630,	0.002680,	259.144,	0.490
81.504,	162.810,	-0.003811,	0.002264,	259.141,	0.500
81.594,	162.986,	-0.004170,	0.002589,	259.139,	0.490
81.691,	163.184,	-0.004512,	0.000734,	259.139,	0.545
81.781,	163.361,	-0.004257,	0.001865,	259.136,	0.495
81.871,	163.537,	-0.004854,	0.002367,	259.133,	0.495
81.958,	163.717,	-0.004502,	0.002626,	259.131,	0.495
82.048,	163.894,	-0.003894,	0.001921,	259.129,	0.495
82.145,	164.092,	-0.005389,	0.001488,	259.127,	0.545
82.235,	164.272,	-0.005365,	0.002559,	259.125,	0.500
82.325,	164.448,	-0.004219,	0.002074,	259.124,	0.485
82.415,	164.628,	-0.005037,	0.001730,	259.121,	0.500
82.505,	164.804,	-0.004644,	0.002089,	259.118,	0.500
82.598,	164.999,	-0.005524,	0.002501,	259.116,	0.535
82.688,	165.175,	-0.005716,	0.002794,	259.115,	0.495
82.778,	165.355,	-0.005995,	0.003401,	259.113,	0.495
82.868,	165.532,	-0.005619,	0.002070,	259.110,	0.490
82.958,	165.712,	-0.005416,	0.003138,	259.110,	0.505
83.056,	165.906,	-0.006311,	0.001842,	259.107,	0.535
83.142,	166.086,	-0.005539,	0.003416,	259.104,	0.505
83.232,	166.262,	-0.006396,	0.002270,	259.101,	0.490
83.322,	166.442,	-0.006726,	0.002721,	259.100,	0.500
83.412,	166.619,	-0.005990,	0.003479,	259.099,	0.485
83.498,	166.799,	-0.005816,	0.002848,	259.097,	0.500
83.596,	166.993,	-0.006779,	0.002223,	259.094,	0.540
83.686,	167.173,	-0.006674,	0.001807,	259.092,	0.495
83.776,	167.350,	-0.006513,	0.002036,	259.090,	0.495
83.866,	167.530,	-0.006288,	0.002693,	259.087,	0.495
83.952,	167.706,	-0.006534,	0.002130,	259.086,	0.495
84.053,	167.900,	-0.007576,	0.002378,	259.085,	0.545
84.139,	168.080,	-0.005684,	0.003341,	259.083,	0.495
84.229,	168.260,	-0.005947,	0.002313,	259.080,	0.500
84.319,	168.437,	-0.006495,	0.002225,	259.079,	0.490
84.409,	168.617,	-0.006716,	0.002195,	259.078,	0.500
84.496,	168.793,	-0.006669,	0.002120,	259.076,	0.490
84.596,	168.991,	-0.006772,	0.002059,	259.072,	0.550
84.683,	169.168,	-0.005744,	0.002484,	259.071,	0.490
84.773,	169.344,	-0.005115,	0.001624,	259.069,	0.495
84.863,	169.524,	-0.004407,	0.002337,	259.067,	0.500
84.953,	169.700,	-0.004455,	0.003134,	259.064,	0.490
85.050,	169.898,	-0.005334,	0.001195,	259.063,	0.550
85.140,	170.075,	-0.004074,	0.002762,	259.060,	0.490
85.226,	170.255,	-0.003896,	0.002923,	259.058,	0.500
85.316,	170.431,	-0.005326,	0.002677,	259.057,	0.490
85.406,	170.611,	-0.006046,	0.002734,	259.055,	0.495
85.504,	170.806,	-0.007800,	0.002559,	259.054,	0.540
85.594,	170.982,	-0.006697,	0.002102,	259.050,	0.495
85.680,	171.162,	-0.006123,	0.002628,	259.048,	0.495
85.770,	171.338,	-0.006195,	0.001936,	259.046,	0.490
85.860,	171.518,	-0.006566,	0.003520,	259.046,	0.495
85.957,	171.713,	-0.007273,	0.002354,	259.041,	0.545
86.047,	171.889,	-0.005985,	0.003436,	259.039,	0.495
86.134,	172.069,	-0.006364,	0.002186,	259.038,	0.495
86.224,	172.246,	-0.005846,	0.002968,	259.037,	0.495
86.314,	172.426,	-0.006672,	0.001874,	259.035,	0.495
86.411,	172.624,	-0.006685,	0.002223,	259.032,	0.550
86.501,	172.796,	-0.006892,	0.003313,	259.031,	0.485
86.591,	172.980,	-0.006840,	0.002288,	259.028,	0.505
86.677,	173.156,	-0.006416,	0.001896,	259.024,	0.490
86.767,	173.333,	-0.005278,	0.001189,	259.022,	0.495
86.864,	173.527,	-0.006698,	0.001870,	259.020,	0.540
86.954,	173.707,	-0.006038,	0.003003,	259.019,	0.495
87.044,	173.884,	-0.006578,	0.001934,	259.016,	0.495
87.131,	174.060,	-0.005730,	0.002882,	259.015,	0.490
87.221,	174.240,	-0.006113,	0.002658,	259.012,	0.500
87.318,	174.434,	-0.005555,	0.001581,	259.011,	0.540
87.408,	174.614,	-0.006195,	0.002630,	259.009,	0.495
87.494,	174.791,	-0.005363,	0.002012,	259.006,	0.490
87.584,	174.971,	-0.004730,	0.001984,	259.004,	0.500
87.674,	175.147,	-0.001182,	0.003720,	259.004,	0.490
87.772,	175.345,	-0.006626,	0.001422,	259.000,	0.550
87.862,	175.522,	-0.005416,	0.001691,	258.999,	0.490
87.948,	175.698,	-0.005451,	0.002359,	258.997,	0.495
88.038,	175.874,	-0.006236,	0.002191,	258.993,	0.490
88.128,	176.058,	-0.006035,	0.002914,	258.992,	0.505
88.225,	176.249,	-0.006163,	0.002738,	258.991,	0.535
88.315,	176.429,	-0.006087,	0.002132,	258.989,	0.495
88.405,	176.605,	-0.003965,	0.002408,	258.986,	0.495
88.492,	176.785,	-0.005018,	0.002438,	258.984,	0.495
88.582,	176.962,	-0.005083,	0.003007,	258.982,	0.495
88.679,	177.156,	-0.004624,	0.001157,	258.981,	0.535
88.769,	177.332,	-0.004490,	0.002212,	258.977,	0.500
88.855,	177.512,	-0.004221,	0.002688,	258.976,	0.490
88.945,	177.689,	-0.004148,	0.003067,	258.974,	0.500
89.035,	177.869,	-0.005472,	0.003136,	258.972,	0.490
89.125,	178.049,	-0.005153,	0.002122,	258.970,	0.500
89.222,	178.240,	-0.005913,	0.001936,	258.967,	0.540
89.312,	178.423,	-0.006187,	0.001480,	258.966,	0.500
89.399,	178.600,	-0.006062,	0.002744,	258.964,	0.490
89.489,	178.780,	-0.006356,	0.002247,	258.962,	0.500
89.579,	178.952,	-0.006343,	0.002453,	258.960,	0.490
89.676,	179.150,	-0.007218,	0.002367,	258.958,	0.540
89.766,	179.327,	-0.006319,	0.002484,	258.954,	0.495
89.852,	179.503,	-0.008322,	0.003233,	258.953,	0.495
89.942,	179.683,	-0.009283,	0.001820,	258.951,	0.495
