Smpl, Det, sig,    mon,    Ring,  sec
#lmd,   E,  HOYAX,  Y,  Smpl,  Det, AGC X, Y, Smpl, Det, ppsSmpl, ppsDet
#6.75016,	183.6760,	57.000,	22.000,	4.300,	30.000,	27.600,	4.500,	69.930,	139.651,100,100

69.869,	139.540,	-0.001883,	-0.000961,	274.665,	37.430
69.966,	139.734,	-0.003437,	0.003434,	274.661,	0.540
70.056,	139.910,	-0.002899,	0.001865,	274.659,	0.490
70.146,	140.090,	-0.002589,	0.003238,	274.657,	0.500
70.236,	140.267,	-0.003210,	0.001969,	274.656,	0.490
70.322,	140.447,	-0.003783,	0.002902,	274.651,	0.500
70.420,	140.641,	-0.004024,	0.002154,	274.649,	0.535
70.510,	140.821,	-0.004076,	0.002531,	274.647,	0.505
70.600,	140.998,	-0.004123,	0.002100,	274.644,	0.490
70.690,	141.178,	-0.003601,	0.001187,	274.641,	0.500
70.776,	141.354,	-0.004421,	0.002143,	274.640,	0.485
70.873,	141.548,	-0.005443,	0.002208,	274.638,	0.545
70.963,	141.728,	-0.004793,	0.001863,	274.634,	0.495
71.053,	141.905,	-0.004620,	0.002596,	274.632,	0.500
71.143,	142.085,	-0.004721,	0.002645,	274.630,	0.490
71.233,	142.261,	-0.004041,	0.001641,	274.628,	0.500
71.330,	142.459,	-0.004505,	0.002107,	274.623,	0.540
71.417,	142.636,	-0.004376,	0.002432,	274.623,	0.495
71.507,	142.812,	-0.003799,	0.001684,	274.621,	0.495
71.597,	142.992,	-0.003694,	0.002522,	274.619,	0.495
71.687,	143.172,	-0.003120,	0.002531,	274.617,	0.495
71.784,	143.366,	-0.003601,	0.000782,	274.612,	0.545
71.870,	143.543,	-0.003554,	0.002301,	274.611,	0.490
71.960,	143.723,	-0.002457,	0.001809,	274.609,	0.500
72.050,	143.899,	-0.003334,	0.002649,	274.606,	0.490
72.140,	144.079,	-0.002814,	0.002889,	274.604,	0.495
72.230,	144.256,	-0.003029,	0.003132,	274.602,	0.495
72.328,	144.454,	-0.003181,	0.003768,	274.601,	0.545
72.414,	144.630,	-0.002377,	0.003093,	274.596,	0.495
72.504,	144.810,	-0.003574,	0.001980,	274.594,	0.500
72.594,	144.986,	-0.003463,	0.002413,	274.592,	0.490
72.684,	145.166,	-0.003671,	0.001917,	274.591,	0.500
72.781,	145.361,	-0.004963,	0.000276,	274.587,	0.535
72.871,	145.541,	-0.003883,	0.002759,	274.586,	0.505
72.958,	145.717,	-0.003952,	0.002195,	274.584,	0.490
73.048,	145.897,	-0.004953,	0.002180,	274.581,	0.500
73.138,	146.074,	-0.005085,	0.001859,	274.578,	0.485
73.235,	146.268,	-0.005764,	0.001529,	274.576,	0.545
73.325,	146.444,	-0.005737,	0.002553,	274.575,	0.495
73.415,	146.624,	-0.005568,	0.002699,	274.572,	0.495
73.501,	146.804,	-0.004893,	0.002509,	274.570,	0.495
73.591,	146.981,	-0.004181,	0.001921,	274.568,	0.500
73.688,	147.175,	-0.005596,	0.002150,	274.566,	0.535
73.778,	147.355,	-0.005234,	0.003750,	274.562,	0.500
73.868,	147.532,	-0.004202,	0.002376,	274.561,	0.495
73.958,	147.712,	-0.004530,	0.001269,	274.558,	0.500
74.045,	147.888,	-0.003979,	0.002415,	274.557,	0.490
74.142,	148.086,	-0.003889,	0.001751,	274.552,	0.545
74.232,	148.262,	-0.003434,	0.002986,	274.550,	0.495
74.322,	148.442,	-0.003293,	0.003453,	274.549,	0.495
74.408,	148.619,	-0.003198,	0.001025,	274.548,	0.490
74.498,	148.799,	-0.002400,	0.002182,	274.544,	0.495
74.596,	148.993,	-0.002806,	0.001964,	274.542,	0.540
74.686,	149.170,	-0.002936,	0.002400,	274.541,	0.490
74.776,	149.350,	-0.001806,	0.002008,	274.539,	0.500
74.862,	149.522,	-0.002909,	0.002210,	274.535,	0.490
74.952,	149.702,	-0.001826,	0.002453,	274.533,	0.495
75.049,	149.897,	-0.003634,	0.002053,	274.531,	0.540
75.139,	150.077,	-0.003178,	0.002604,	274.528,	0.500
75.226,	150.253,	-0.003295,	0.002333,	274.526,	0.490
75.316,	150.433,	-0.003486,	0.003319,	274.525,	0.495
75.406,	150.610,	-0.003556,	0.002048,	274.521,	0.495
75.503,	150.804,	-0.005953,	0.003044,	274.520,	0.535
75.593,	150.980,	-0.003927,	0.002830,	274.516,	0.495
75.679,	151.160,	-0.005567,	0.002908,	274.514,	0.500
75.769,	151.337,	-0.005646,	0.002290,	274.513,	0.490
75.859,	151.517,	-0.005633,	0.001889,	274.510,	0.495
75.956,	151.711,	-0.006132,	0.001885,	274.508,	0.545
76.046,	151.888,	-0.005785,	0.003070,	274.505,	0.495
76.133,	152.068,	-0.004710,	0.000946,	274.504,	0.500
76.223,	152.244,	-0.005406,	0.001566,	274.501,	0.490
76.313,	152.420,	-0.005110,	0.002617,	274.499,	0.490
76.410,	152.618,	-0.003897,	0.001478,	274.497,	0.550
76.500,	152.795,	-0.004893,	0.002346,	274.496,	0.485
76.586,	152.975,	-0.004916,	0.002184,	274.493,	0.500
76.676,	153.151,	-0.004258,	0.001208,	274.490,	0.490
76.766,	153.331,	-0.003701,	0.002695,	274.488,	0.500
76.856,	153.511,	-0.002634,	0.002132,	274.486,	0.500
76.954,	153.706,	-0.003012,	0.001368,	274.483,	0.540
77.044,	153.882,	-0.002567,	0.003063,	274.481,	0.490
77.130,	154.062,	-0.000775,	0.002413,	274.479,	0.500
77.220,	154.238,	-0.001096,	0.001654,	274.478,	0.495
77.310,	154.418,	-0.000785,	0.003192,	274.475,	0.495
77.407,	154.613,	-0.000918,	0.001363,	274.472,	0.540
77.497,	154.793,	0.000030,	0.002779,	274.471,	0.500
77.584,	154.966,	-0.000240,	0.002387,	274.470,	0.485
77.674,	155.146,	0.000181,	0.003515,	274.465,	0.500
77.764,	155.326,	0.000104,	0.002262,	274.463,	0.490
77.861,	155.520,	-0.000254,	0.001766,	274.461,	0.545
77.951,	155.696,	-0.000442,	0.001689,	274.457,	0.495
78.037,	155.876,	-0.001114,	0.001411,	274.455,	0.500
78.127,	156.053,	-0.000577,	0.001603,	274.454,	0.485
78.217,	156.233,	-0.000961,	0.001844,	274.452,	0.500
78.314,	156.427,	-0.001766,	0.001734,	274.448,	0.540
78.404,	156.607,	-0.001011,	0.002678,	274.447,	0.500
78.491,	156.784,	-0.001411,	0.002270,	274.445,	0.490
78.581,	156.964,	-0.001885,	0.002477,	274.443,	0.500
78.671,	157.140,	-0.001582,	0.001743,	274.441,	0.490
78.768,	157.334,	-0.003787,	0.001547,	274.438,	0.545
78.858,	157.514,	-0.003596,	0.001837,	274.436,	0.495
78.948,	157.691,	-0.002570,	0.001715,	274.433,	0.495
79.034,	157.871,	-0.003738,	0.003668,	274.429,	0.495
79.124,	158.047,	-0.004059,	0.003067,	274.428,	0.495
79.222,	158.242,	-0.004427,	0.001488,	274.426,	0.540
79.312,	158.422,	-0.004083,	0.001473,	274.424,	0.490
79.402,	158.598,	-0.004403,	0.002186,	274.420,	0.500
79.488,	158.778,	-0.004368,	0.003164,	274.419,	0.495
79.578,	158.958,	-0.003856,	0.003388,	274.417,	0.500
79.675,	159.152,	-0.004348,	0.001620,	274.415,	0.545
79.765,	159.332,	-0.004143,	0.002781,	274.411,	0.490
79.855,	159.509,	-0.003543,	0.003905,	274.409,	0.495
79.945,	159.685,	-0.003065,	0.001939,	274.408,	0.495
80.032,	159.865,	-0.002793,	0.002507,	274.406,	0.500
80.129,	160.060,	-0.001933,	0.001523,	274.402,	0.540
80.219,	160.236,	-0.001684,	0.002249,	274.400,	0.490
80.309,	160.416,	-0.000870,	0.002208,	274.399,	0.500
80.399,	160.596,	-0.000884,	0.002509,	274.395,	0.495
80.489,	160.772,	-0.000075,	0.002135,	274.393,	0.495
80.586,	160.967,	0.000152,	0.001363,	274.392,	0.540
80.672,	161.147,	0.000921,	0.003259,	274.390,	0.495
80.762,	161.323,	0.002731,	0.002471,	274.385,	0.495
80.852,	161.503,	0.003034,	0.002486,	274.383,	0.495
80.942,	161.680,	0.002484,	0.002421,	274.382,	0.495
81.040,	161.874,	0.003585,	0.001419,	274.380,	0.540
81.126,	162.050,	0.004068,	0.002790,	274.376,	0.490
81.216,	162.230,	0.004017,	0.003358,	274.375,	0.500
81.306,	162.410,	0.004611,	0.001715,	274.373,	0.495
81.396,	162.587,	0.004734,	0.002212,	274.372,	0.495
81.482,	162.767,	0.005758,	0.002716,	274.366,	0.490
81.580,	162.961,	0.005717,	0.002083,	274.365,	0.550
81.670,	163.138,	0.006216,	0.002098,	274.364,	0.490
81.760,	163.318,	0.005975,	0.002460,	274.361,	0.495
81.850,	163.494,	0.005731,	0.002236,	274.358,	0.495
81.936,	163.674,	0.005329,	0.002023,	274.356,	0.495
82.033,	163.868,	0.004785,	0.001370,	274.354,	0.540
82.123,	164.045,	0.006028,	0.002430,	274.351,	0.495
82.213,	164.225,	0.004928,	0.002033,	274.349,	0.495
82.300,	164.401,	0.004948,	0.002930,	274.347,	0.490
82.390,	164.581,	0.005514,	0.002486,	274.346,	0.500
82.487,	164.776,	0.003953,	0.001088,	274.344,	0.540
82.577,	164.952,	0.003910,	0.002557,	274.340,	0.495
82.667,	165.128,	0.003193,	0.002152,	274.337,	0.490
82.757,	165.308,	0.003074,	0.002830,	274.335,	0.500
82.843,	165.488,	0.002991,	0.000749,	274.333,	0.490
82.940,	165.683,	0.001728,	0.002494,	274.330,	0.545
83.030,	165.859,	0.001935,	0.003130,	274.329,	0.495
83.120,	166.039,	-0.000043,	0.002204,	274.326,	0.500
83.210,	166.216,	-0.005257,	0.002975,	274.322,	0.490
83.297,	166.396,	-0.005194,	0.002477,	274.321,	0.495
83.398,	166.590,	-0.006226,	0.001921,	274.319,	0.545
83.484,	166.770,	-0.005175,	0.003179,	274.317,	0.500
83.574,	166.946,	-0.005443,	0.000997,	274.314,	0.490
83.664,	167.126,	-0.006223,	0.002130,	274.312,	0.500
83.754,	167.303,	-0.006423,	0.002736,	274.310,	0.490
83.851,	167.497,	-0.006347,	0.001777,	274.308,	0.540
83.938,	167.677,	-0.007100,	0.002430,	274.305,	0.495
84.028,	167.854,	-0.007138,	0.001422,	274.303,	0.495
84.118,	168.034,	-0.006021,	0.002100,	274.301,	0.495
84.208,	168.210,	-0.006052,	0.001986,	274.299,	0.495
84.305,	168.408,	-0.008157,	0.001822,	274.295,	0.545
84.395,	168.588,	-0.007048,	0.002947,	274.294,	0.500
84.481,	168.764,	-0.005937,	0.002397,	274.292,	0.490
84.571,	168.941,	-0.006086,	0.001559,	274.288,	0.495
84.661,	169.121,	-0.005864,	0.001880,	274.285,	0.495
84.758,	169.315,	-0.005896,	0.002083,	274.284,	0.545
84.848,	169.495,	-0.003726,	0.003647,	274.282,	0.495
84.938,	169.672,	-0.003246,	0.003110,	274.279,	0.495
85.025,	169.852,	-0.003489,	0.002238,	274.277,	0.495
85.115,	170.028,	-0.003462,	0.003263,	274.275,	0.495
85.212,	170.226,	-0.003810,	0.001613,	274.274,	0.545
85.302,	170.402,	-0.004505,	0.001717,	274.270,	0.495
85.392,	170.582,	-0.006559,	0.001908,	274.268,	0.500
85.482,	170.759,	-0.006512,	0.001663,	274.266,	0.490
85.568,	170.939,	-0.005653,	0.002499,	274.264,	0.500
85.669,	171.133,	-0.007149,	0.002570,	274.261,	0.540
85.766,	171.328,	-0.005613,	0.002188,	274.258,	0.540
85.853,	171.508,	-0.006474,	0.001840,	274.256,	0.500
85.943,	171.684,	-0.006309,	0.002570,	274.252,	0.485
86.033,	171.864,	-0.006450,	0.002734,	274.251,	0.500
86.119,	172.040,	-0.006692,	0.003145,	274.249,	0.490
86.220,	172.235,	-0.007154,	0.002070,	274.247,	0.545
86.306,	172.415,	-0.006711,	0.002725,	274.245,	0.495
86.396,	172.591,	-0.005694,	0.001924,	274.242,	0.495
86.486,	172.768,	-0.006344,	0.002826,	274.241,	0.490
86.573,	172.948,	-0.006439,	0.002908,	274.238,	0.500
86.674,	173.142,	-0.007636,	0.001288,	274.235,	0.540
86.760,	173.322,	-0.007360,	0.002673,	274.234,	0.500
86.850,	173.498,	-0.006615,	0.002466,	274.231,	0.490
86.940,	173.678,	-0.006522,	0.002755,	274.229,	0.495
87.026,	173.855,	-0.006388,	0.002533,	274.226,	0.495
87.127,	174.049,	-0.006488,	0.001958,	274.224,	0.540
87.214,	174.229,	-0.005951,	0.002245,	274.223,	0.495
87.304,	174.406,	-0.005118,	0.002531,	274.221,	0.490
87.394,	174.586,	-0.005845,	0.002925,	274.217,	0.505
87.484,	174.766,	-0.006218,	0.002955,	274.214,	0.500
87.574,	174.942,	-0.005514,	0.002492,	274.213,	0.490
87.671,	175.140,	-0.006012,	0.001521,	274.211,	0.550
87.757,	175.316,	-0.003352,	0.002359,	274.208,	0.485
87.847,	175.496,	-0.003504,	0.002333,	274.206,	0.505
87.937,	175.673,	-0.004770,	0.002122,	274.204,	0.485
88.027,	175.853,	-0.006163,	0.002751,	274.202,	0.505
88.124,	176.047,	-0.006585,	0.002180,	274.199,	0.535
88.211,	176.224,	-0.005874,	0.002212,	274.197,	0.495
88.301,	176.404,	-0.005897,	0.003240,	274.195,	0.495
88.391,	176.580,	-0.005280,	0.002940,	274.192,	0.495
88.481,	176.760,	-0.004312,	0.002249,	274.188,	0.495
88.578,	176.954,	-0.004544,	0.002322,	274.188,	0.540
88.668,	177.131,	-0.004502,	0.002350,	274.185,	0.495
88.754,	177.307,	-0.004538,	0.003044,	274.181,	0.490
88.844,	177.487,	-0.005295,	0.001389,	274.180,	0.500
88.934,	177.667,	-0.004062,	0.002229,	274.178,	0.500
89.032,	177.862,	-0.004442,	0.001753,	274.176,	0.540
89.122,	178.042,	-0.004270,	0.002606,	274.173,	0.500
89.208,	178.218,	-0.005529,	0.002617,	274.171,	0.490
89.298,	178.394,	-0.004727,	0.002660,	274.169,	0.490
89.388,	178.574,	-0.005373,	0.001447,	274.167,	0.500
89.485,	178.769,	-0.006689,	0.002113,	274.163,	0.535
89.582,	178.963,	-0.007444,	0.001682,	274.161,	0.550
89.672,	179.143,	-0.006500,	0.003365,	274.159,	0.490
89.762,	179.320,	-0.007291,	0.002374,	274.156,	0.495
89.849,	179.500,	-0.008575,	0.001592,	274.154,	0.495
89.939,	179.676,	-0.007345,	0.002667,	274.151,	0.495
