Smpl, Det, sig,    mon,    Ring,  sec
#lmd,   E,  HOYAX,  Y,  Smpl,  Det, AGC X, Y, Smpl, Det, ppsSmpl, ppsDet
#6.60016,	187.8504,	57.000,	22.000,	4.300,	30.000,	-52.700,	13.300,	-0.068,	-0.346,100,100

-0.119,	-0.443,	2.989196,	-0.000474,	246.952,	14.715
-0.022,	-0.248,	2.580302,	0.001335,	246.952,	0.545
0.068,	-0.072,	2.406512,	0.002740,	246.948,	0.495
0.155,	0.108,	2.194801,	0.002839,	246.945,	0.495
0.245,	0.288,	2.038852,	0.001628,	246.944,	0.495
0.335,	0.464,	2.200188,	0.002352,	246.942,	0.490
0.432,	0.659,	2.318280,	0.002232,	246.939,	0.540
0.518,	0.835,	2.516760,	0.002574,	246.938,	0.490
0.608,	1.012,	2.476618,	0.002488,	246.937,	0.495
0.698,	1.192,	2.631908,	0.002693,	246.936,	0.495
0.785,	1.368,	2.950892,	0.003173,	246.933,	0.490
0.882,	1.562,	3.174416,	0.001764,	246.931,	0.545
0.972,	1.739,	3.239459,	0.002387,	246.930,	0.490
1.062,	1.919,	3.247073,	0.002044,	246.928,	0.500
1.148,	2.095,	3.250176,	0.002020,	246.925,	0.490
1.238,	2.272,	3.263680,	0.001501,	246.924,	0.490
1.336,	2.466,	3.270610,	0.002751,	246.923,	0.535
1.426,	2.642,	3.273532,	0.002787,	246.920,	0.495
1.512,	2.822,	3.278847,	0.002813,	246.919,	0.495
1.602,	2.999,	3.284440,	0.002734,	246.915,	0.495
1.692,	3.175,	3.257960,	0.002527,	246.914,	0.490
1.789,	3.373,	3.221609,	0.001094,	246.913,	0.545
1.876,	3.550,	3.227935,	0.003190,	246.910,	0.495
1.966,	3.726,	3.272376,	0.002079,	246.909,	0.490
2.056,	3.906,	3.347190,	0.003110,	246.907,	0.500
2.142,	4.082,	3.447646,	0.001896,	246.906,	0.485
2.239,	4.277,	3.570664,	0.001661,	246.903,	0.540
2.329,	4.453,	3.683991,	0.003057,	246.901,	0.495
2.419,	4.633,	3.801278,	0.002277,	246.900,	0.495
2.506,	4.810,	3.913161,	0.003421,	246.896,	0.495
2.596,	4.986,	4.024952,	0.002634,	246.895,	0.490
2.693,	5.184,	4.149059,	0.001954,	246.894,	0.545
2.790,	5.378,	4.272382,	0.001631,	246.893,	0.545
2.880,	5.555,	4.375298,	0.002774,	246.890,	0.485
2.970,	5.731,	4.475303,	0.003195,	246.888,	0.495
3.056,	5.908,	4.592053,	0.002983,	246.886,	0.490
3.146,	6.088,	4.718031,	0.002615,	246.885,	0.495
3.244,	6.282,	4.857374,	0.001529,	246.883,	0.540
3.330,	6.458,	4.978113,	0.003858,	246.881,	0.495
3.420,	6.635,	5.080603,	0.002143,	246.879,	0.490
3.510,	6.811,	5.165810,	0.002173,	246.878,	0.490
3.596,	6.991,	5.251175,	0.003257,	246.874,	0.495
3.694,	7.186,	5.339348,	0.002727,	246.874,	0.540
3.784,	7.362,	5.411449,	0.002514,	246.872,	0.495
3.874,	7.542,	5.474807,	0.001816,	246.870,	0.495
3.960,	7.718,	5.518864,	0.003733,	246.868,	0.495
4.050,	7.895,	5.546469,	0.002955,	246.867,	0.490
4.147,	8.089,	5.558089,	0.002708,	246.864,	0.535
4.237,	8.266,	5.559122,	0.001837,	246.862,	0.495
4.324,	8.446,	5.549043,	0.002094,	246.861,	0.500
4.414,	8.622,	5.534779,	0.002486,	246.859,	0.485
4.504,	8.798,	5.510700,	0.002578,	246.857,	0.495
4.597,	8.993,	5.482757,	0.001913,	246.856,	0.540
4.687,	9.169,	5.452466,	0.002447,	246.851,	0.490
4.777,	9.349,	5.421238,	0.002975,	246.851,	0.500
4.864,	9.526,	5.388186,	0.001596,	246.850,	0.490
4.954,	9.702,	5.353736,	0.002557,	246.848,	0.490
5.051,	9.896,	5.312833,	0.002005,	246.845,	0.540
5.141,	10.073,	5.275988,	0.002070,	246.843,	0.495
5.227,	10.249,	5.238848,	0.003268,	246.841,	0.490
5.317,	10.429,	5.200778,	0.001495,	246.838,	0.495
5.407,	10.606,	5.159740,	0.002790,	246.837,	0.490
5.501,	10.800,	5.113435,	0.002742,	246.836,	0.540
5.591,	10.976,	5.071280,	0.002008,	246.835,	0.495
5.681,	11.153,	5.028444,	0.003113,	246.832,	0.490
5.767,	11.333,	4.983513,	0.002846,	246.831,	0.500
5.857,	11.509,	4.935725,	0.003427,	246.829,	0.490
5.954,	11.704,	4.881970,	0.001971,	246.827,	0.535
6.044,	11.884,	4.835252,	0.002281,	246.824,	0.505
6.131,	12.060,	4.785637,	0.003199,	246.822,	0.485
6.221,	12.236,	4.735464,	0.002759,	246.821,	0.495
6.311,	12.416,	4.683501,	0.002755,	246.820,	0.495
6.408,	12.611,	4.632923,	0.001577,	246.817,	0.535
6.498,	12.787,	4.560311,	0.001245,	246.816,	0.500
6.584,	12.964,	4.498828,	0.002206,	246.814,	0.490
6.674,	13.144,	4.437511,	0.002232,	246.812,	0.495
6.764,	13.320,	4.372962,	0.002505,	246.809,	0.495
6.862,	13.514,	4.299967,	0.002604,	246.808,	0.535
6.948,	13.691,	4.231552,	0.000922,	246.806,	0.495
7.038,	13.867,	4.158923,	0.003776,	246.804,	0.490
7.124,	14.047,	4.082463,	0.001277,	246.802,	0.495
7.214,	14.224,	4.004165,	0.002055,	246.801,	0.495
7.312,	14.418,	3.915709,	0.001480,	246.799,	0.540
7.402,	14.598,	3.829724,	0.001818,	246.798,	0.495
7.488,	14.774,	3.739094,	0.003546,	246.794,	0.495
7.578,	14.951,	3.645202,	0.002764,	246.793,	0.490
7.668,	15.131,	3.545652,	0.003378,	246.790,	0.500
7.765,	15.325,	3.431851,	0.002264,	246.789,	0.535
7.855,	15.502,	3.324554,	0.004547,	246.786,	0.495
7.942,	15.678,	3.210118,	0.003804,	246.785,	0.490
8.032,	15.858,	3.091948,	0.002734,	246.784,	0.490
8.122,	16.034,	2.966424,	0.002397,	246.782,	0.500
8.219,	16.229,	2.821406,	0.001559,	246.778,	0.540
8.305,	16.409,	2.685496,	0.002167,	246.778,	0.495
8.395,	16.585,	2.540746,	0.002320,	246.776,	0.490
8.485,	16.762,	2.395566,	0.003169,	246.772,	0.495
8.572,	16.942,	2.243495,	0.002488,	246.772,	0.495
8.669,	17.136,	2.070629,	0.001618,	246.770,	0.540
8.759,	17.312,	1.915466,	0.002615,	246.769,	0.490
8.849,	17.492,	1.760547,	0.003391,	246.766,	0.495
8.935,	17.669,	1.609454,	0.001469,	246.765,	0.495
9.025,	17.845,	1.464697,	0.002322,	246.763,	0.495
9.122,	18.040,	1.314068,	0.001404,	246.762,	0.540
9.212,	18.220,	1.187460,	0.002357,	246.759,	0.495
9.302,	18.396,	1.071698,	0.002425,	246.757,	0.490
9.389,	18.572,	0.969800,	0.002880,	246.755,	0.495
9.479,	18.752,	0.882857,	0.002404,	246.754,	0.495
9.576,	18.947,	0.805938,	0.001467,	246.751,	0.540
9.666,	19.123,	0.750388,	0.002764,	246.750,	0.495
9.752,	19.303,	0.709298,	0.002561,	246.748,	0.490
9.842,	19.480,	0.678962,	0.002617,	246.747,	0.500
9.932,	19.660,	0.657658,	0.002777,	246.744,	0.495
10.030,	19.850,	0.639635,	0.003132,	246.742,	0.535
10.116,	20.030,	0.629535,	0.002738,	246.741,	0.495
10.206,	20.207,	0.623004,	0.002992,	246.739,	0.490
10.296,	20.383,	0.614145,	0.001738,	246.737,	0.495
10.382,	20.563,	0.606231,	0.002087,	246.736,	0.495
10.480,	20.758,	0.594236,	0.002249,	246.734,	0.540
10.570,	20.934,	0.581546,	0.002675,	246.732,	0.495
10.660,	21.110,	0.566223,	0.002807,	246.729,	0.490
10.746,	21.290,	0.546055,	0.002617,	246.727,	0.500
10.836,	21.467,	0.523497,	0.001805,	246.726,	0.490
10.933,	21.661,	0.496448,	0.002232,	246.725,	0.540
11.023,	21.838,	0.468851,	0.001335,	246.721,	0.490
11.110,	22.018,	0.439586,	0.002488,	246.721,	0.495
11.200,	22.194,	0.408586,	0.002036,	246.719,	0.495
11.290,	22.374,	0.377348,	0.003141,	246.718,	0.495
11.387,	22.565,	0.341528,	0.002576,	246.714,	0.535
11.473,	22.745,	0.311508,	0.003470,	246.713,	0.490
11.563,	22.921,	0.280891,	0.004132,	246.711,	0.500
11.653,	23.098,	0.250633,	0.002790,	246.708,	0.490
11.740,	23.278,	0.223543,	0.002337,	246.706,	0.495
11.837,	23.468,	0.195180,	0.002658,	246.705,	0.535
11.927,	23.645,	0.171946,	0.002850,	246.704,	0.490
12.017,	23.825,	0.150971,	0.001908,	246.702,	0.500
12.103,	24.005,	0.132924,	0.001846,	246.700,	0.495
12.193,	24.181,	0.117586,	0.002813,	246.698,	0.490
12.290,	24.376,	0.103848,	0.001747,	246.697,	0.540
12.380,	24.552,	0.094397,	0.002098,	246.694,	0.490
12.467,	24.728,	0.087811,	0.001999,	246.693,	0.495
12.557,	24.908,	0.083756,	0.002466,	246.690,	0.495
12.647,	25.085,	0.079743,	0.002540,	246.689,	0.495
12.744,	25.279,	0.079116,	0.003242,	246.686,	0.540
12.830,	25.456,	0.080385,	0.001820,	246.685,	0.490
12.920,	25.636,	0.083240,	0.003190,	246.684,	0.500
13.010,	25.812,	0.086274,	0.002354,	246.682,	0.490
13.097,	25.992,	0.090006,	0.002637,	246.680,	0.495
13.194,	26.186,	0.094639,	0.001605,	246.678,	0.545
13.284,	26.363,	0.101075,	0.000851,	246.676,	0.485
13.374,	26.539,	0.104872,	0.002721,	246.673,	0.495
13.460,	26.719,	0.111985,	0.001613,	246.672,	0.495
13.550,	26.896,	0.115562,	0.002492,	246.669,	0.495
13.648,	27.090,	0.119274,	0.001930,	246.668,	0.540
13.738,	27.266,	0.122734,	0.002665,	246.667,	0.490
13.824,	27.446,	0.124967,	0.002092,	246.664,	0.500
13.914,	27.623,	0.126090,	0.001960,	246.662,	0.490
14.004,	27.799,	0.127737,	0.003354,	246.660,	0.490
14.101,	27.994,	0.126250,	0.001286,	246.660,	0.540
14.188,	28.170,	0.126477,	0.002712,	246.657,	0.490
14.278,	28.350,	0.124017,	0.003419,	246.656,	0.495
14.368,	28.526,	0.121659,	0.002850,	246.655,	0.495
14.454,	28.703,	0.116951,	0.001878,	246.653,	0.490
14.551,	28.897,	0.112639,	0.003253,	246.650,	0.540
14.641,	29.074,	0.108400,	0.002958,	246.648,	0.490
14.728,	29.254,	0.103384,	0.003022,	246.646,	0.495
14.818,	29.430,	0.097584,	0.002341,	246.644,	0.490
14.908,	29.606,	0.091942,	0.002585,	246.642,	0.495
15.005,	29.801,	0.084794,	0.001359,	246.641,	0.540
15.091,	29.977,	0.078069,	0.002182,	246.639,	0.490
15.181,	30.157,	0.070510,	0.002466,	246.637,	0.500
15.271,	30.334,	0.064558,	0.003416,	246.634,	0.490
15.358,	30.514,	0.057967,	0.002563,	246.633,	0.500
15.455,	30.708,	0.050414,	0.001469,	246.631,	0.535
15.545,	30.884,	0.045203,	0.002253,	246.629,	0.490
15.635,	31.061,	0.040044,	0.003892,	246.628,	0.495
15.721,	31.241,	0.034377,	0.002425,	246.625,	0.495
15.811,	31.417,	0.028960,	0.003541,	246.625,	0.495
15.908,	31.612,	0.023933,	0.000894,	246.622,	0.540
15.998,	31.792,	0.020950,	0.003192,	246.620,	0.500
16.088,	31.968,	0.017350,	0.002232,	246.619,	0.490
16.175,	32.144,	0.014101,	0.002107,	246.617,	0.490
16.265,	32.324,	0.011544,	0.002352,	246.616,	0.500
16.362,	32.519,	0.009456,	0.001743,	246.612,	0.535
16.448,	32.695,	0.008627,	0.001290,	246.611,	0.495
16.538,	32.872,	0.007689,	0.002628,	246.610,	0.490
16.628,	33.052,	0.007716,	0.002064,	246.607,	0.495
16.718,	33.232,	0.007984,	0.002234,	246.606,	0.500
16.816,	33.422,	0.008035,	0.001510,	246.604,	0.535
16.902,	33.602,	0.008409,	0.003009,	246.604,	0.495
16.992,	33.779,	0.009162,	0.002204,	246.599,	0.495
17.082,	33.955,	0.011728,	0.003242,	246.598,	0.485
17.168,	34.135,	0.012135,	0.001465,	246.597,	0.500
17.266,	34.330,	0.014751,	0.001353,	246.596,	0.540
17.356,	34.506,	0.016785,	0.002400,	246.593,	0.490
17.449,	34.690,	0.018428,	0.002850,	246.591,	0.515
17.536,	34.870,	0.020648,	0.002447,	246.589,	0.500
17.626,	35.046,	0.022083,	0.002669,	246.588,	0.490
17.723,	35.240,	0.023650,	0.001036,	246.585,	0.540
17.813,	35.420,	0.024812,	0.002923,	246.584,	0.500
17.899,	35.597,	0.026937,	0.001880,	246.582,	0.485
17.989,	35.777,	0.027784,	0.003151,	246.578,	0.500
18.079,	35.953,	0.029714,	0.002805,	246.577,	0.490
18.176,	36.148,	0.029906,	0.002378,	246.576,	0.540
18.263,	36.324,	0.028929,	0.002257,	246.575,	0.495
18.353,	36.500,	0.029229,	0.002120,	246.571,	0.490
18.443,	36.680,	0.029770,	0.002867,	246.570,	0.495
18.529,	36.857,	0.028914,	0.001921,	246.569,	0.495
18.630,	37.051,	0.028577,	0.001904,	246.566,	0.540
18.716,	37.231,	0.027744,	0.002968,	246.564,	0.495
18.806,	37.408,	0.027265,	0.001577,	246.563,	0.490
18.896,	37.584,	0.027250,	0.002499,	246.561,	0.495
18.983,	37.764,	0.025949,	0.002419,	246.560,	0.495
19.080,	37.958,	0.024457,	0.000823,	246.557,	0.540
19.170,	38.135,	0.024133,	0.002186,	246.555,	0.500
19.260,	38.311,	0.022194,	0.003841,	246.554,	0.485
19.346,	38.488,	0.020377,	0.002117,	246.553,	0.495
19.436,	38.668,	0.018885,	0.002936,	246.549,	0.495
19.534,	38.862,	0.015809,	0.001495,	246.548,	0.535
19.624,	39.042,	0.015716,	0.003039,	246.546,	0.500
19.710,	39.218,	0.013905,	0.003095,	246.544,	0.490
19.800,	39.395,	0.011473,	0.002762,	246.542,	0.495
19.890,	39.571,	0.010424,	0.002751,	246.539,	0.495
19.987,	39.766,	0.006821,	0.001887,	246.538,	0.540
20.077,	39.946,	0.007118,	0.001859,	246.535,	0.495
20.164,	40.122,	0.005829,	0.001980,	246.535,	0.490
20.254,	40.298,	0.003364,	0.002953,	246.532,	0.490
20.340,	40.478,	0.001204,	0.002307,	246.531,	0.495
20.437,	40.673,	0.000123,	0.002219,	246.530,	0.540
20.527,	40.849,	0.002052,	0.002617,	246.527,	0.500
20.617,	41.029,	-0.000370,	0.001697,	246.526,	0.490
20.704,	41.206,	-0.001540,	0.001695,	246.524,	0.495
20.794,	41.382,	-0.002671,	0.002598,	246.522,	0.490
20.891,	41.580,	-0.003298,	0.002436,	246.520,	0.550
20.981,	41.756,	-0.002713,	0.001094,	246.518,	0.490
21.071,	41.933,	-0.003239,	0.003231,	246.516,	0.490
21.157,	42.113,	-0.004816,	0.002413,	246.514,	0.500
21.247,	42.289,	-0.004307,	0.001988,	246.512,	0.490
21.344,	42.484,	-0.004486,	0.002852,	246.510,	0.540
21.434,	42.660,	-0.004698,	0.001730,	246.509,	0.490
21.521,	42.840,	-0.003699,	0.003121,	246.506,	0.495
21.611,	43.016,	-0.004865,	0.001945,	246.505,	0.495
21.701,	43.193,	-0.003923,	0.003319,	246.503,	0.490
21.798,	43.391,	-0.003795,	0.001594,	246.501,	0.550
21.884,	43.567,	-0.001294,	0.002520,	246.498,	0.490
21.974,	43.744,	-0.002769,	0.001663,	246.497,	0.490
22.064,	43.924,	-0.002498,	0.002540,	246.495,	0.500
22.151,	44.100,	-0.001813,	0.002285,	246.494,	0.490
22.252,	44.294,	-0.000766,	0.001030,	246.492,	0.545
22.338,	44.471,	0.001280,	0.002438,	246.490,	0.485
22.428,	44.651,	0.000559,	0.002525,	246.488,	0.495
22.518,	44.827,	-0.000043,	0.002604,	246.487,	0.500
22.604,	45.004,	0.002080,	0.001803,	246.484,	0.490
22.702,	45.202,	0.000570,	0.001624,	246.483,	0.545
22.792,	45.378,	0.002251,	0.003429,	246.480,	0.490
22.882,	45.554,	0.003906,	0.002520,	246.479,	0.490
22.972,	45.734,	0.003491,	0.001805,	246.477,	0.500
23.058,	45.911,	0.003080,	0.002266,	246.476,	0.490
23.155,	46.105,	0.004351,	0.001661,	246.474,	0.545
23.252,	46.300,	0.003536,	0.001348,	246.471,	0.540
23.342,	46.476,	0.003463,	0.002813,	246.469,	0.490
23.429,	46.656,	0.006263,	0.003106,	246.467,	0.495
23.519,	46.832,	0.003984,	0.003408,	246.466,	0.490
23.609,	47.009,	0.004654,	0.001594,	246.464,	0.495
23.706,	47.203,	0.003173,	0.001258,	246.461,	0.540
23.792,	47.383,	0.003553,	0.002260,	246.460,	0.490
23.882,	47.560,	0.002066,	0.002701,	246.459,	0.500
23.972,	47.736,	0.002539,	0.002955,	246.456,	0.490
24.062,	47.916,	0.002223,	0.001887,	246.454,	0.500
24.160,	48.110,	0.001136,	0.001684,	246.453,	0.540
24.246,	48.287,	0.001271,	0.003033,	246.451,	0.490
24.336,	48.467,	0.000839,	0.003093,	246.448,	0.500
24.426,	48.643,	0.004092,	0.003662,	246.446,	0.485
24.512,	48.823,	0.000194,	0.002262,	246.446,	0.500
24.610,	49.014,	-0.001593,	0.001079,	246.444,	0.535
24.700,	49.194,	-0.001142,	0.002565,	246.441,	0.490
24.790,	49.370,	-0.001938,	0.001812,	246.439,	0.500
24.876,	49.547,	-0.002680,	0.001167,	246.438,	0.490
24.966,	49.727,	-0.002584,	0.003087,	246.437,	0.495
25.063,	49.921,	-0.002663,	0.002173,	246.433,	0.540
25.153,	50.098,	-0.002790,	0.002122,	246.432,	0.495
25.240,	50.278,	-0.003890,	0.003227,	246.431,	0.495
25.330,	50.454,	-0.018507,	0.001424,	246.430,	0.490
25.420,	50.630,	-0.005019,	0.003647,	246.426,	0.495
25.517,	50.825,	-0.006261,	0.002257,	246.425,	0.540
25.603,	51.005,	-0.006175,	0.004164,	246.424,	0.490
25.693,	51.181,	-0.006320,	0.003022,	246.420,	0.500
25.783,	51.358,	-0.006808,	0.002643,	246.419,	0.490
25.870,	51.538,	-0.005430,	0.003113,	246.417,	0.495
25.967,	51.732,	-0.005887,	0.003151,	246.416,	0.541
26.057,	51.908,	-0.006434,	0.001982,	246.413,	0.490
26.147,	52.088,	-0.006684,	0.001055,	246.411,	0.500
26.233,	52.265,	-0.006635,	0.001924,	246.410,	0.490
26.323,	52.445,	-0.006997,	0.002307,	246.408,	0.500
26.420,	52.639,	-0.007072,	0.002421,	246.405,	0.535
26.510,	52.816,	-0.005982,	0.002135,	246.404,	0.495
26.600,	52.996,	-0.006781,	0.002107,	246.402,	0.495
26.687,	53.168,	-0.006344,	0.002619,	246.401,	0.490
26.777,	53.348,	-0.007001,	0.002772,	246.399,	0.495
26.874,	53.543,	-0.005863,	0.001833,	246.397,	0.540
26.964,	53.719,	-0.006486,	0.002533,	246.395,	0.490
27.050,	53.899,	-0.005913,	0.002891,	246.394,	0.500
27.140,	54.076,	-0.005934,	0.002846,	246.391,	0.490
27.230,	54.252,	-0.005705,	0.003380,	246.390,	0.495
27.328,	54.446,	-0.006033,	0.001855,	246.389,	0.540
27.414,	54.626,	-0.005055,	0.002361,	246.387,	0.495
27.504,	54.803,	-0.005089,	0.003677,	246.384,	0.495
27.594,	54.979,	-0.004945,	0.004597,	246.383,	0.490
27.680,	55.159,	-0.004342,	0.002910,	246.382,	0.490
27.781,	55.354,	-0.004537,	0.001441,	246.380,	0.545
27.868,	55.530,	-0.004112,	0.002307,	246.376,	0.495
27.958,	55.710,	-0.004505,	0.002484,	246.374,	0.495
28.044,	55.886,	-0.002392,	0.002550,	246.374,	0.485
28.134,	56.063,	-0.003464,	0.003251,	246.372,	0.500
28.231,	56.257,	-0.003542,	0.001516,	246.368,	0.540
28.328,	56.452,	-0.003232,	0.002675,	246.367,	0.540
28.418,	56.632,	-0.003465,	0.002066,	246.366,	0.500
28.508,	56.808,	-0.002823,	0.002809,	246.363,	0.490
28.595,	56.984,	-0.003505,	0.003496,	246.361,	0.490
28.685,	57.164,	-0.003639,	0.003235,	246.360,	0.495
28.782,	57.359,	-0.003932,	0.001570,	246.358,	0.540
28.872,	57.535,	-0.003949,	0.002249,	246.355,	0.495
28.958,	57.712,	-0.003270,	0.003307,	246.353,	0.490
29.048,	57.892,	-0.002360,	0.002145,	246.352,	0.500
29.138,	58.068,	-0.003356,	0.002639,	246.351,	0.490
29.236,	58.262,	-0.003920,	0.001648,	246.347,	0.540
29.322,	58.442,	-0.002812,	0.002122,	246.345,	0.495
29.412,	58.619,	-0.003023,	0.002195,	246.344,	0.490
29.502,	58.795,	-0.002144,	0.003294,	246.343,	0.495
29.588,	58.975,	-0.000768,	0.002104,	246.340,	0.495
29.686,	59.170,	0.000822,	0.001667,	246.338,	0.540
29.776,	59.350,	-0.002565,	0.003337,	246.336,	0.495
29.866,	59.526,	-0.003691,	0.000659,	246.335,	0.495
29.952,	59.702,	-0.004436,	0.002124,	246.332,	0.495
30.042,	59.879,	-0.002897,	0.003431,	246.331,	0.490
30.139,	60.073,	-0.003971,	0.002229,	246.330,	0.540
30.229,	60.253,	-0.002349,	0.002774,	246.327,	0.495
30.316,	60.430,	-0.002864,	0.002132,	246.326,	0.490
30.406,	60.610,	-0.002213,	0.002242,	246.323,	0.500
30.496,	60.786,	-0.002421,	0.002630,	246.322,	0.490
30.593,	60.980,	-0.003797,	0.001325,	246.322,	0.540
30.683,	61.160,	-0.005466,	0.002438,	246.318,	0.495
30.769,	61.337,	-0.005348,	0.003946,	246.317,	0.490
30.859,	61.513,	-0.002639,	0.002335,	246.316,	0.495
30.949,	61.690,	-0.006764,	0.001570,	246.314,	0.495
31.046,	61.884,	-0.009522,	0.002555,	246.311,	0.535
31.133,	62.064,	-0.008786,	0.001665,	246.310,	0.500
31.223,	62.240,	-0.005872,	0.002242,	246.308,	0.490
31.313,	62.420,	-0.004979,	0.002587,	246.305,	0.500
31.399,	62.597,	-0.007439,	0.002059,	246.303,	0.490
31.496,	62.791,	-0.008624,	0.002305,	246.301,	0.540
31.586,	62.968,	-0.007229,	0.002680,	246.301,	0.495
31.676,	63.144,	-0.006737,	0.001883,	246.298,	0.490
31.763,	63.324,	-0.006864,	0.002753,	246.296,	0.495
31.853,	63.500,	-0.006765,	0.002253,	246.295,	0.495
31.950,	63.695,	-0.008110,	0.001523,	246.292,	0.535
32.040,	63.875,	-0.008198,	0.002428,	246.290,	0.495
32.130,	64.051,	-0.007329,	0.001267,	246.288,	0.495
32.216,	64.231,	-0.006465,	0.002361,	246.288,	0.495
32.306,	64.408,	-0.006880,	0.003033,	246.286,	0.495
32.404,	64.602,	-0.007297,	0.001891,	246.283,	0.540
32.494,	64.778,	-0.006387,	0.003117,	246.282,	0.495
32.580,	64.955,	-0.006237,	0.002828,	246.281,	0.490
32.670,	65.135,	-0.008835,	0.002320,	246.278,	0.500
32.760,	65.311,	-0.007695,	0.002400,	246.276,	0.485
32.857,	65.506,	-0.007794,	0.002137,	246.274,	0.545
32.944,	65.682,	-0.007411,	0.002585,	246.273,	0.490
33.034,	65.862,	-0.006855,	0.001943,	246.272,	0.495
33.124,	66.038,	-0.006841,	0.002990,	246.269,	0.495
33.210,	66.218,	-0.006862,	0.003098,	246.267,	0.490
33.307,	66.413,	-0.007030,	0.001290,	246.265,	0.540
33.408,	66.607,	-0.006870,	0.002518,	246.262,	0.550
33.494,	66.784,	-0.006499,	0.001870,	246.262,	0.485
33.584,	66.960,	-0.006226,	0.002400,	246.259,	0.495
33.674,	67.140,	-0.005996,	0.002675,	246.259,	0.495
33.761,	67.316,	-0.006098,	0.002826,	246.258,	0.495
33.858,	67.511,	-0.006744,	0.001689,	246.253,	0.540
33.948,	67.687,	-0.006471,	0.002100,	246.252,	0.490
34.034,	67.867,	-0.005832,	0.003888,	246.251,	0.500
34.124,	68.044,	-0.005250,	0.001663,	246.249,	0.490
34.214,	68.220,	-0.005730,	0.003597,	246.247,	0.490
34.312,	68.418,	-0.006289,	0.003145,	246.245,	0.550
34.398,	68.594,	-0.005976,	0.003093,	246.243,	0.485
34.488,	68.774,	-0.005297,	0.002757,	246.240,	0.500
34.578,	68.951,	-0.005443,	0.002391,	246.239,	0.490
34.668,	69.131,	-0.005629,	0.003656,	246.238,	0.500
34.765,	69.325,	-0.005229,	0.001908,	246.236,	0.540
34.852,	69.498,	-0.005831,	0.001962,	246.234,	0.485
34.942,	69.678,	-0.005753,	0.002736,	246.232,	0.495
35.032,	69.854,	-0.005438,	0.002421,	246.231,	0.495
35.118,	70.034,	-0.005223,	0.003933,	246.230,	0.500
35.215,	70.229,	-0.006274,	0.002096,	246.225,	0.535
35.305,	70.405,	-0.005075,	0.002802,	246.224,	0.490
35.395,	70.585,	-0.005215,	0.002649,	246.224,	0.500
35.482,	70.762,	-0.005806,	0.001559,	246.220,	0.490
35.572,	70.938,	-0.006322,	0.001971,	246.219,	0.495
35.669,	71.136,	-0.007782,	0.002397,	246.217,	0.545
35.759,	71.312,	-0.006123,	0.002910,	246.215,	0.490
35.849,	71.489,	-0.006323,	0.002501,	246.212,	0.495
35.935,	71.665,	-0.006018,	0.001883,	246.211,	0.490
36.025,	71.845,	-0.006660,	0.002962,	246.210,	0.495
36.122,	72.040,	-0.007719,	0.001469,	246.208,	0.545
36.212,	72.216,	-0.006730,	0.002891,	246.205,	0.490
36.302,	72.396,	-0.006982,	0.002970,	246.203,	0.495
36.389,	72.572,	-0.006526,	0.002925,	246.203,	0.495
36.479,	72.752,	-0.006005,	0.001258,	246.201,	0.500
36.576,	72.943,	-0.006887,	0.002064,	246.198,	0.530
36.666,	73.123,	-0.006513,	0.002333,	246.197,	0.500
36.752,	73.300,	-0.006509,	0.003248,	246.195,	0.490
36.842,	73.480,	-0.007522,	0.001768,	246.193,	0.500
36.932,	73.656,	-0.006219,	0.000930,	246.192,	0.490
37.030,	73.850,	-0.007221,	0.002107,	246.189,	0.540
37.116,	74.027,	-0.006071,	0.001876,	246.188,	0.490
37.206,	74.207,	-0.005905,	0.000978,	246.186,	0.495
37.296,	74.387,	-0.006728,	0.003201,	246.183,	0.500
37.382,	74.560,	-0.006780,	0.002072,	246.182,	0.485
37.480,	74.758,	-0.006714,	0.001620,	246.180,	0.545
37.570,	74.934,	-0.006316,	0.003117,	246.179,	0.495
37.660,	75.110,	-0.006058,	0.003455,	246.175,	0.490
37.746,	75.290,	-0.005999,	0.002641,	246.175,	0.500
37.836,	75.467,	-0.005913,	0.002852,	246.173,	0.490
37.933,	75.661,	-0.006131,	0.002654,	246.172,	0.540
38.023,	75.841,	-0.006257,	0.002298,	246.169,	0.495
38.110,	76.018,	-0.008346,	0.003016,	246.167,	0.490
38.200,	76.198,	-0.006871,	0.002706,	246.165,	0.500
38.290,	76.374,	-0.006282,	0.002992,	246.163,	0.490
38.376,	76.550,	-0.006672,	0.003339,	246.161,	0.495
38.477,	76.748,	-0.006592,	0.002182,	246.159,	0.545
38.563,	76.921,	-0.006932,	0.002236,	246.159,	0.485
38.653,	77.101,	-0.006477,	0.001536,	246.156,	0.505
38.743,	77.278,	-0.006416,	0.002731,	246.154,	0.485
38.830,	77.458,	-0.006513,	0.001353,	246.153,	0.495
38.927,	77.652,	-0.005897,	0.001230,	246.151,	0.545
39.017,	77.828,	-0.006535,	0.002830,	246.149,	0.485
39.107,	78.005,	-0.005495,	0.002899,	246.146,	0.500
39.193,	78.185,	-0.006296,	0.002768,	246.145,	0.490
39.283,	78.365,	-0.006217,	0.002695,	246.143,	0.500
39.380,	78.556,	-0.006460,	0.001555,	246.140,	0.540
39.470,	78.732,	-0.006208,	0.003207,	246.139,	0.485
39.560,	78.912,	-0.005985,	0.002143,	246.138,	0.500
39.647,	79.088,	-0.006684,	0.002555,	246.136,	0.490
39.737,	79.265,	-0.006338,	0.002464,	246.135,	0.495
39.834,	79.463,	-0.005925,	0.000668,	246.132,	0.540
39.920,	79.639,	-0.005692,	0.002249,	246.130,	0.490
