Smpl, Det, sig,    mon,    Ring,  sec
#lmd,   E,  HOYAX,  Y,  Smpl,  Det, AGC X, Y, Smpl, Det, ppsSmpl, ppsDet
#6.60016,	187.8504,	57.000,	22.000,	4.300,	30.000,	-24.600,	3.500,	69.930,	139.651,100,100

69.869,	139.540,	0.061314,	-0.000213,	257.588,	37.420
69.959,	139.716,	0.060486,	0.004065,	257.587,	0.495
70.056,	139.914,	0.058929,	0.002718,	257.586,	0.545
70.146,	140.090,	0.055303,	0.002245,	257.581,	0.490
70.236,	140.270,	0.050878,	0.001762,	257.579,	0.500
70.322,	140.447,	0.043108,	0.003330,	257.578,	0.490
70.412,	140.627,	0.035661,	0.002316,	257.577,	0.495
70.502,	140.803,	0.026132,	0.002968,	257.573,	0.495
70.600,	140.998,	0.017241,	0.001411,	257.572,	0.545
70.690,	141.178,	0.010603,	0.001878,	257.571,	0.490
70.776,	141.354,	0.004465,	0.002996,	257.568,	0.495
70.866,	141.534,	0.002647,	0.004086,	257.565,	0.495
70.956,	141.710,	0.003176,	0.002742,	257.564,	0.495
71.053,	141.905,	0.008353,	0.001152,	257.563,	0.545
71.143,	142.085,	0.018880,	0.002253,	257.559,	0.495
71.233,	142.265,	0.033291,	0.001848,	257.559,	0.495
71.320,	142.441,	0.054259,	0.003210,	257.558,	0.495
71.410,	142.618,	0.079629,	0.001495,	257.555,	0.495
71.507,	142.812,	0.113082,	0.001555,	257.553,	0.535
71.597,	142.992,	0.148925,	0.001674,	257.549,	0.500
71.687,	143.168,	0.186929,	0.001540,	257.549,	0.490
71.773,	143.348,	0.227901,	0.002288,	257.547,	0.500
71.863,	143.525,	0.272640,	0.001379,	257.545,	0.495
71.960,	143.723,	0.321578,	0.001648,	257.541,	0.540
72.050,	143.899,	0.363873,	0.002712,	257.539,	0.495
72.140,	144.076,	0.405746,	0.002917,	257.539,	0.495
72.227,	144.256,	0.446022,	0.001465,	257.535,	0.495
72.317,	144.432,	0.483407,	0.003722,	257.533,	0.495
72.414,	144.626,	0.518713,	0.001738,	257.532,	0.540
72.504,	144.806,	0.549609,	0.001818,	257.531,	0.490
72.594,	144.983,	0.573281,	0.002863,	257.526,	0.500
72.680,	145.163,	0.592995,	0.002570,	257.524,	0.495
72.770,	145.339,	0.608401,	0.001930,	257.523,	0.490
72.868,	145.534,	0.617992,	0.002335,	257.522,	0.540
72.958,	145.710,	0.623118,	0.002072,	257.519,	0.495
73.044,	145.890,	0.622693,	0.003817,	257.517,	0.495
73.134,	146.070,	0.617665,	0.001863,	257.516,	0.500
73.224,	146.246,	0.608441,	0.003126,	257.514,	0.490
73.321,	146.441,	0.591546,	0.002979,	257.510,	0.540
73.411,	146.621,	0.574174,	0.003035,	257.510,	0.500
73.498,	146.797,	0.552505,	0.002451,	257.507,	0.490
73.588,	146.977,	0.528373,	0.002130,	257.504,	0.495
73.678,	147.154,	0.501252,	0.002921,	257.502,	0.490
73.775,	147.348,	0.469750,	0.001495,	257.501,	0.550
73.865,	147.524,	0.440426,	0.002344,	257.499,	0.490
73.951,	147.704,	0.408840,	0.001704,	257.496,	0.495
74.041,	147.881,	0.377350,	0.002268,	257.495,	0.490
74.131,	148.061,	0.344815,	0.001758,	257.493,	0.500
74.228,	148.255,	0.310072,	0.000810,	257.491,	0.540
74.318,	148.435,	0.278710,	0.001702,	257.486,	0.500
74.405,	148.612,	0.249221,	0.002395,	257.485,	0.490
74.495,	148.788,	0.220543,	0.002587,	257.484,	0.490
74.585,	148.968,	0.194554,	0.001818,	257.482,	0.500
74.682,	149.159,	0.167104,	0.002891,	257.481,	0.535
74.768,	149.339,	0.144149,	0.001878,	257.478,	0.495
74.858,	149.519,	0.124187,	0.001676,	257.477,	0.495
74.948,	149.695,	0.105295,	0.002818,	257.476,	0.495
75.038,	149.872,	0.089455,	0.002988,	257.472,	0.495
75.136,	150.066,	0.073641,	0.003011,	257.471,	0.540
75.222,	150.246,	0.062178,	0.002333,	257.469,	0.495
75.312,	150.422,	0.051261,	0.002846,	257.467,	0.491
75.402,	150.602,	0.042759,	0.001667,	257.464,	0.500
75.488,	150.779,	0.036438,	0.002210,	257.464,	0.490
75.578,	150.955,	0.030632,	0.002671,	257.461,	0.495
75.676,	151.153,	0.023383,	0.001232,	257.459,	0.540
75.766,	151.330,	0.021424,	0.002111,	257.458,	0.490
75.856,	151.506,	0.019643,	0.002251,	257.455,	0.500
75.942,	151.682,	0.018223,	0.002094,	257.453,	0.490
76.032,	151.862,	0.017251,	0.001945,	257.451,	0.495
76.129,	152.057,	0.014622,	0.002229,	257.448,	0.540
76.219,	152.233,	0.014355,	0.002923,	257.447,	0.495
76.306,	152.413,	0.014009,	0.002490,	257.446,	0.495
76.396,	152.590,	0.013043,	0.002141,	257.442,	0.490
76.486,	152.770,	0.013105,	0.003483,	257.440,	0.500
76.583,	152.964,	0.011172,	0.001771,	257.439,	0.535
76.669,	153.140,	0.010583,	0.003003,	257.438,	0.495
76.759,	153.317,	0.009965,	0.002400,	257.434,	0.495
76.849,	153.493,	0.008606,	0.002460,	257.432,	0.490
76.936,	153.673,	0.008900,	0.002316,	257.431,	0.495
77.036,	153.868,	0.007209,	0.002878,	257.429,	0.545
77.123,	154.048,	0.006560,	0.002811,	257.426,	0.495
77.213,	154.224,	0.006084,	0.002337,	257.424,	0.490
77.303,	154.404,	0.004740,	0.001271,	257.422,	0.500
77.389,	154.580,	0.004333,	0.002738,	257.420,	0.490
77.490,	154.778,	0.002816,	0.001353,	257.417,	0.550
77.576,	154.955,	0.002859,	0.001908,	257.415,	0.490
77.666,	155.131,	0.002318,	0.002160,	257.414,	0.495
77.756,	155.311,	0.001975,	0.001775,	257.411,	0.490
77.843,	155.488,	0.001137,	0.002632,	257.410,	0.495
77.940,	155.682,	0.001193,	0.002805,	257.408,	0.545
78.030,	155.858,	0.000661,	0.001717,	257.406,	0.490
78.120,	156.038,	0.000487,	0.001822,	257.404,	0.495
78.206,	156.215,	0.000378,	0.002951,	257.401,	0.495
78.296,	156.391,	0.001434,	0.002609,	257.399,	0.490
78.394,	156.589,	0.000840,	0.002391,	257.398,	0.540
78.484,	156.766,	0.001626,	0.002008,	257.394,	0.490
78.574,	156.942,	0.002488,	0.001706,	257.393,	0.495
78.660,	157.122,	0.001417,	0.002182,	257.392,	0.495
78.750,	157.298,	0.001777,	0.001708,	257.390,	0.495
78.847,	157.493,	0.001648,	0.002348,	257.388,	0.540
78.937,	157.669,	0.002670,	0.003436,	257.385,	0.490
79.024,	157.849,	0.003048,	0.001450,	257.384,	0.500
79.114,	158.026,	0.002871,	0.001762,	257.382,	0.490
79.204,	158.202,	0.003196,	0.002092,	257.381,	0.495
79.301,	158.400,	0.002406,	0.001325,	257.377,	0.545
79.387,	158.576,	0.002841,	0.001999,	257.376,	0.485
79.477,	158.756,	0.003754,	0.001930,	257.374,	0.505
79.567,	158.933,	0.002649,	0.002790,	257.370,	0.490
79.657,	159.109,	0.002744,	0.003220,	257.369,	0.490
79.744,	159.286,	0.002899,	0.001600,	257.368,	0.495
79.841,	159.480,	0.001912,	0.002219,	257.365,	0.535
79.931,	159.660,	0.002553,	0.003201,	257.363,	0.500
80.021,	159.836,	0.001635,	0.002576,	257.361,	0.495
80.107,	160.016,	0.001359,	0.003203,	257.360,	0.495
80.197,	160.193,	0.000568,	0.002408,	257.358,	0.490
80.294,	160.391,	0.000368,	0.001260,	257.355,	0.550
80.384,	160.567,	-0.000160,	0.002415,	257.354,	0.490
80.474,	160.744,	-0.000193,	0.002180,	257.352,	0.495
80.561,	160.924,	-0.000696,	0.002443,	257.350,	0.495
80.651,	161.104,	-0.000593,	0.002285,	257.348,	0.495
80.741,	161.280,	-0.002017,	0.002313,	257.346,	0.495
80.838,	161.471,	-0.002222,	0.001316,	257.344,	0.535
80.928,	161.651,	-0.002685,	0.002352,	257.343,	0.495
81.014,	161.827,	-0.003064,	0.003179,	257.340,	0.495
81.104,	162.007,	-0.002386,	0.002428,	257.337,	0.495
81.194,	162.184,	-0.003653,	0.002109,	257.336,	0.495
81.292,	162.382,	-0.004194,	0.002639,	257.334,	0.545
81.382,	162.558,	-0.003251,	0.002309,	257.331,	0.490
81.468,	162.738,	-0.003874,	0.002512,	257.330,	0.500
81.558,	162.914,	-0.004272,	0.002846,	257.328,	0.490
81.648,	163.094,	-0.003463,	0.001323,	257.327,	0.500
81.745,	163.289,	-0.003644,	0.002548,	257.323,	0.540
81.832,	163.465,	-0.004519,	0.002772,	257.321,	0.490
81.922,	163.645,	-0.004070,	0.001387,	257.320,	0.500
82.012,	163.822,	-0.004041,	0.001876,	257.317,	0.495
82.102,	164.002,	-0.003975,	0.001615,	257.315,	0.495
82.199,	164.192,	-0.004436,	0.002354,	257.313,	0.535
82.289,	164.372,	-0.004394,	0.002262,	257.312,	0.500
82.375,	164.549,	-0.003617,	0.002341,	257.308,	0.490
82.465,	164.729,	-0.004105,	0.002449,	257.307,	0.495
82.555,	164.905,	-0.003720,	0.001501,	257.305,	0.495
82.652,	165.103,	-0.004301,	0.001749,	257.303,	0.545
82.742,	165.280,	-0.003278,	0.001984,	257.300,	0.490
82.829,	165.460,	-0.003068,	0.002380,	257.298,	0.500
82.919,	165.636,	-0.003346,	0.002391,	257.296,	0.490
83.009,	165.816,	-0.002547,	0.003556,	257.295,	0.500
83.106,	166.010,	-0.003948,	0.001553,	257.291,	0.540
83.196,	166.190,	-0.005907,	0.001975,	257.290,	0.500
83.282,	166.367,	-0.004956,	0.002096,	257.288,	0.490
83.372,	166.543,	-0.006192,	0.002507,	257.286,	0.490
83.462,	166.723,	-0.006359,	0.001458,	257.281,	0.500
83.560,	166.914,	-0.006024,	0.002725,	257.281,	0.535
83.650,	167.094,	-0.006438,	0.002350,	257.280,	0.500
83.736,	167.270,	-0.006414,	0.002996,	257.278,	0.490
83.826,	167.450,	-0.007330,	0.003048,	257.275,	0.500
83.916,	167.627,	-0.006611,	0.003279,	257.274,	0.490
84.013,	167.825,	-0.007076,	0.001827,	257.272,	0.545
84.100,	168.001,	-0.006347,	0.002464,	257.269,	0.490
84.190,	168.181,	-0.006713,	0.003776,	257.268,	0.500
84.280,	168.358,	-0.007060,	0.002378,	257.266,	0.490
84.370,	168.538,	-0.007061,	0.002135,	257.264,	0.500
84.467,	168.732,	-0.007544,	0.002432,	257.261,	0.540
84.557,	168.908,	-0.005877,	0.002036,	257.259,	0.490
84.643,	169.088,	-0.006253,	0.003468,	257.258,	0.500
84.733,	169.265,	-0.005463,	0.003933,	257.256,	0.495
84.823,	169.445,	-0.003183,	0.002824,	257.254,	0.495
84.920,	169.639,	-0.003007,	0.000930,	257.253,	0.540
85.010,	169.816,	-0.002088,	0.003367,	257.250,	0.500
85.097,	169.992,	-0.002481,	0.002535,	257.249,	0.485
85.187,	170.172,	-0.003168,	0.001943,	257.246,	0.500
85.277,	170.348,	-0.003694,	0.001288,	257.244,	0.490
85.374,	170.546,	-0.006749,	0.001723,	257.243,	0.545
85.464,	170.723,	-0.006788,	0.002005,	257.241,	0.495
85.550,	170.903,	-0.007201,	0.001730,	257.238,	0.495
85.640,	171.079,	-0.006166,	0.002809,	257.236,	0.490
85.730,	171.259,	-0.006879,	0.002421,	257.235,	0.500
85.824,	171.450,	-0.006880,	0.002176,	257.233,	0.530
85.914,	171.630,	-0.006278,	0.002712,	257.230,	0.500
86.004,	171.806,	-0.006553,	0.002570,	257.228,	0.490
86.094,	171.983,	-0.006812,	0.003046,	257.226,	0.495
86.180,	172.163,	-0.006987,	0.002621,	257.225,	0.495
86.278,	172.357,	-0.007613,	0.001691,	257.222,	0.540
86.368,	172.534,	-0.007050,	0.001762,	257.220,	0.490
86.458,	172.714,	-0.006871,	0.002654,	257.219,	0.500
86.544,	172.890,	-0.006591,	0.002438,	257.215,	0.490
86.634,	173.070,	-0.006626,	0.002064,	257.213,	0.500
86.731,	173.264,	-0.007151,	0.002897,	257.212,	0.540
86.821,	173.441,	-0.006701,	0.002992,	257.210,	0.490
86.908,	173.617,	-0.006488,	0.002344,	257.206,	0.495
86.998,	173.794,	-0.007323,	0.001613,	257.205,	0.490
87.088,	173.974,	-0.006038,	0.002249,	257.204,	0.500
87.185,	174.168,	-0.007398,	0.001779,	257.201,	0.540
87.271,	174.344,	-0.006007,	0.002016,	257.198,	0.490
87.361,	174.524,	-0.006108,	0.003287,	257.197,	0.495
87.451,	174.701,	-0.004972,	0.002690,	257.195,	0.490
87.541,	174.877,	-0.005842,	0.003190,	257.194,	0.495
87.628,	175.057,	-0.003462,	0.003201,	257.192,	0.495
87.725,	175.248,	-0.004595,	0.002509,	257.189,	0.540
87.815,	175.428,	-0.005626,	0.002402,	257.188,	0.495
87.905,	175.604,	-0.006931,	0.002451,	257.187,	0.490
87.991,	175.784,	-0.006055,	0.003074,	257.183,	0.500
88.081,	175.961,	-0.007381,	0.001055,	257.181,	0.490
88.178,	176.155,	-0.007734,	0.001159,	257.180,	0.540
88.268,	176.335,	-0.007131,	0.002369,	257.178,	0.500
88.355,	176.512,	-0.005148,	0.001484,	257.174,	0.485
88.445,	176.692,	-0.004228,	0.003033,	257.173,	0.505
88.535,	176.868,	-0.004488,	0.002023,	257.172,	0.485
88.632,	177.059,	-0.005404,	0.001327,	257.170,	0.540
88.722,	177.239,	-0.005070,	0.002387,	257.167,	0.495
88.808,	177.415,	-0.004880,	0.002805,	257.165,	0.490
88.898,	177.595,	-0.003824,	0.002647,	257.163,	0.500
88.988,	177.772,	-0.005980,	0.001549,	257.161,	0.490
89.082,	177.966,	-0.005885,	0.002137,	257.159,	0.540
89.172,	178.146,	-0.005203,	0.003335,	257.157,	0.500
89.262,	178.322,	-0.005110,	0.003087,	257.156,	0.485
89.352,	178.499,	-0.006730,	0.001919,	257.153,	0.495
89.438,	178.679,	-0.006690,	0.003007,	257.150,	0.495
89.536,	178.870,	-0.006333,	0.002436,	257.149,	0.540
89.626,	179.050,	-0.005748,	0.003018,	257.147,	0.495
89.716,	179.226,	-0.006232,	0.001964,	257.143,	0.490
89.802,	179.406,	-0.007703,	0.003011,	257.141,	0.500
89.892,	179.582,	-0.007940,	0.002195,	257.140,	0.490
