Num, Lmd, sig,    mon,    Ring,  sec
#lmd,   E,  HOYAX,  Y,  Smpl,  Det, AGC X, Y, Smpl, Det
#6.75016,	183.6760,	57.000,	22.000,	4.300,	30.000,	27.600,	4.500,	69.930,	29.999

1,	6.75016,	-0.005287,	-0.003445,	275.070,	70.670
2,	6.75016,	-0.006456,	0.000590,	275.068,	0.550
3,	6.75016,	-0.006524,	-0.000547,	275.065,	0.505
4,	6.75016,	-0.007038,	0.000405,	275.063,	0.505
5,	6.75016,	-0.006554,	0.000644,	275.061,	0.495
6,	6.75016,	-0.007145,	-0.000157,	275.059,	0.500
7,	6.75016,	-0.007757,	-0.000088,	275.055,	0.555
8,	6.75016,	-0.007216,	0.000758,	275.053,	0.500
9,	6.75016,	-0.006454,	-0.000808,	275.051,	0.495
10,	6.75016,	-0.006650,	0.000575,	275.047,	0.500
11,	6.75016,	-0.006741,	0.000558,	275.046,	0.500
12,	6.75016,	-0.007635,	-0.001028,	275.044,	0.555
13,	6.75016,	-0.007305,	-0.000063,	275.043,	0.550
14,	6.75016,	-0.006724,	-0.000476,	275.039,	0.550
15,	6.75016,	-0.007289,	-0.000621,	275.037,	0.500
16,	6.75016,	-0.006322,	-0.000106,	275.034,	0.495
17,	6.75016,	-0.006563,	0.000000,	275.030,	0.505
18,	6.75016,	-0.006959,	0.000812,	275.029,	0.500
19,	6.75016,	-0.007417,	-0.001644,	275.028,	0.545
20,	6.75016,	-0.006759,	0.001096,	275.023,	0.505
21,	6.75016,	-0.007102,	0.000021,	275.022,	0.500
22,	6.75016,	-0.007105,	0.000581,	275.021,	0.500
23,	6.75016,	-0.006741,	-0.000099,	275.019,	0.500
24,	6.75016,	-0.006831,	0.000782,	275.017,	0.500
25,	6.75016,	-0.006212,	0.000808,	275.012,	0.550
26,	6.75016,	-0.007135,	0.000629,	275.011,	0.495
27,	6.75016,	-0.007959,	-0.000116,	275.009,	0.500
28,	6.75016,	-0.006255,	-0.000636,	275.006,	0.500
29,	6.75016,	-0.007409,	0.000153,	275.004,	0.505
30,	6.75016,	-0.006504,	0.000448,	275.002,	0.545
31,	6.75016,	-0.006785,	-0.000664,	274.998,	0.555
32,	6.75016,	-0.007325,	-0.000132,	274.997,	0.550
33,	6.75016,	-0.006712,	-0.000394,	274.994,	0.500
34,	6.75016,	-0.006296,	-0.000280,	274.991,	0.500
35,	6.75016,	-0.006870,	-0.000386,	274.989,	0.500
36,	6.75016,	-0.006907,	0.000478,	274.987,	0.500
37,	6.75016,	-0.007426,	-0.000453,	274.985,	0.550
38,	6.75016,	-0.007613,	0.000008,	274.981,	0.555
39,	6.75016,	-0.006995,	0.000874,	274.980,	0.550
40,	6.75016,	-0.006744,	-0.000291,	274.978,	0.545
41,	6.75016,	-0.006622,	-0.001151,	274.974,	0.550
42,	6.75016,	-0.006332,	0.000278,	274.974,	0.555
43,	6.75016,	-0.007269,	0.000433,	274.969,	0.500
44,	6.75016,	-0.007507,	0.000140,	274.966,	0.500
45,	6.75016,	-0.006857,	0.001295,	274.966,	0.500
46,	6.75016,	-0.006997,	0.000304,	274.963,	0.500
47,	6.75016,	-0.006732,	-0.000097,	274.959,	0.550
48,	6.75016,	-0.006762,	-0.000580,	274.957,	0.500
49,	6.75016,	-0.007027,	0.000056,	274.956,	0.505
50,	6.75016,	-0.007027,	-0.000209,	274.954,	0.500
51,	6.75016,	-0.006908,	0.000541,	274.950,	0.495
52,	6.75016,	-0.007621,	0.000368,	274.949,	0.505
53,	6.75016,	-0.007496,	-0.001062,	274.947,	0.545
54,	6.75016,	-0.006806,	0.000668,	274.943,	0.555
55,	6.75016,	-0.006787,	0.000273,	274.941,	0.545
56,	6.75016,	-0.007393,	-0.000836,	274.939,	0.505
57,	6.75016,	-0.006893,	0.000577,	274.935,	0.500
58,	6.75016,	-0.007028,	0.000286,	274.933,	0.500
59,	6.75016,	-0.006580,	0.000235,	274.932,	0.495
60,	6.75016,	-0.006794,	0.000846,	274.930,	0.555
61,	6.75016,	-0.006601,	-0.000343,	274.926,	0.495
62,	6.75016,	-0.007865,	-0.000763,	274.924,	0.500
63,	6.75016,	-0.006504,	-0.000207,	274.922,	0.500
64,	6.75016,	-0.006620,	0.000373,	274.920,	0.505
65,	6.75016,	-0.007070,	-0.000261,	274.916,	0.550
66,	6.75016,	-0.007067,	0.000437,	274.915,	0.550
67,	6.75016,	-0.006481,	-0.000078,	274.914,	0.500
68,	6.75016,	-0.006518,	0.000388,	274.910,	0.495
69,	6.75016,	-0.006574,	0.000706,	274.908,	0.505
70,	6.75016,	-0.006410,	0.000125,	274.906,	0.500
71,	6.75016,	-0.007161,	0.000659,	274.905,	0.550
72,	6.75016,	-0.007518,	0.000394,	274.900,	0.500
73,	6.75016,	-0.006961,	-0.000116,	274.900,	0.500
74,	6.75016,	-0.007545,	-0.000405,	274.897,	0.500
75,	6.75016,	-0.006804,	-0.000644,	274.895,	0.505
76,	6.75016,	-0.006300,	-0.000672,	274.891,	0.550
77,	6.75016,	-0.006897,	0.000734,	274.889,	0.550
78,	6.75016,	-0.007590,	0.000394,	274.886,	0.550
79,	6.75016,	-0.006656,	-0.000674,	274.884,	0.550
80,	6.75016,	-0.007431,	-0.000571,	274.882,	0.505
81,	6.75016,	-0.006809,	-0.000409,	274.878,	0.505
82,	6.75016,	-0.007366,	-0.000774,	274.878,	0.500
83,	6.75016,	-0.007802,	0.000394,	274.876,	0.505
84,	6.75016,	-0.006310,	-0.001140,	274.874,	0.555
85,	6.75016,	-0.007352,	0.000777,	274.869,	0.550
86,	6.75016,	-0.006479,	0.001075,	274.866,	0.495
87,	6.75016,	-0.007598,	-0.000470,	274.865,	0.505
88,	6.75016,	-0.007361,	0.000377,	274.862,	0.495
89,	6.75016,	-0.006695,	-0.000608,	274.860,	0.505
90,	6.75016,	-0.006703,	0.000637,	274.858,	0.550
91,	6.75016,	-0.006899,	0.000271,	274.854,	0.550
92,	6.75016,	-0.007071,	-0.000577,	274.852,	0.550
93,	6.75016,	-0.007710,	-0.001359,	274.851,	0.505
94,	6.75016,	-0.007006,	0.000217,	274.847,	0.500
95,	6.75016,	-0.007278,	-0.000153,	274.846,	0.505
96,	6.75016,	-0.006998,	-0.000048,	274.843,	0.500
97,	6.75016,	-0.007257,	0.000114,	274.841,	0.550
98,	6.75016,	-0.007575,	0.000030,	274.838,	0.505
99,	6.75016,	-0.006961,	0.000127,	274.837,	0.500
100,	6.75016,	-0.007346,	0.000071,	274.834,	0.505
