Num, Lmd, sig,    mon,    Ring,  sec
#lmd,   E,  HOYAX,  Y,  Smpl,  Det, AGC X, Y, Smpl, Det
#6.70011,	185.0481,	57.000,	22.000,	4.300,	30.000,	0.000,	-76.000,	-0.068,	-0.346

1,	6.70011,	7.544292,	-0.003688,	277.711,	127.810
2,	6.70011,	7.543178,	0.000299,	277.709,	0.550
3,	6.70011,	7.542253,	-0.000407,	277.706,	0.500
4,	6.70011,	7.543845,	0.000536,	277.703,	0.500
5,	6.70011,	7.544104,	0.000971,	277.701,	0.505
6,	6.70011,	7.541955,	-0.000041,	277.699,	0.500
7,	6.70011,	7.544329,	-0.000515,	277.698,	0.545
8,	6.70011,	7.545762,	0.001613,	277.694,	0.500
9,	6.70011,	7.545993,	-0.000063,	277.692,	0.500
10,	6.70011,	7.542948,	0.000155,	277.691,	0.500
11,	6.70011,	7.546570,	0.000581,	277.689,	0.505
12,	6.70011,	7.545864,	-0.000463,	277.686,	0.545
13,	6.70011,	7.543106,	-0.000164,	277.683,	0.505
14,	6.70011,	7.544277,	0.000248,	277.681,	0.495
15,	6.70011,	7.547030,	-0.000220,	277.678,	0.500
16,	6.70011,	7.545405,	-0.001415,	277.676,	0.500
17,	6.70011,	7.543163,	0.000054,	277.675,	0.550
18,	6.70011,	7.544616,	-0.001155,	277.671,	0.550
19,	6.70011,	7.545709,	0.000265,	277.669,	0.550
20,	6.70011,	7.547900,	-0.000274,	277.666,	0.550
21,	6.70011,	7.546871,	0.001607,	277.662,	0.500
22,	6.70011,	7.544716,	-0.000364,	277.660,	0.500
23,	6.70011,	7.547641,	-0.000041,	277.659,	0.500
24,	6.70011,	7.547093,	0.001096,	277.657,	0.500
25,	6.70011,	7.545768,	0.000237,	277.654,	0.550
26,	6.70011,	7.545808,	-0.000924,	277.651,	0.500
27,	6.70011,	7.546293,	0.000556,	277.650,	0.500
28,	6.70011,	7.543898,	-0.000183,	277.646,	0.500
29,	6.70011,	7.547190,	-0.000381,	277.644,	0.505
30,	6.70011,	7.546014,	-0.001366,	277.641,	0.545
31,	6.70011,	7.545770,	-0.000101,	277.638,	0.550
32,	6.70011,	7.545246,	0.000685,	277.636,	0.500
33,	6.70011,	7.548882,	-0.000472,	277.634,	0.500
34,	6.70011,	7.546401,	-0.000162,	277.633,	0.500
35,	6.70011,	7.545522,	0.000976,	277.631,	0.500
36,	6.70011,	7.546845,	-0.000442,	277.627,	0.550
37,	6.70011,	7.544946,	-0.000282,	277.625,	0.500
38,	6.70011,	7.544625,	0.000297,	277.624,	0.500
39,	6.70011,	7.545014,	0.000146,	277.618,	0.505
40,	6.70011,	7.545985,	-0.000203,	277.618,	0.495
41,	6.70011,	7.545576,	-0.000685,	277.615,	0.550
42,	6.70011,	7.546658,	-0.000119,	277.612,	0.550
43,	6.70011,	7.546596,	-0.000711,	277.610,	0.550
44,	6.70011,	7.547584,	0.000461,	277.607,	0.555
45,	6.70011,	7.546245,	0.000049,	277.604,	0.545
46,	6.70011,	7.544502,	0.000039,	277.602,	0.500
47,	6.70011,	7.545966,	-0.000334,	277.600,	0.500
48,	6.70011,	7.545742,	-0.000668,	277.596,	0.505
49,	6.70011,	7.545504,	-0.000323,	277.595,	0.495
50,	6.70011,	7.544862,	0.000097,	277.594,	0.550
51,	6.70011,	7.543137,	0.000153,	277.592,	0.500
52,	6.70011,	7.543795,	-0.000827,	277.587,	0.500
53,	6.70011,	7.543791,	0.000433,	277.586,	0.500
54,	6.70011,	7.541755,	0.000902,	277.584,	0.500
55,	6.70011,	7.542556,	0.001002,	277.582,	0.550
56,	6.70011,	7.541375,	0.000950,	277.578,	0.550
57,	6.70011,	7.541437,	-0.000188,	277.576,	0.550
58,	6.70011,	7.540771,	-0.000114,	277.573,	0.550
59,	6.70011,	7.540389,	0.000179,	277.571,	0.550
60,	6.70011,	7.540348,	-0.000862,	277.569,	0.500
61,	6.70011,	7.542468,	0.000388,	277.566,	0.500
62,	6.70011,	7.541163,	0.000500,	277.563,	0.500
63,	6.70011,	7.541022,	0.000553,	277.561,	0.500
64,	6.70011,	7.540850,	-0.000698,	277.560,	0.550
65,	6.70011,	7.542288,	0.000892,	277.556,	0.505
66,	6.70011,	7.538846,	-0.000037,	277.555,	0.495
67,	6.70011,	7.541726,	0.000715,	277.552,	0.500
68,	6.70011,	7.539037,	-0.000030,	277.549,	0.500
69,	6.70011,	7.539750,	-0.000272,	277.546,	0.500
70,	6.70011,	7.541565,	0.000140,	277.544,	0.555
71,	6.70011,	7.539493,	0.000144,	277.543,	0.495
72,	6.70011,	7.538778,	-0.000175,	277.539,	0.500
73,	6.70011,	7.542228,	-0.000814,	277.536,	0.500
74,	6.70011,	7.537737,	0.000133,	277.535,	0.500
75,	6.70011,	7.537423,	-0.000351,	277.534,	0.550
76,	6.70011,	7.539321,	0.000724,	277.529,	0.505
77,	6.70011,	7.537347,	-0.000373,	277.526,	0.495
78,	6.70011,	7.538404,	0.001094,	277.525,	0.500
79,	6.70011,	7.538819,	0.000663,	277.523,	0.500
80,	6.70011,	7.537569,	-0.000080,	277.520,	0.550
81,	6.70011,	7.536814,	-0.001049,	277.518,	0.500
82,	6.70011,	7.537777,	-0.000571,	277.516,	0.500
83,	6.70011,	7.537594,	-0.001405,	277.512,	0.500
84,	6.70011,	7.537511,	0.000034,	277.511,	0.500
85,	6.70011,	7.538310,	-0.000752,	277.509,	0.550
86,	6.70011,	7.537895,	-0.000127,	277.507,	0.550
87,	6.70011,	7.535923,	-0.000078,	277.502,	0.555
88,	6.70011,	7.537368,	-0.000752,	277.501,	0.495
89,	6.70011,	7.536539,	0.000392,	277.499,	0.500
90,	6.70011,	7.536433,	0.000338,	277.495,	0.500
91,	6.70011,	7.538345,	0.000308,	277.493,	0.500
92,	6.70011,	7.536301,	-0.000455,	277.492,	0.550
93,	6.70011,	7.535707,	0.000472,	277.487,	0.500
94,	6.70011,	7.535681,	0.001062,	277.486,	0.505
95,	6.70011,	7.535213,	0.001372,	277.485,	0.495
96,	6.70011,	7.535462,	-0.000244,	277.482,	0.500
97,	6.70011,	7.537175,	-0.000106,	277.481,	0.500
98,	6.70011,	7.537479,	-0.002253,	277.477,	0.550
99,	6.70011,	7.535689,	-0.001321,	277.475,	0.550
100,	6.70011,	7.534790,	-0.000321,	277.471,	0.550
