Num, Lmd, sig,    mon,    Ring,  sec
#lmd,   E,  HOYAX,  Y,  Smpl,  Det, AGC X, Y, Smpl, Det
#6.50010,	190.7421,	57.000,	22.000,	4.300,	30.000,	0.000,	-76.000,	-0.068,	-0.346

1,	6.50010,	7.605572,	-0.003664,	251.329,	133.526
2,	6.50010,	7.606677,	-0.000144,	251.328,	0.550
3,	6.50010,	7.603677,	0.001547,	251.324,	0.500
4,	6.50010,	7.603520,	-0.001030,	251.322,	0.500
5,	6.50010,	7.602178,	-0.001394,	251.321,	0.500
6,	6.50010,	7.600809,	-0.000558,	251.319,	0.500
7,	6.50010,	7.603540,	-0.000015,	251.317,	0.500
8,	6.50010,	7.602907,	0.000566,	251.316,	0.550
9,	6.50010,	7.601554,	0.000069,	251.314,	0.505
10,	6.50010,	7.601072,	-0.001385,	251.312,	0.495
11,	6.50010,	7.602456,	-0.000459,	251.309,	0.500
12,	6.50010,	7.600448,	-0.000295,	251.308,	0.500
13,	6.50010,	7.600056,	-0.000138,	251.307,	0.500
14,	6.50010,	7.601384,	-0.001431,	251.304,	0.550
15,	6.50010,	7.600585,	-0.001062,	251.303,	0.550
16,	6.50010,	7.600129,	-0.001329,	251.300,	0.550
17,	6.50010,	7.600437,	0.001049,	251.297,	0.550
18,	6.50010,	7.597750,	-0.000209,	251.296,	0.505
19,	6.50010,	7.598558,	0.000388,	251.294,	0.500
20,	6.50010,	7.597693,	-0.000323,	251.291,	0.505
21,	6.50010,	7.596979,	-0.000170,	251.290,	0.505
22,	6.50010,	7.597031,	0.000459,	251.288,	0.550
23,	6.50010,	7.597449,	0.000047,	251.286,	0.555
24,	6.50010,	7.596841,	0.001335,	251.284,	0.510
25,	6.50010,	7.599391,	-0.000144,	251.282,	0.505
26,	6.50010,	7.595132,	-0.000269,	251.279,	0.510
27,	6.50010,	7.597042,	0.001154,	251.278,	0.500
28,	6.50010,	7.596099,	0.000491,	251.276,	0.545
29,	6.50010,	7.595363,	0.000592,	251.274,	0.555
30,	6.50010,	7.594944,	-0.001056,	251.271,	0.505
31,	6.50010,	7.594785,	-0.000478,	251.270,	0.510
32,	6.50010,	7.592064,	-0.000998,	251.268,	0.505
33,	6.50010,	7.593115,	0.000127,	251.266,	0.510
34,	6.50010,	7.592878,	0.001051,	251.263,	0.550
35,	6.50010,	7.593291,	0.000146,	251.262,	0.550
36,	6.50010,	7.593156,	0.000080,	251.259,	0.510
37,	6.50010,	7.592923,	-0.001129,	251.257,	0.500
38,	6.50010,	7.592885,	0.000340,	251.256,	0.505
39,	6.50010,	7.589087,	-0.000203,	251.254,	0.510
40,	6.50010,	7.592870,	-0.001084,	251.251,	0.555
41,	6.50010,	7.591070,	0.000640,	251.249,	0.500
42,	6.50010,	7.588597,	0.000767,	251.247,	0.500
43,	6.50010,	7.589204,	0.000396,	251.245,	0.500
44,	6.50010,	7.589660,	-0.000838,	251.244,	0.505
45,	6.50010,	7.590474,	0.001014,	251.242,	0.545
46,	6.50010,	7.589059,	0.000618,	251.241,	0.505
47,	6.50010,	7.587630,	0.000545,	251.237,	0.495
48,	6.50010,	7.586833,	0.000379,	251.236,	0.505
49,	6.50010,	7.587444,	0.000258,	251.234,	0.495
50,	6.50010,	7.586126,	-0.001181,	251.233,	0.550
51,	6.50010,	7.586717,	0.000194,	251.230,	0.500
52,	6.50010,	7.585887,	0.000288,	251.228,	0.500
53,	6.50010,	7.586993,	-0.000584,	251.227,	0.500
54,	6.50010,	7.584628,	-0.000401,	251.225,	0.500
55,	6.50010,	7.585239,	-0.001495,	251.221,	0.550
56,	6.50010,	7.586565,	-0.000995,	251.220,	0.505
57,	6.50010,	7.585641,	0.000437,	251.218,	0.495
58,	6.50010,	7.582504,	-0.000435,	251.217,	0.500
59,	6.50010,	7.584903,	0.000599,	251.215,	0.500
60,	6.50010,	7.585857,	0.000194,	251.213,	0.500
61,	6.50010,	7.584977,	-0.000692,	251.211,	0.555
62,	6.50010,	7.583981,	-0.001678,	251.208,	0.545
63,	6.50010,	7.587008,	-0.001696,	251.206,	0.550
64,	6.50010,	7.584092,	-0.000345,	251.204,	0.550
65,	6.50010,	7.585501,	-0.000015,	251.202,	0.500
66,	6.50010,	7.585546,	-0.000048,	251.200,	0.505
67,	6.50010,	7.584132,	0.000467,	251.198,	0.495
68,	6.50010,	7.585092,	-0.000069,	251.195,	0.505
69,	6.50010,	7.586646,	0.000280,	251.194,	0.550
70,	6.50010,	7.583426,	-0.000679,	251.191,	0.495
71,	6.50010,	7.585014,	0.001092,	251.189,	0.500
72,	6.50010,	7.586139,	0.000142,	251.188,	0.500
73,	6.50010,	7.585141,	-0.000351,	251.186,	0.500
74,	6.50010,	7.584911,	-0.000004,	251.184,	0.500
75,	6.50010,	7.586045,	0.000043,	251.181,	0.550
76,	6.50010,	7.588185,	-0.000640,	251.179,	0.500
77,	6.50014,	7.585266,	0.001275,	251.177,	0.505
78,	6.50010,	7.585623,	-0.000231,	251.178,	0.495
79,	6.50010,	7.584853,	0.000661,	251.173,	0.500
80,	6.50010,	7.585688,	0.000142,	251.172,	0.500
81,	6.50010,	7.585701,	-0.001088,	251.170,	0.555
82,	6.50010,	7.586234,	-0.001120,	251.167,	0.545
83,	6.50014,	7.586146,	-0.000468,	251.165,	0.555
84,	6.50010,	7.585532,	-0.000043,	251.164,	0.500
85,	6.50010,	7.587959,	-0.000315,	251.161,	0.495
86,	6.50010,	7.584214,	-0.001226,	251.160,	0.500
87,	6.50010,	7.585530,	-0.000474,	251.159,	0.500
88,	6.50010,	7.585971,	-0.001028,	251.156,	0.550
89,	6.50014,	7.586518,	0.000052,	251.153,	0.505
90,	6.50010,	7.586092,	-0.001603,	251.153,	0.495
91,	6.50010,	7.585722,	0.000286,	251.150,	0.500
92,	6.50010,	7.583423,	-0.000694,	251.149,	0.500
93,	6.50010,	7.587553,	0.000153,	251.146,	0.505
94,	6.50014,	7.587004,	0.000172,	251.144,	0.545
95,	6.50010,	7.586206,	-0.001148,	251.143,	0.500
96,	6.50010,	7.585083,	0.001710,	251.140,	0.500
97,	6.50010,	7.586041,	-0.001077,	251.139,	0.500
98,	6.50010,	7.586091,	-0.001179,	251.137,	0.500
99,	6.50010,	7.583967,	-0.000657,	251.135,	0.500
100,	6.50010,	7.585733,	-0.000220,	251.133,	0.550
