Smpl, Det, sig,    mon,    Ring,  sec
#lmd,   E,  HOYAX,  Y,  Smpl,  Det, AGC X, Y, Smpl, Det, ppsSmpl, ppsDet
#6.70015,	185.0470,	57.000,	22.000,	4.300,	30.000,	-24.600,	3.500,	69.930,	139.651,100,100

69.869,	139.540,	0.007824,	-0.000855,	254.024,	37.545
69.970,	139.734,	0.007726,	0.001868,	254.022,	0.545
70.056,	139.910,	0.009483,	0.003731,	254.019,	0.485
70.146,	140.087,	0.010590,	0.002751,	254.018,	0.495
70.236,	140.267,	0.012109,	0.002986,	254.016,	0.495
70.322,	140.443,	0.012375,	0.001891,	254.015,	0.495
70.420,	140.638,	0.011369,	0.001221,	254.012,	0.540
70.510,	140.818,	0.010570,	0.002970,	254.010,	0.490
70.600,	140.994,	0.007772,	0.001738,	254.009,	0.500
70.686,	141.170,	0.006548,	0.002008,	254.008,	0.490
70.776,	141.350,	0.004571,	0.002764,	254.003,	0.490
70.873,	141.545,	0.000588,	0.001924,	254.002,	0.550
70.963,	141.721,	0.000304,	0.002369,	253.999,	0.490
71.050,	141.901,	-0.002764,	0.002822,	253.998,	0.495
71.140,	142.078,	-0.004884,	0.002361,	253.995,	0.490
71.230,	142.254,	-0.005305,	0.002983,	253.994,	0.495
71.327,	142.448,	-0.006219,	0.000506,	253.992,	0.540
71.413,	142.628,	-0.004733,	0.001717,	253.990,	0.490
71.503,	142.805,	-0.003150,	0.003158,	253.988,	0.495
71.593,	142.981,	-0.001340,	0.001919,	253.986,	0.495
71.680,	143.161,	0.002799,	0.002494,	253.985,	0.495
71.777,	143.356,	0.007097,	0.001917,	253.983,	0.540
71.867,	143.532,	0.012540,	0.001730,	253.980,	0.490
71.957,	143.712,	0.017685,	0.002824,	253.978,	0.500
72.043,	143.888,	0.022682,	0.001751,	253.977,	0.490
72.133,	144.065,	0.029556,	0.002247,	253.975,	0.490
72.230,	144.263,	0.034074,	0.001738,	253.972,	0.545
72.320,	144.439,	0.038968,	0.003403,	253.971,	0.490
72.410,	144.619,	0.042356,	0.001019,	253.968,	0.500
72.497,	144.792,	0.047283,	0.001872,	253.966,	0.490
72.587,	144.972,	0.047827,	0.001626,	253.964,	0.495
72.677,	145.148,	0.047883,	0.002223,	253.962,	0.490
72.770,	145.343,	0.046547,	0.002070,	253.960,	0.540
72.860,	145.523,	0.043724,	0.003507,	253.958,	0.495
72.950,	145.699,	0.040759,	0.002273,	253.956,	0.490
73.037,	145.876,	0.035763,	0.002680,	253.955,	0.490
73.127,	146.056,	0.030111,	0.003057,	253.953,	0.500
73.224,	146.246,	0.024307,	0.002494,	253.950,	0.535
73.314,	146.423,	0.018605,	0.003455,	253.947,	0.490
73.400,	146.599,	0.012172,	0.002369,	253.947,	0.495
73.490,	146.779,	0.007456,	0.002481,	253.945,	0.495
73.580,	146.959,	0.003591,	0.001842,	253.943,	0.495
73.678,	147.154,	0.000173,	0.002436,	253.940,	0.540
73.764,	147.330,	-0.000694,	0.002647,	253.939,	0.495
73.854,	147.510,	-0.000256,	0.002634,	253.937,	0.495
73.944,	147.683,	0.003386,	0.002053,	253.935,	0.490
74.034,	147.863,	0.009623,	0.001898,	253.933,	0.500
74.124,	148.043,	0.017906,	0.002645,	253.932,	0.500
74.221,	148.237,	0.031244,	0.001534,	253.931,	0.540
74.308,	148.414,	0.046898,	0.002718,	253.927,	0.490
74.398,	148.590,	0.064900,	0.002290,	253.927,	0.490
74.488,	148.770,	0.084857,	0.001325,	253.924,	0.495
74.574,	148.946,	0.107969,	0.002102,	253.922,	0.490
74.671,	149.141,	0.135201,	0.001516,	253.919,	0.545
74.761,	149.321,	0.162766,	0.002322,	253.918,	0.490
74.851,	149.497,	0.191642,	0.001605,	253.917,	0.500
74.938,	149.674,	0.221151,	0.002673,	253.914,	0.490
75.028,	149.854,	0.250245,	0.002277,	253.912,	0.495
75.125,	150.044,	0.282964,	0.002990,	253.910,	0.535
75.211,	150.224,	0.312082,	0.003367,	253.909,	0.490
75.301,	150.401,	0.341320,	0.002402,	253.905,	0.495
75.391,	150.577,	0.368179,	0.002701,	253.904,	0.495
75.478,	150.757,	0.394048,	0.001829,	253.903,	0.490
75.578,	150.952,	0.418591,	0.001758,	253.901,	0.550
75.665,	151.128,	0.438874,	0.002591,	253.897,	0.490
75.755,	151.304,	0.457289,	0.002107,	253.897,	0.490
75.845,	151.484,	0.473824,	0.003005,	253.894,	0.500
75.931,	151.661,	0.486778,	0.002180,	253.892,	0.490
76.028,	151.859,	0.496584,	0.001917,	253.890,	0.545
76.118,	152.032,	0.505064,	0.001941,	253.888,	0.485
76.205,	152.212,	0.509199,	0.003640,	253.886,	0.495
76.295,	152.392,	0.511373,	0.003589,	253.885,	0.500
76.385,	152.568,	0.509489,	0.002247,	253.881,	0.490
76.475,	152.744,	0.506813,	0.002010,	253.880,	0.495
76.572,	152.939,	0.499859,	0.002365,	253.878,	0.540
76.658,	153.115,	0.491299,	0.003115,	253.877,	0.485
76.748,	153.295,	0.481459,	0.001745,	253.874,	0.500
76.838,	153.472,	0.469529,	0.001816,	253.873,	0.490
76.925,	153.652,	0.454744,	0.001116,	253.872,	0.500
77.022,	153.842,	0.436836,	0.001568,	253.869,	0.535
77.112,	154.019,	0.420675,	0.002563,	253.867,	0.490
77.198,	154.199,	0.402263,	0.002779,	253.865,	0.500
77.288,	154.379,	0.383235,	0.002514,	253.862,	0.490
77.378,	154.552,	0.364915,	0.001917,	253.861,	0.490
77.476,	154.750,	0.341278,	0.002688,	253.857,	0.550
77.562,	154.926,	0.322070,	0.001857,	253.856,	0.485
77.652,	155.106,	0.301163,	0.002436,	253.854,	0.500
77.742,	155.282,	0.280322,	0.001984,	253.853,	0.490
77.828,	155.459,	0.260923,	0.002046,	253.850,	0.490
77.918,	155.639,	0.241431,	0.003024,	253.848,	0.500
78.016,	155.830,	0.220257,	0.001827,	253.846,	0.535
78.106,	156.010,	0.202097,	0.001952,	253.845,	0.495
78.196,	156.186,	0.183751,	0.002094,	253.842,	0.495
78.282,	156.362,	0.167155,	0.002102,	253.840,	0.485
78.372,	156.542,	0.150480,	0.002527,	253.839,	0.500
78.469,	156.737,	0.135462,	0.001635,	253.838,	0.540
78.556,	156.910,	0.120962,	0.003399,	253.834,	0.485
78.646,	157.090,	0.107631,	0.003240,	253.832,	0.500
78.736,	157.266,	0.095419,	0.001715,	253.830,	0.490
78.822,	157.446,	0.084138,	0.002385,	253.829,	0.495
78.919,	157.640,	0.072330,	0.001559,	253.827,	0.545
79.009,	157.817,	0.064631,	0.003270,	253.826,	0.485
79.099,	157.997,	0.056982,	0.002057,	253.824,	0.500
79.186,	158.173,	0.049385,	0.001829,	253.822,	0.490
79.276,	158.350,	0.042771,	0.001312,	253.817,	0.495
79.373,	158.548,	0.035987,	0.002102,	253.816,	0.545
79.463,	158.724,	0.032252,	0.001555,	253.815,	0.490
79.549,	158.900,	0.028686,	0.002447,	253.812,	0.495
79.639,	159.077,	0.025191,	0.003149,	253.812,	0.490
79.729,	159.257,	0.021763,	0.002671,	253.809,	0.495
79.826,	159.451,	0.018571,	0.001282,	253.808,	0.540
79.913,	159.628,	0.017381,	0.002352,	253.805,	0.490
80.003,	159.808,	0.015829,	0.002945,	253.802,	0.500
80.093,	159.984,	0.013965,	0.000687,	253.801,	0.490
80.183,	160.160,	0.013380,	0.003326,	253.800,	0.495
80.276,	160.355,	0.011397,	0.002438,	253.796,	0.535
80.366,	160.531,	0.011608,	0.002861,	253.795,	0.495
80.456,	160.708,	0.011031,	0.004222,	253.793,	0.490
80.543,	160.888,	0.009485,	0.002777,	253.792,	0.495
80.633,	161.064,	0.009836,	0.001538,	253.791,	0.490
80.730,	161.258,	0.009887,	0.001732,	253.787,	0.540
80.827,	161.453,	0.007662,	0.001885,	253.786,	0.545
80.917,	161.629,	0.009054,	0.002044,	253.784,	0.490
81.004,	161.806,	0.008752,	0.002443,	253.781,	0.485
81.094,	161.986,	0.007995,	0.003059,	253.779,	0.505
81.180,	162.162,	0.008225,	0.001654,	253.778,	0.485
81.281,	162.360,	0.006469,	0.001609,	253.775,	0.550
81.367,	162.536,	0.006640,	0.001805,	253.773,	0.490
81.457,	162.713,	0.006989,	0.003434,	253.771,	0.495
81.547,	162.893,	0.006153,	0.001764,	253.771,	0.495
81.634,	163.069,	0.006198,	0.002484,	253.768,	0.490
81.731,	163.264,	0.005106,	0.002421,	253.764,	0.540
81.821,	163.440,	0.004897,	0.003044,	253.763,	0.495
81.911,	163.616,	0.004674,	0.002585,	253.762,	0.490
81.997,	163.796,	0.003593,	0.002621,	253.758,	0.495
82.087,	163.973,	0.004309,	0.001174,	253.758,	0.495
82.184,	164.167,	0.002600,	0.001111,	253.756,	0.545
82.274,	164.347,	0.002048,	0.002188,	253.754,	0.490
82.361,	164.524,	0.002561,	0.002111,	253.751,	0.495
82.451,	164.700,	0.001794,	0.002227,	253.749,	0.495
82.541,	164.876,	0.001470,	0.002626,	253.748,	0.485
82.638,	165.074,	0.000309,	0.001622,	253.746,	0.545
82.728,	165.251,	0.001059,	0.003184,	253.743,	0.495
82.814,	165.427,	0.000009,	0.002790,	253.740,	0.490
82.904,	165.607,	0.000633,	0.001900,	253.739,	0.495
82.994,	165.784,	0.000038,	0.003957,	253.738,	0.490
83.092,	165.978,	-0.000785,	0.001269,	253.734,	0.545
83.178,	166.158,	-0.003871,	0.002895,	253.733,	0.495
83.268,	166.334,	-0.006154,	0.002822,	253.733,	0.490
83.358,	166.511,	-0.005682,	0.002145,	253.731,	0.495
83.444,	166.687,	-0.005242,	0.002770,	253.727,	0.490
83.542,	166.882,	-0.006330,	0.001482,	253.725,	0.540
83.632,	167.062,	-0.006457,	0.003707,	253.724,	0.495
83.718,	167.238,	-0.006340,	0.001992,	253.722,	0.490
83.808,	167.414,	-0.007269,	0.001687,	253.720,	0.495
83.898,	167.594,	-0.006309,	0.003035,	253.718,	0.495
83.995,	167.785,	-0.006814,	0.002219,	253.716,	0.540
84.085,	167.965,	-0.005616,	0.002846,	253.713,	0.500
84.172,	168.142,	-0.006005,	0.003688,	253.712,	0.485
84.262,	168.318,	-0.006727,	0.003309,	253.710,	0.495
84.352,	168.498,	-0.006761,	0.002533,	253.708,	0.495
84.445,	168.692,	-0.007456,	0.001846,	253.706,	0.535
84.535,	168.872,	-0.005612,	0.002397,	253.704,	0.500
84.625,	169.049,	-0.005057,	0.002706,	253.702,	0.490
84.715,	169.225,	-0.004257,	0.002654,	253.700,	0.495
84.802,	169.402,	-0.002354,	0.002865,	253.699,	0.495
84.892,	169.578,	-0.000512,	0.003406,	253.696,	0.490
84.989,	169.772,	-0.000362,	0.002419,	253.694,	0.540
85.079,	169.952,	-0.000377,	0.001870,	253.693,	0.495
85.165,	170.129,	-0.000754,	0.002005,	253.690,	0.490
85.255,	170.309,	-0.000441,	0.002764,	253.689,	0.495
85.342,	170.482,	-0.005889,	0.002850,	253.686,	0.490
85.439,	170.680,	-0.007457,	0.001717,	253.685,	0.540
85.529,	170.856,	-0.007002,	0.003162,	253.681,	0.495
85.619,	171.032,	-0.008472,	0.002578,	253.680,	0.490
85.705,	171.212,	-0.007717,	0.002083,	253.678,	0.495
85.795,	171.389,	-0.008097,	0.002874,	253.676,	0.495
85.892,	171.583,	-0.008438,	0.001992,	253.674,	0.540
85.982,	171.763,	-0.006578,	0.001301,	253.672,	0.495
86.069,	171.940,	-0.005333,	0.002503,	253.671,	0.490
86.159,	172.116,	-0.007235,	0.003033,	253.670,	0.500
86.249,	172.292,	-0.006983,	0.003177,	253.668,	0.490
86.346,	172.490,	-0.007457,	0.001396,	253.664,	0.540
86.432,	172.667,	-0.007357,	0.002115,	253.662,	0.495
86.522,	172.843,	-0.007447,	0.001613,	253.661,	0.490
86.612,	173.023,	-0.007375,	0.002033,	253.657,	0.495
86.699,	173.200,	-0.006794,	0.002962,	253.656,	0.495
86.800,	173.394,	-0.006769,	0.001312,	253.654,	0.540
86.886,	173.574,	-0.006306,	0.001837,	253.653,	0.495
86.976,	173.750,	-0.007426,	0.001208,	253.650,	0.490
87.066,	173.927,	-0.005958,	0.002589,	253.649,	0.495
87.152,	174.103,	-0.005911,	0.002346,	253.647,	0.490
87.250,	174.298,	-0.006914,	0.002389,	253.646,	0.540
87.340,	174.478,	-0.005574,	0.001514,	253.642,	0.495
87.426,	174.650,	-0.006062,	0.001680,	253.641,	0.490
87.516,	174.830,	-0.005907,	0.001876,	253.639,	0.490
87.606,	175.007,	-0.005738,	0.002977,	253.639,	0.495
87.703,	175.201,	-0.002308,	0.002016,	253.634,	0.540
87.790,	175.378,	-0.005539,	0.000745,	253.634,	0.490
87.880,	175.554,	-0.006988,	0.002688,	253.633,	0.495
87.970,	175.734,	-0.007053,	0.002798,	253.631,	0.495
88.056,	175.910,	-0.006585,	0.004399,	253.628,	0.490
88.153,	176.105,	-0.007319,	0.001463,	253.625,	0.540
88.243,	176.281,	-0.007345,	0.002576,	253.624,	0.495
88.330,	176.458,	-0.005156,	0.002163,	253.623,	0.490
88.420,	176.638,	-0.005012,	0.002275,	253.621,	0.495
88.510,	176.814,	-0.004847,	0.002005,	253.618,	0.490
88.607,	177.008,	-0.005753,	0.001971,	253.617,	0.540
88.693,	177.188,	-0.004830,	0.003386,	253.614,	0.495
88.783,	177.365,	-0.005256,	0.003985,	253.613,	0.490
88.873,	177.541,	-0.004971,	0.002497,	253.612,	0.495
88.960,	177.721,	-0.005623,	0.001359,	253.610,	0.495
89.057,	177.912,	-0.006084,	0.002471,	253.608,	0.535
89.147,	178.088,	-0.005682,	0.002279,	253.605,	0.490
89.233,	178.268,	-0.005703,	0.003154,	253.603,	0.495
89.323,	178.445,	-0.007116,	0.002537,	253.602,	0.490
89.410,	178.621,	-0.006747,	0.002240,	253.601,	0.495
89.510,	178.819,	-0.006979,	0.002339,	253.598,	0.545
89.597,	178.992,	-0.006195,	0.004263,	253.595,	0.485
89.687,	179.172,	-0.006330,	0.002525,	253.595,	0.495
89.773,	179.348,	-0.008066,	0.003188,	253.591,	0.490
89.863,	179.525,	-0.008037,	0.001915,	253.589,	0.495
89.960,	179.719,	-0.008742,	0.001921,	253.588,	0.540
