Num, Lmd, sig,    mon,    Ring,  sec
#lmd,   E,  HOYAX,  Y,  Smpl,  Det, AGC X, Y, Smpl, Det
#6.75016,	183.6760,	57.000,	22.000,	4.300,	30.000,	2.400,	4.000,	69.930,	29.999

1,	6.75016,	-0.005206,	-0.003369,	263.495,	63.600
2,	6.75016,	-0.006723,	-0.000224,	263.493,	0.555
3,	6.75016,	-0.007456,	-0.000209,	263.491,	0.550
4,	6.75016,	-0.006712,	0.000743,	263.488,	0.550
5,	6.75016,	-0.007609,	-0.000048,	263.486,	0.555
6,	6.75016,	-0.006816,	-0.001286,	263.484,	0.545
7,	6.75016,	-0.006630,	0.001243,	263.481,	0.505
8,	6.75016,	-0.007641,	0.000523,	263.478,	0.500
9,	6.75016,	-0.006857,	0.000127,	263.476,	0.500
10,	6.75016,	-0.006798,	0.000015,	263.475,	0.505
11,	6.75016,	-0.007073,	-0.000539,	263.471,	0.550
12,	6.75016,	-0.006839,	0.000482,	263.469,	0.545
13,	6.75016,	-0.007301,	-0.000050,	263.466,	0.505
14,	6.75016,	-0.007345,	-0.000106,	263.465,	0.505
15,	6.75016,	-0.007128,	-0.000168,	263.463,	0.505
16,	6.75016,	-0.006868,	-0.000481,	263.461,	0.505
17,	6.75016,	-0.007422,	-0.001336,	263.460,	0.505
18,	6.75016,	-0.007322,	0.000118,	263.456,	0.555
19,	6.75016,	-0.007703,	-0.000590,	263.455,	0.505
20,	6.75016,	-0.007434,	0.000058,	263.453,	0.505
21,	6.75016,	-0.007052,	-0.000058,	263.450,	0.505
22,	6.75016,	-0.007328,	0.000062,	263.447,	0.505
23,	6.75016,	-0.007686,	-0.000526,	263.446,	0.555
24,	6.75016,	-0.007088,	-0.000448,	263.444,	0.505
25,	6.75016,	-0.006845,	-0.000325,	263.442,	0.500
26,	6.75016,	-0.007188,	-0.001112,	263.440,	0.505
27,	6.75016,	-0.006912,	0.000853,	263.438,	0.505
28,	6.75016,	-0.007070,	-0.000769,	263.435,	0.505
29,	6.75016,	-0.006374,	0.001047,	263.432,	0.545
30,	6.75016,	-0.007518,	0.000120,	263.432,	0.510
31,	6.75016,	-0.007244,	0.000099,	263.428,	0.505
32,	6.75016,	-0.008157,	0.000019,	263.426,	0.505
33,	6.75016,	-0.006809,	-0.000696,	263.425,	0.505
34,	6.75016,	-0.007208,	-0.000468,	263.424,	0.550
35,	6.75016,	-0.007820,	-0.000218,	263.420,	0.545
36,	6.75016,	-0.007216,	-0.001508,	263.417,	0.510
37,	6.75016,	-0.007665,	-0.000390,	263.416,	0.505
38,	6.75016,	-0.006416,	-0.000468,	263.412,	0.500
39,	6.75016,	-0.006979,	-0.001183,	263.413,	0.510
40,	6.75016,	-0.007095,	-0.000782,	263.410,	0.555
41,	6.75016,	-0.006560,	0.000008,	263.406,	0.505
42,	6.75016,	-0.007382,	0.000508,	263.405,	0.505
43,	6.75016,	-0.007434,	-0.000192,	263.402,	0.505
44,	6.75016,	-0.007318,	0.000491,	263.400,	0.505
45,	6.75016,	-0.006460,	-0.000282,	263.397,	0.555
46,	6.75016,	-0.006638,	0.000640,	263.396,	0.505
47,	6.75016,	-0.006780,	0.000396,	263.393,	0.505
48,	6.75016,	-0.007619,	-0.000377,	263.389,	0.505
49,	6.75016,	-0.007104,	0.000704,	263.389,	0.505
50,	6.75016,	-0.007251,	-0.000403,	263.387,	0.505
51,	6.75016,	-0.006981,	0.000077,	263.386,	0.555
52,	6.75016,	-0.007420,	-0.000541,	263.383,	0.550
53,	6.75016,	-0.006566,	0.000202,	263.381,	0.500
54,	6.75016,	-0.007139,	-0.000638,	263.379,	0.505
55,	6.75016,	-0.007306,	-0.000784,	263.376,	0.505
56,	6.75016,	-0.007174,	-0.001275,	263.374,	0.505
57,	6.75016,	-0.007486,	-0.000782,	263.373,	0.505
58,	6.75016,	-0.006917,	-0.000700,	263.370,	0.550
59,	6.75016,	-0.007055,	0.000353,	263.368,	0.510
60,	6.75016,	-0.007075,	0.000937,	263.367,	0.501
61,	6.75016,	-0.007110,	-0.000476,	263.364,	0.500
62,	6.75016,	-0.007008,	-0.000026,	263.362,	0.505
63,	6.75016,	-0.007147,	0.000064,	263.358,	0.545
64,	6.75016,	-0.006859,	-0.000532,	263.358,	0.555
65,	6.75016,	-0.006940,	-0.000567,	263.354,	0.555
66,	6.75016,	-0.007210,	-0.000959,	263.351,	0.505
67,	6.75016,	-0.007889,	0.000060,	263.350,	0.505
68,	6.75016,	-0.006315,	-0.000649,	263.348,	0.505
69,	6.75016,	-0.007923,	-0.001853,	263.344,	0.505
70,	6.75016,	-0.007620,	-0.000836,	263.342,	0.550
71,	6.75016,	-0.007598,	-0.000364,	263.340,	0.545
72,	6.75016,	-0.007172,	-0.000278,	263.338,	0.510
73,	6.75016,	-0.007236,	0.000209,	263.336,	0.505
74,	6.75016,	-0.007137,	-0.001347,	263.335,	0.500
75,	6.75016,	-0.007477,	0.000168,	263.333,	0.505
76,	6.75016,	-0.007086,	-0.000004,	263.329,	0.550
77,	6.75016,	-0.006816,	-0.000237,	263.327,	0.555
78,	6.75016,	-0.006578,	-0.000509,	263.325,	0.505
79,	6.75016,	-0.007573,	0.000749,	263.323,	0.505
80,	6.75016,	-0.007340,	-0.000711,	263.321,	0.505
81,	6.75016,	-0.007310,	0.000168,	263.319,	0.505
82,	6.75016,	-0.006509,	-0.000175,	263.315,	0.550
83,	6.75016,	-0.007452,	-0.000388,	263.314,	0.555
84,	6.75016,	-0.006944,	-0.000509,	263.312,	0.500
85,	6.75016,	-0.007287,	-0.001368,	263.307,	0.505
86,	6.75016,	-0.007706,	0.000192,	263.306,	0.510
87,	6.75016,	-0.007055,	0.000905,	263.305,	0.500
88,	6.75016,	-0.007323,	-0.000080,	263.304,	0.510
89,	6.75016,	-0.007977,	-0.000659,	263.301,	0.555
90,	6.75016,	-0.007098,	0.000394,	263.300,	0.550
91,	6.75016,	-0.006597,	-0.000623,	263.297,	0.505
92,	6.75016,	-0.007224,	-0.000353,	263.294,	0.505
93,	6.75016,	-0.006181,	-0.000603,	263.293,	0.495
94,	6.75016,	-0.007214,	-0.000259,	263.291,	0.505
95,	6.75016,	-0.006602,	-0.000166,	263.289,	0.550
96,	6.75016,	-0.007077,	-0.000892,	263.285,	0.550
97,	6.75016,	-0.006725,	-0.000181,	263.284,	0.560
98,	6.75016,	-0.007494,	-0.000216,	263.279,	0.505
99,	6.75016,	-0.007120,	0.000118,	263.278,	0.505
100,	6.75016,	-0.007264,	-0.000461,	263.277,	0.505
