Num, Lmd, sig,    mon,    Ring,  sec
#lmd,   E,  HOYAX,  Y,  Smpl,  Det, AGC X, Y, Smpl, Det
#6.70015,	185.0470,	57.000,	22.000,	4.300,	30.000,	2.400,	4.000,	69.930,	29.999

1,	6.70015,	-0.005557,	-0.004145,	265.351,	63.590
2,	6.70015,	-0.007555,	-0.000608,	265.347,	0.555
3,	6.70015,	-0.006370,	-0.000181,	265.345,	0.550
4,	6.70015,	-0.007632,	0.000036,	265.341,	0.500
5,	6.70015,	-0.006486,	-0.000058,	265.339,	0.500
6,	6.70015,	-0.006722,	-0.000509,	265.338,	0.495
7,	6.70015,	-0.005930,	-0.000170,	265.336,	0.505
8,	6.70015,	-0.007492,	-0.000864,	265.332,	0.550
9,	6.70015,	-0.006785,	-0.000853,	265.331,	0.550
10,	6.70015,	-0.006889,	-0.000412,	265.329,	0.550
11,	6.70015,	-0.007815,	0.001391,	265.325,	0.500
12,	6.70015,	-0.006706,	0.000799,	265.324,	0.495
13,	6.70015,	-0.007376,	-0.000231,	265.323,	0.505
14,	6.70015,	-0.006382,	0.000181,	265.321,	0.500
15,	6.70015,	-0.007272,	0.001411,	265.318,	0.545
16,	6.70015,	-0.006600,	0.000836,	265.316,	0.500
17,	6.70015,	-0.006798,	-0.000207,	265.312,	0.505
18,	6.70015,	-0.006219,	0.000584,	265.310,	0.500
19,	6.70015,	-0.007388,	0.000814,	265.308,	0.500
20,	6.70015,	-0.006763,	0.000523,	265.307,	0.500
21,	6.70015,	-0.007358,	0.000217,	265.305,	0.545
22,	6.70015,	-0.007450,	-0.000175,	265.301,	0.500
23,	6.70015,	-0.006580,	-0.000185,	265.299,	0.500
24,	6.70015,	-0.006426,	-0.000330,	265.299,	0.500
25,	6.70015,	-0.006568,	-0.000248,	265.297,	0.505
26,	6.70015,	-0.007478,	-0.001323,	265.292,	0.545
27,	6.70015,	-0.007200,	0.001437,	265.290,	0.550
28,	6.70015,	-0.006994,	0.000418,	265.289,	0.555
29,	6.70015,	-0.007594,	0.000590,	265.286,	0.505
30,	6.70015,	-0.007649,	-0.000375,	265.284,	0.505
31,	6.70015,	-0.007853,	0.000461,	265.283,	0.505
32,	6.70015,	-0.007464,	-0.000569,	265.280,	0.505
33,	6.70015,	-0.007184,	0.000064,	265.278,	0.550
34,	6.70015,	-0.006468,	-0.000987,	265.276,	0.550
35,	6.70015,	-0.006663,	-0.000806,	265.272,	0.495
36,	6.70015,	-0.007073,	0.000381,	265.270,	0.500
37,	6.70015,	-0.006424,	0.000129,	265.269,	0.505
38,	6.70015,	-0.007320,	0.000541,	265.267,	0.505
39,	6.70015,	-0.006776,	-0.000401,	265.263,	0.550
40,	6.70015,	-0.006127,	0.000112,	265.261,	0.500
41,	6.70015,	-0.007013,	0.000379,	265.260,	0.495
42,	6.70015,	-0.007365,	0.000426,	265.256,	0.505
43,	6.70015,	-0.006503,	0.000114,	265.255,	0.500
44,	6.70015,	-0.006776,	-0.000237,	265.253,	0.505
45,	6.70015,	-0.006855,	0.000116,	265.251,	0.550
46,	6.70019,	-0.007278,	-0.000573,	265.248,	0.550
47,	6.70015,	-0.007273,	-0.000201,	265.247,	0.500
48,	6.70015,	-0.007169,	0.000168,	265.244,	0.500
49,	6.70015,	-0.007088,	0.000159,	265.242,	0.500
50,	6.70015,	-0.006360,	-0.000353,	265.240,	0.505
51,	6.70015,	-0.007181,	0.000530,	265.238,	0.550
52,	6.70015,	-0.007430,	0.000120,	265.236,	0.555
53,	6.70015,	-0.007055,	0.000172,	265.234,	0.545
54,	6.70015,	-0.006699,	0.000564,	265.232,	0.555
55,	6.70015,	-0.007338,	-0.000394,	265.228,	0.550
56,	6.70015,	-0.006803,	0.000103,	265.227,	0.500
57,	6.70015,	-0.006578,	-0.000427,	265.225,	0.500
58,	6.70015,	-0.006937,	-0.001254,	265.224,	0.500
59,	6.70015,	-0.007471,	-0.000028,	265.219,	0.510
60,	6.70015,	-0.006612,	-0.000282,	265.217,	0.550
61,	6.70015,	-0.006566,	0.000480,	265.217,	0.550
62,	6.70015,	-0.007030,	-0.000894,	265.212,	0.545
63,	6.70015,	-0.006986,	-0.000248,	265.211,	0.560
64,	6.70015,	-0.006337,	-0.000022,	265.210,	0.500
65,	6.70015,	-0.007272,	0.000133,	265.206,	0.495
66,	6.70015,	-0.007155,	0.000607,	265.204,	0.505
67,	6.70015,	-0.006791,	-0.001105,	265.202,	0.500
68,	6.70015,	-0.006995,	-0.000375,	265.199,	0.550
69,	6.70015,	-0.006522,	0.000870,	265.197,	0.505
70,	6.70015,	-0.006842,	0.000194,	265.196,	0.500
71,	6.70019,	-0.006009,	0.000232,	265.194,	0.495
72,	6.70015,	-0.006918,	-0.000782,	265.191,	0.505
73,	6.70015,	-0.007582,	0.000013,	265.188,	0.505
74,	6.70015,	-0.006813,	0.001049,	265.187,	0.550
75,	6.70015,	-0.007191,	-0.000149,	265.183,	0.545
76,	6.70015,	-0.006663,	0.001032,	265.182,	0.500
77,	6.70015,	-0.006996,	0.000463,	265.179,	0.505
78,	6.70015,	-0.006557,	0.000877,	265.178,	0.500
79,	6.70015,	-0.007662,	-0.001107,	265.174,	0.505
80,	6.70015,	-0.007051,	-0.000448,	265.172,	0.545
81,	6.70015,	-0.007418,	-0.000347,	265.169,	0.550
82,	6.70015,	-0.006664,	0.000485,	265.167,	0.505
83,	6.70015,	-0.006954,	0.000454,	265.166,	0.500
84,	6.70015,	-0.007259,	0.001096,	265.164,	0.495
85,	6.70015,	-0.007027,	-0.001125,	265.161,	0.505
86,	6.70015,	-0.008052,	0.000138,	265.158,	0.550
87,	6.70015,	-0.006950,	0.000609,	265.157,	0.510
88,	6.70015,	-0.006947,	-0.000711,	265.155,	0.505
89,	6.70015,	-0.005903,	0.000355,	265.152,	0.505
90,	6.70015,	-0.007342,	0.000284,	265.150,	0.505
91,	6.70015,	-0.007198,	0.000144,	265.149,	0.555
92,	6.70015,	-0.007548,	0.000584,	265.148,	0.505
93,	6.70015,	-0.007205,	-0.000293,	265.144,	0.505
94,	6.70019,	-0.007246,	0.000411,	265.142,	0.500
95,	6.70019,	-0.007537,	0.000719,	265.140,	0.505
96,	6.70015,	-0.007354,	0.000431,	265.137,	0.550
97,	6.70015,	-0.006872,	-0.001222,	265.134,	0.545
98,	6.70015,	-0.007776,	-0.000287,	265.133,	0.555
99,	6.70015,	-0.006911,	-0.000371,	265.129,	0.500
100,	6.70015,	-0.008024,	-0.000201,	265.128,	0.505
