Smpl, Det, sig,    mon,    Ring,  sec
#lmd,   E,  HOYAX,  Y,  Smpl,  Det, AGC X, Y, Smpl, Det, ppsSmpl, ppsDet
#6.70015,	185.0470,	57.000,	22.000,	4.300,	30.000,	-52.700,	13.300,	-0.068,	-0.346,100,100

-0.119,	-0.443,	2.760190,	-0.000735,	243.366,	14.685
-0.022,	-0.245,	2.375332,	0.002413,	243.364,	0.550
0.068,	-0.068,	2.217044,	0.002514,	243.362,	0.490
0.155,	0.108,	2.021781,	0.002710,	243.360,	0.490
0.245,	0.284,	1.886915,	0.002337,	243.359,	0.490
0.335,	0.461,	2.022249,	0.002260,	243.358,	0.495
0.432,	0.655,	2.156662,	0.002333,	243.354,	0.535
0.518,	0.835,	2.317799,	0.001391,	243.353,	0.500
0.608,	1.012,	2.298349,	0.001954,	243.351,	0.490
0.698,	1.192,	2.455796,	0.002096,	243.349,	0.500
0.785,	1.368,	2.757720,	0.002247,	243.347,	0.490
0.882,	1.562,	2.950479,	0.002210,	243.346,	0.540
0.972,	1.739,	3.004004,	0.003037,	243.345,	0.495
1.062,	1.915,	3.014537,	0.001006,	243.342,	0.490
1.148,	2.095,	3.015433,	0.003108,	243.340,	0.495
1.238,	2.272,	3.022812,	0.002794,	243.340,	0.490
1.336,	2.466,	3.029848,	0.001002,	243.337,	0.540
1.426,	2.642,	3.032306,	0.002751,	243.335,	0.495
1.512,	2.819,	3.039414,	0.001189,	243.333,	0.490
1.602,	2.995,	3.034835,	0.002734,	243.332,	0.490
1.688,	3.175,	3.006387,	0.002253,	243.331,	0.500
1.786,	3.370,	2.978255,	0.000898,	243.327,	0.540
1.876,	3.546,	2.989224,	0.002141,	243.326,	0.485
1.966,	3.726,	3.033871,	0.002421,	243.326,	0.500
2.052,	3.902,	3.112359,	0.003319,	243.323,	0.490
2.142,	4.079,	3.203723,	0.002863,	243.320,	0.495
2.239,	4.273,	3.321988,	0.001531,	243.320,	0.540
2.329,	4.450,	3.429382,	0.003503,	243.317,	0.490
2.419,	4.630,	3.535019,	0.001975,	243.313,	0.495
2.506,	4.806,	3.641982,	0.002281,	243.313,	0.495
2.596,	4.986,	3.750695,	0.002798,	243.311,	0.500
2.693,	5.180,	3.864787,	0.002195,	243.310,	0.535
2.779,	5.357,	3.966750,	0.002096,	243.307,	0.490
2.869,	5.537,	4.064093,	0.002589,	243.306,	0.500
2.959,	5.713,	4.164287,	0.003011,	243.304,	0.490
3.049,	5.890,	4.268870,	0.002014,	243.303,	0.495
3.136,	6.066,	4.391210,	0.002772,	243.302,	0.490
3.233,	6.260,	4.527411,	0.002036,	243.300,	0.545
3.323,	6.440,	4.638066,	0.001980,	243.298,	0.490
3.413,	6.617,	4.731039,	0.001484,	243.296,	0.495
3.499,	6.797,	4.802506,	0.002115,	243.292,	0.495
3.589,	6.973,	4.880125,	0.001706,	243.291,	0.495
3.686,	7.168,	4.957125,	0.002083,	243.290,	0.540
3.776,	7.348,	5.026193,	0.002777,	243.288,	0.495
3.863,	7.524,	5.080933,	0.002273,	243.285,	0.490
3.953,	7.704,	5.130482,	0.002438,	243.283,	0.500
4.043,	7.877,	5.164933,	0.003143,	243.282,	0.485
4.140,	8.071,	5.182728,	0.002191,	243.281,	0.540
4.230,	8.251,	5.186660,	0.002477,	243.278,	0.500
4.316,	8.431,	5.183364,	0.001936,	243.276,	0.495
4.406,	8.608,	5.171612,	0.002690,	243.275,	0.495
4.496,	8.784,	5.154106,	0.002658,	243.273,	0.490
4.583,	8.964,	5.131339,	0.002535,	243.271,	0.500
4.680,	9.158,	5.104269,	0.000870,	243.270,	0.535
4.770,	9.335,	5.079785,	0.001161,	243.268,	0.495
4.860,	9.515,	5.049375,	0.001887,	243.267,	0.495
4.946,	9.691,	5.019312,	0.001613,	243.265,	0.490
5.036,	9.868,	4.988721,	0.003130,	243.264,	0.495
5.134,	10.062,	4.950857,	0.001609,	243.262,	0.540
5.224,	10.242,	4.918955,	0.002296,	243.261,	0.500
5.310,	10.418,	4.883846,	0.001167,	243.257,	0.490
5.400,	10.595,	4.848816,	0.001777,	243.255,	0.490
5.490,	10.775,	4.811229,	0.002329,	243.254,	0.500
5.587,	10.969,	4.770398,	0.001773,	243.252,	0.535
5.677,	11.146,	4.731808,	0.002565,	243.250,	0.495
5.764,	11.322,	4.691898,	0.002488,	243.248,	0.490
5.854,	11.498,	4.652100,	0.003007,	243.247,	0.490
5.944,	11.678,	4.607919,	0.002150,	243.246,	0.500
6.041,	11.873,	4.560455,	0.001467,	243.242,	0.540
6.127,	12.053,	4.519991,	0.002016,	243.241,	0.495
6.217,	12.229,	4.475309,	0.002079,	243.240,	0.495
6.304,	12.406,	4.428197,	0.002320,	243.238,	0.485
6.394,	12.586,	4.384978,	0.001779,	243.236,	0.500
6.491,	12.776,	4.328559,	0.001622,	243.233,	0.540
6.581,	12.956,	4.268439,	0.003354,	243.232,	0.495
6.671,	13.136,	4.214109,	0.002191,	243.229,	0.495
6.757,	13.313,	4.159180,	0.002677,	243.227,	0.495
6.847,	13.489,	4.101192,	0.002824,	243.226,	0.490
6.944,	13.684,	4.035090,	0.001868,	243.224,	0.540
7.034,	13.864,	3.972792,	0.001949,	243.221,	0.495
7.121,	14.040,	3.907261,	0.002397,	243.220,	0.495
7.211,	14.216,	3.841123,	0.000866,	243.220,	0.490
7.301,	14.396,	3.771037,	0.001941,	243.218,	0.500
7.398,	14.587,	3.690600,	0.002570,	243.215,	0.535
7.484,	14.767,	3.614032,	0.002410,	243.213,	0.495
7.574,	14.947,	3.533546,	0.002781,	243.213,	0.495
7.664,	15.124,	3.449806,	0.002925,	243.211,	0.490
7.754,	15.300,	3.362659,	0.003016,	243.209,	0.495
7.848,	15.494,	3.261851,	0.002654,	243.207,	0.540
7.938,	15.674,	3.166528,	0.002176,	243.205,	0.495
8.028,	15.851,	3.066334,	0.002798,	243.204,	0.495
8.118,	16.031,	2.959359,	0.003272,	243.201,	0.495
8.204,	16.207,	2.847983,	0.002372,	243.199,	0.490
8.302,	16.402,	2.719279,	0.001708,	243.198,	0.545
8.392,	16.582,	2.599373,	0.003393,	243.195,	0.495
8.482,	16.758,	2.473299,	0.002559,	243.194,	0.490
8.572,	16.934,	2.339141,	0.002772,	243.192,	0.495
8.658,	17.111,	2.202476,	0.002830,	243.192,	0.495
8.755,	17.309,	2.049095,	0.001609,	243.190,	0.540
8.845,	17.485,	1.906550,	0.003408,	243.186,	0.495
8.935,	17.662,	1.765795,	0.002132,	243.185,	0.490
9.022,	17.842,	1.627379,	0.002255,	243.183,	0.500
9.112,	18.018,	1.490660,	0.002708,	243.182,	0.485
9.209,	18.212,	1.343304,	0.002033,	243.179,	0.545
9.299,	18.389,	1.219197,	0.003524,	243.177,	0.495
9.385,	18.565,	1.102601,	0.001613,	243.177,	0.490
9.475,	18.745,	0.998390,	0.003093,	243.173,	0.495
9.565,	18.922,	0.906147,	0.001818,	243.172,	0.495
9.662,	19.120,	0.820489,	0.002746,	243.170,	0.545
9.749,	19.296,	0.757406,	0.003289,	243.169,	0.490
9.839,	19.476,	0.706910,	0.003431,	243.165,	0.495
9.929,	19.652,	0.668008,	0.001876,	243.164,	0.495
10.019,	19.829,	0.637775,	0.003233,	243.162,	0.490
10.116,	20.023,	0.616098,	0.002385,	243.161,	0.540
10.202,	20.200,	0.603143,	0.001855,	243.158,	0.495
10.292,	20.380,	0.592187,	0.001980,	243.158,	0.490
10.382,	20.556,	0.583297,	0.002214,	243.156,	0.495
10.469,	20.732,	0.575975,	0.003235,	243.155,	0.495
10.559,	20.912,	0.569016,	0.002602,	243.153,	0.495
10.656,	21.107,	0.558507,	0.003054,	243.151,	0.540
10.746,	21.287,	0.546342,	0.001962,	243.148,	0.495
10.832,	21.463,	0.530333,	0.002609,	243.147,	0.495
10.922,	21.640,	0.512836,	0.002893,	243.144,	0.490
11.012,	21.820,	0.491996,	0.002068,	243.144,	0.495
11.110,	22.010,	0.467653,	0.002626,	243.141,	0.540
11.196,	22.190,	0.442601,	0.001975,	243.140,	0.495
11.286,	22.367,	0.415966,	0.002626,	243.137,	0.490
11.376,	22.543,	0.388788,	0.002245,	243.136,	0.495
11.462,	22.723,	0.359391,	0.002275,	243.134,	0.495
11.560,	22.918,	0.327980,	0.002227,	243.132,	0.535
11.650,	23.094,	0.297769,	0.001725,	243.130,	0.495
11.740,	23.274,	0.270151,	0.002755,	243.128,	0.495
11.826,	23.450,	0.242658,	0.002098,	243.127,	0.495
11.916,	23.627,	0.216721,	0.002654,	243.125,	0.490
12.006,	23.807,	0.192374,	0.002675,	243.123,	0.495
12.103,	24.001,	0.167293,	0.001775,	243.122,	0.545
12.190,	24.178,	0.147330,	0.003065,	243.120,	0.490
12.280,	24.354,	0.130660,	0.002897,	243.118,	0.490
12.370,	24.534,	0.115625,	0.002169,	243.114,	0.500
12.456,	24.710,	0.104106,	0.002359,	243.114,	0.490
12.553,	24.905,	0.092722,	0.001768,	243.112,	0.540
12.643,	25.085,	0.086486,	0.001721,	243.110,	0.495
12.733,	25.258,	0.079653,	0.002195,	243.108,	0.490
12.820,	25.438,	0.076298,	0.002382,	243.106,	0.495
12.910,	25.614,	0.074667,	0.002447,	243.105,	0.490
13.007,	25.808,	0.075264,	0.000536,	243.103,	0.540
13.097,	25.988,	0.076710,	0.003487,	243.100,	0.495
13.183,	26.165,	0.079495,	0.002828,	243.099,	0.490
13.273,	26.341,	0.082330,	0.003257,	243.098,	0.495
13.363,	26.521,	0.086908,	0.002363,	243.097,	0.495
13.460,	26.712,	0.091314,	0.002285,	243.094,	0.540
13.547,	26.892,	0.095738,	0.003029,	243.092,	0.495
13.637,	27.068,	0.101209,	0.001077,	243.091,	0.490
13.727,	27.248,	0.105144,	0.001954,	243.088,	0.500
13.813,	27.425,	0.109800,	0.002677,	243.088,	0.490
13.910,	27.619,	0.111865,	0.001301,	243.086,	0.540
14.000,	27.796,	0.115484,	0.002529,	243.084,	0.490
14.090,	27.976,	0.116817,	0.002150,	243.080,	0.495
14.180,	28.152,	0.118132,	0.002975,	243.079,	0.495
14.267,	28.328,	0.117819,	0.002475,	243.077,	0.490
14.364,	28.523,	0.116587,	0.001762,	243.076,	0.545
14.454,	28.703,	0.116336,	0.002473,	243.072,	0.490
14.544,	28.879,	0.114472,	0.002010,	243.072,	0.495
14.630,	29.056,	0.112235,	0.002391,	243.070,	0.490
14.720,	29.236,	0.108136,	0.003179,	243.068,	0.500
14.818,	29.426,	0.105310,	0.001385,	243.066,	0.535
14.904,	29.603,	0.100108,	0.002774,	243.064,	0.490
14.994,	29.783,	0.093972,	0.001288,	243.062,	0.495
15.084,	29.959,	0.089658,	0.002247,	243.062,	0.490
15.170,	30.139,	0.084165,	0.002247,	243.059,	0.500
15.268,	30.334,	0.075979,	0.002055,	243.057,	0.540
15.358,	30.510,	0.071232,	0.002389,	243.056,	0.490
15.448,	30.690,	0.064613,	0.001486,	243.054,	0.500
15.534,	30.866,	0.058712,	0.002559,	243.052,	0.490
15.624,	31.043,	0.053377,	0.002102,	243.049,	0.490
15.721,	31.241,	0.046211,	0.001366,	243.048,	0.545
15.811,	31.417,	0.040836,	0.001585,	243.045,	0.490
15.901,	31.594,	0.035186,	0.002042,	243.045,	0.500
15.988,	31.770,	0.031450,	0.002710,	243.043,	0.485
16.078,	31.950,	0.027146,	0.002753,	243.041,	0.500
16.175,	32.144,	0.022766,	0.002236,	243.041,	0.540
16.265,	32.321,	0.019442,	0.002899,	243.036,	0.490
16.351,	32.501,	0.015822,	0.002602,	243.036,	0.500
16.441,	32.677,	0.014177,	0.003425,	243.033,	0.495
16.531,	32.857,	0.012381,	0.003128,	243.032,	0.495
16.628,	33.052,	0.010044,	0.002180,	243.030,	0.535
16.715,	33.224,	0.009040,	0.001771,	243.028,	0.490
16.805,	33.404,	0.006618,	0.001730,	243.027,	0.500
16.895,	33.584,	0.006681,	0.002908,	243.025,	0.490
16.981,	33.761,	0.008053,	0.002354,	243.022,	0.500
17.082,	33.955,	0.007518,	0.000739,	243.021,	0.540
17.168,	34.135,	0.008871,	0.002772,	243.019,	0.500
17.258,	34.312,	0.009363,	0.002391,	243.017,	0.485
17.348,	34.492,	0.011235,	0.001992,	243.014,	0.500
17.438,	34.668,	0.010672,	0.002148,	243.014,	0.490
17.536,	34.866,	0.012529,	0.002059,	243.013,	0.550
17.622,	35.042,	0.014300,	0.003733,	243.008,	0.490
17.712,	35.219,	0.015871,	0.002365,	243.008,	0.490
17.802,	35.399,	0.016749,	0.002339,	243.007,	0.495
17.892,	35.575,	0.019411,	0.002238,	243.005,	0.500
17.978,	35.752,	0.019872,	0.002447,	243.001,	0.485
18.076,	35.946,	0.022371,	0.001641,	243.001,	0.545
18.166,	36.126,	0.022895,	0.002445,	242.999,	0.495
18.256,	36.302,	0.024148,	0.002710,	242.998,	0.490
18.342,	36.482,	0.024400,	0.003115,	242.995,	0.500
18.432,	36.659,	0.024463,	0.001600,	242.994,	0.490
18.529,	36.853,	0.023954,	0.001314,	242.992,	0.540
18.619,	37.033,	0.026586,	0.002387,	242.989,	0.500
18.706,	37.206,	0.025599,	0.001870,	242.987,	0.485
18.796,	37.386,	0.025547,	0.002574,	242.986,	0.500
18.886,	37.566,	0.026830,	0.002195,	242.984,	0.490
18.983,	37.757,	0.025176,	0.002223,	242.983,	0.540
19.069,	37.937,	0.025298,	0.002318,	242.980,	0.495
19.159,	38.113,	0.024711,	0.002012,	242.978,	0.490
19.249,	38.293,	0.023551,	0.002102,	242.977,	0.505
19.336,	38.470,	0.022679,	0.002247,	242.976,	0.490
19.433,	38.664,	0.020688,	0.002509,	242.973,	0.535
19.523,	38.844,	0.020033,	0.001962,	242.971,	0.500
19.613,	39.017,	0.019249,	0.002346,	242.969,	0.485
19.699,	39.197,	0.019439,	0.002645,	242.967,	0.500
19.789,	39.373,	0.016052,	0.002768,	242.965,	0.490
19.886,	39.568,	0.014571,	0.001906,	242.963,	0.540
19.976,	39.748,	0.013550,	0.002449,	242.963,	0.500
20.063,	39.924,	0.011757,	0.003061,	242.960,	0.485
20.153,	40.100,	0.009743,	0.001676,	242.959,	0.495
20.243,	40.280,	0.008070,	0.003442,	242.957,	0.495
20.340,	40.475,	0.006788,	0.002033,	242.955,	0.540
20.430,	40.651,	0.005395,	0.001251,	242.953,	0.495
20.516,	40.828,	0.004250,	0.003035,	242.951,	0.490
20.606,	41.008,	0.004154,	0.002591,	242.949,	0.500
20.696,	41.184,	0.002429,	0.002854,	242.948,	0.490
20.794,	41.378,	-0.000436,	0.001947,	242.945,	0.540
20.880,	41.558,	-0.000187,	0.002100,	242.943,	0.500
20.970,	41.735,	-0.000208,	0.002742,	242.941,	0.485
21.060,	41.915,	-0.002269,	0.001984,	242.940,	0.500
21.146,	42.091,	-0.002807,	0.001865,	242.938,	0.490
21.244,	42.286,	-0.003503,	0.001665,	242.937,	0.535
21.334,	42.462,	-0.003863,	0.002637,	242.936,	0.500
21.424,	42.638,	-0.004258,	0.001553,	242.934,	0.490
21.514,	42.818,	-0.004119,	0.002036,	242.931,	0.500
21.600,	42.995,	-0.003834,	0.001544,	242.929,	0.490
21.697,	43.189,	-0.004595,	0.002260,	242.929,	0.540
21.787,	43.369,	-0.004199,	0.001762,	242.926,	0.500
21.874,	43.546,	-0.003936,	0.003175,	242.924,	0.485
21.964,	43.722,	-0.004563,	0.002667,	242.923,	0.495
22.054,	43.902,	-0.002555,	0.002298,	242.922,	0.495
22.151,	44.093,	-0.004439,	0.003451,	242.921,	0.535
22.241,	44.273,	-0.003432,	0.003050,	242.918,	0.500
22.327,	44.449,	-0.001506,	0.001269,	242.916,	0.490
22.417,	44.629,	-0.004013,	0.002079,	242.915,	0.495
22.507,	44.806,	-0.001344,	0.002173,	242.912,	0.495
22.604,	45.004,	-0.001938,	0.001945,	242.911,	0.545
22.691,	45.180,	-0.000631,	0.002240,	242.909,	0.490
22.781,	45.356,	-0.000558,	0.002509,	242.908,	0.495
22.871,	45.536,	0.000078,	0.001564,	242.904,	0.495
22.957,	45.713,	0.000440,	0.002247,	242.903,	0.490
23.058,	45.907,	0.000041,	0.001896,	242.902,	0.545
23.144,	46.087,	0.001661,	0.003029,	242.900,	0.495
23.234,	46.264,	0.002759,	0.002736,	242.897,	0.495
23.324,	46.440,	0.002139,	0.002236,	242.897,	0.490
23.411,	46.620,	0.001841,	0.003287,	242.895,	0.500
23.508,	46.814,	0.003688,	0.002680,	242.893,	0.540
23.598,	46.991,	0.003343,	0.002503,	242.891,	0.490
23.688,	47.171,	0.003026,	0.002680,	242.890,	0.500
23.774,	47.347,	0.003709,	0.001210,	242.889,	0.485
23.864,	47.527,	0.002692,	0.002660,	242.887,	0.505
23.962,	47.722,	0.001793,	0.002329,	242.884,	0.535
24.052,	47.898,	0.002665,	0.002779,	242.883,	0.495
24.142,	48.074,	0.001752,	0.002757,	242.882,	0.490
24.228,	48.251,	0.002000,	0.002223,	242.880,	0.495
24.318,	48.431,	0.001703,	0.002316,	242.877,	0.495
24.415,	48.625,	0.000811,	0.002430,	242.875,	0.540
24.505,	48.805,	0.001881,	0.002055,	242.874,	0.495
24.595,	48.982,	0.001221,	0.003518,	242.872,	0.495
24.682,	49.158,	0.000231,	0.001006,	242.870,	0.490
24.772,	49.338,	0.003405,	0.002387,	242.868,	0.495
24.869,	49.532,	-0.001625,	0.001870,	242.867,	0.540
24.959,	49.709,	-0.000868,	0.002311,	242.864,	0.495
25.045,	49.889,	-0.001963,	0.002983,	242.862,	0.495
25.135,	50.065,	-0.002115,	0.001277,	242.861,	0.490
25.222,	50.242,	-0.003011,	0.002122,	242.860,	0.495
25.322,	50.436,	-0.003126,	0.003057,	242.857,	0.540
25.409,	50.616,	-0.004605,	0.002968,	242.856,	0.495
25.499,	50.792,	-0.005117,	0.002331,	242.854,	0.490
25.585,	50.969,	-0.004767,	0.001964,	242.853,	0.490
25.675,	51.149,	-0.002597,	0.002257,	242.851,	0.500
25.772,	51.340,	-0.005303,	0.001562,	242.849,	0.540
25.862,	51.520,	-0.005470,	0.003046,	242.846,	0.495
25.952,	51.696,	-0.005935,	0.002158,	242.845,	0.490
26.039,	51.872,	-0.006030,	0.002393,	242.844,	0.495
26.129,	52.052,	-0.006177,	0.003057,	242.843,	0.495
26.226,	52.247,	-0.006421,	0.001452,	242.840,	0.535
26.316,	52.423,	-0.005716,	0.001913,	242.839,	0.495
26.402,	52.603,	-0.006615,	0.001887,	242.835,	0.495
26.492,	52.780,	-0.006297,	0.001784,	242.834,	0.490
26.582,	52.956,	-0.006809,	0.002671,	242.832,	0.495
26.680,	53.150,	-0.007960,	0.001318,	242.832,	0.545
26.766,	53.330,	-0.007264,	0.002238,	242.829,	0.495
26.856,	53.507,	-0.006248,	0.001771,	242.827,	0.490
26.946,	53.687,	-0.006599,	0.003001,	242.826,	0.495
27.032,	53.863,	-0.006497,	0.002621,	242.824,	0.495
27.130,	54.058,	-0.006849,	0.001706,	242.821,	0.535
27.220,	54.238,	-0.006314,	0.002671,	242.820,	0.505
27.310,	54.414,	-0.006595,	0.002600,	242.819,	0.485
27.400,	54.590,	-0.006084,	0.001870,	242.817,	0.495
27.486,	54.770,	-0.006293,	0.002856,	242.814,	0.495
27.583,	54.961,	-0.006938,	0.000525,	242.813,	0.540
27.673,	55.141,	-0.005822,	0.002018,	242.811,	0.495
27.763,	55.318,	-0.006525,	0.002565,	242.809,	0.490
27.850,	55.498,	-0.004986,	0.004017,	242.807,	0.500
27.940,	55.674,	-0.004371,	0.001323,	242.805,	0.490
28.037,	55.868,	-0.005647,	0.002428,	242.805,	0.535
28.127,	56.048,	-0.005328,	0.002014,	242.801,	0.500
28.213,	56.225,	-0.005098,	0.002010,	242.799,	0.490
28.303,	56.401,	-0.004840,	0.001945,	242.798,	0.495
28.393,	56.581,	-0.004729,	0.003205,	242.795,	0.495
28.490,	56.772,	-0.004429,	0.002264,	242.794,	0.540
28.577,	56.952,	-0.004124,	0.001904,	242.792,	0.490
28.667,	57.128,	-0.004240,	0.001917,	242.791,	0.495
28.757,	57.308,	-0.004042,	0.001857,	242.790,	0.500
28.843,	57.485,	-0.004517,	0.003134,	242.788,	0.490
28.940,	57.679,	-0.003240,	0.002434,	242.785,	0.535
29.041,	57.874,	-0.003870,	0.001195,	242.784,	0.550
29.138,	58.068,	-0.003765,	0.000741,	242.782,	0.535
29.225,	58.244,	-0.003654,	0.001915,	242.778,	0.495
29.315,	58.424,	-0.003742,	0.001286,	242.778,	0.490
29.405,	58.601,	-0.004178,	0.002843,	242.776,	0.495
29.491,	58.781,	-0.002283,	0.002324,	242.775,	0.495
29.588,	58.975,	-0.000950,	0.000401,	242.772,	0.540
29.678,	59.152,	-0.001918,	0.002690,	242.771,	0.490
29.768,	59.328,	-0.001778,	0.002695,	242.769,	0.500
29.855,	59.508,	-0.000036,	0.002712,	242.767,	0.490
29.945,	59.684,	-0.002514,	0.001932,	242.766,	0.500
30.042,	59.879,	-0.003245,	0.002264,	242.764,	0.540
30.132,	60.055,	-0.003958,	0.002626,	242.762,	0.485
30.218,	60.235,	-0.004105,	0.001743,	242.759,	0.500
30.308,	60.412,	-0.002996,	0.003100,	242.758,	0.490
30.398,	60.592,	-0.001004,	0.002357,	242.756,	0.495
30.496,	60.786,	-0.001415,	0.001775,	242.755,	0.540
30.582,	60.962,	-0.001027,	0.002339,	242.752,	0.490
30.672,	61.139,	-0.003789,	0.003281,	242.751,	0.495
30.762,	61.319,	-0.004420,	0.002723,	242.749,	0.495
30.848,	61.495,	-0.002906,	0.002641,	242.747,	0.490
30.946,	61.690,	-0.003728,	0.002042,	242.744,	0.540
31.036,	61.866,	-0.006061,	0.001932,	242.743,	0.495
31.126,	62.042,	-0.007185,	0.002585,	242.742,	0.490
31.212,	62.222,	-0.008982,	0.001786,	242.740,	0.495
31.302,	62.399,	-0.005892,	0.002615,	242.737,	0.490
31.399,	62.593,	-0.006328,	0.001943,	242.736,	0.550
31.489,	62.770,	-0.008670,	0.002497,	242.735,	0.490
31.576,	62.950,	-0.008055,	0.002798,	242.731,	0.495
31.666,	63.126,	-0.007580,	0.001656,	242.730,	0.495
31.756,	63.306,	-0.008369,	0.002516,	242.730,	0.490
31.853,	63.497,	-0.008469,	0.000454,	242.728,	0.540
31.939,	63.677,	-0.006978,	0.001536,	242.725,	0.490
32.029,	63.853,	-0.008186,	0.002380,	242.723,	0.495
32.119,	64.033,	-0.007485,	0.003035,	242.721,	0.500
32.206,	64.210,	-0.007188,	0.003098,	242.719,	0.485
32.303,	64.404,	-0.007111,	0.002216,	242.719,	0.545
32.393,	64.580,	-0.006091,	0.002537,	242.716,	0.490
32.483,	64.760,	-0.007725,	0.001988,	242.714,	0.500
32.569,	64.937,	-0.011583,	0.003065,	242.713,	0.490
32.659,	65.113,	-0.009586,	0.002255,	242.712,	0.490
32.756,	65.308,	-0.009173,	0.001471,	242.709,	0.540
32.846,	65.488,	-0.008364,	0.002583,	242.707,	0.495
32.936,	65.664,	-0.008143,	0.003804,	242.706,	0.495
33.023,	65.844,	-0.007699,	0.001930,	242.704,	0.500
33.113,	66.020,	-0.007717,	0.003709,	242.702,	0.490
33.210,	66.215,	-0.007761,	0.002083,	242.700,	0.540
33.300,	66.391,	-0.007446,	0.002492,	242.697,	0.490
33.386,	66.571,	-0.007926,	0.003410,	242.696,	0.500
33.476,	66.748,	-0.005965,	0.003815,	242.694,	0.495
33.566,	66.928,	-0.006253,	0.002337,	242.693,	0.500
33.664,	67.122,	-0.007380,	0.002649,	242.691,	0.535
33.754,	67.298,	-0.006942,	0.001654,	242.689,	0.490
33.840,	67.478,	-0.006512,	0.002850,	242.687,	0.500
33.930,	67.655,	-0.006231,	0.002561,	242.686,	0.490
34.020,	67.835,	-0.006331,	0.001999,	242.685,	0.500
34.106,	68.011,	-0.006863,	0.001435,	242.682,	0.485
34.204,	68.206,	-0.007107,	0.001904,	242.680,	0.545
34.294,	68.382,	-0.005064,	0.002070,	242.679,	0.495
34.384,	68.562,	-0.005486,	0.002225,	242.678,	0.495
34.474,	68.738,	-0.006072,	0.002430,	242.675,	0.495
34.560,	68.915,	-0.005877,	0.003440,	242.673,	0.485
34.657,	69.109,	-0.005888,	0.001928,	242.672,	0.545
34.747,	69.289,	-0.006455,	0.002557,	242.669,	0.495
34.834,	69.466,	-0.005798,	0.003477,	242.668,	0.495
34.924,	69.642,	-0.006058,	0.003192,	242.666,	0.490
35.014,	69.822,	-0.005548,	0.002942,	242.664,	0.490
35.111,	70.016,	-0.006148,	0.002329,	242.662,	0.550
35.201,	70.193,	-0.005786,	0.002318,	242.659,	0.490
35.287,	70.373,	-0.006024,	0.002932,	242.659,	0.495
35.377,	70.549,	-0.005888,	0.002143,	242.658,	0.495
35.467,	70.729,	-0.006135,	0.002122,	242.656,	0.495
35.564,	70.924,	-0.006677,	0.001624,	242.653,	0.540
35.654,	71.100,	-0.006707,	0.002807,	242.653,	0.495
35.744,	71.280,	-0.004788,	0.002057,	242.650,	0.495
35.831,	71.460,	-0.006034,	0.003231,	242.647,	0.500
35.921,	71.636,	-0.005888,	0.002301,	242.646,	0.490
36.018,	71.831,	-0.006113,	0.001202,	242.644,	0.540
36.108,	72.007,	-0.006009,	0.003207,	242.643,	0.495
36.194,	72.184,	-0.006353,	0.002734,	242.640,	0.490
36.284,	72.364,	-0.006023,	0.002753,	242.639,	0.500
36.374,	72.544,	-0.005924,	0.002061,	242.638,	0.490
36.472,	72.734,	-0.006861,	0.001768,	242.636,	0.540
36.558,	72.914,	-0.006447,	0.002598,	242.634,	0.495
36.648,	73.091,	-0.005984,	0.002518,	242.632,	0.490
36.738,	73.267,	-0.006669,	0.002281,	242.630,	0.495
36.824,	73.447,	-0.005714,	0.001687,	242.628,	0.495
36.922,	73.642,	-0.006041,	0.003160,	242.626,	0.540
37.012,	73.818,	-0.006984,	0.002658,	242.624,	0.495
37.102,	73.994,	-0.006245,	0.001784,	242.624,	0.490
37.188,	74.174,	-0.006518,	0.001980,	242.622,	0.500
37.278,	74.351,	-0.006689,	0.003042,	242.619,	0.490
37.375,	74.545,	-0.007176,	0.000474,	242.617,	0.540
37.465,	74.725,	-0.005637,	0.002828,	242.617,	0.500
37.555,	74.902,	-0.006569,	0.002042,	242.614,	0.490
37.642,	75.082,	-0.005879,	0.003574,	242.612,	0.495
37.732,	75.258,	-0.006119,	0.002292,	242.611,	0.490
37.829,	75.452,	-0.005757,	0.002374,	242.609,	0.540
37.919,	75.629,	-0.006445,	0.002376,	242.607,	0.495
38.005,	75.805,	-0.006763,	0.002188,	242.604,	0.490
38.095,	75.985,	-0.005980,	0.001880,	242.603,	0.500
38.185,	76.162,	-0.007498,	0.002225,	242.602,	0.490
38.272,	76.338,	-0.007184,	0.003106,	242.601,	0.490
38.369,	76.536,	-0.007267,	0.002839,	242.598,	0.550
38.459,	76.712,	-0.007265,	0.001986,	242.598,	0.490
38.549,	76.892,	-0.006470,	0.002492,	242.596,	0.495
38.635,	77.069,	-0.006257,	0.002374,	242.593,	0.490
38.725,	77.249,	-0.007210,	0.001781,	242.592,	0.495
38.822,	77.440,	-0.007462,	0.001590,	242.590,	0.540
38.912,	77.620,	-0.007196,	0.002645,	242.589,	0.490
39.002,	77.796,	-0.007116,	0.004030,	242.587,	0.500
39.089,	77.972,	-0.005996,	0.002417,	242.585,	0.490
39.179,	78.152,	-0.006459,	0.000918,	242.583,	0.500
39.276,	78.347,	-0.007097,	0.002367,	242.581,	0.540
39.366,	78.527,	-0.005209,	0.002027,	242.578,	0.495
39.452,	78.703,	-0.006496,	0.002120,	242.576,	0.490
39.542,	78.880,	-0.007011,	0.002137,	242.576,	0.495
39.632,	79.060,	-0.006798,	0.002484,	242.575,	0.495
39.730,	79.254,	-0.006393,	0.001669,	242.571,	0.540
39.820,	79.430,	-0.006689,	0.003253,	242.570,	0.495
39.906,	79.607,	-0.006505,	0.002727,	242.569,	0.490
