Num, Lmd, sig,    mon,    Ring,  sec
#lmd,   E,  HOYAX,  Y,  Smpl,  Det, AGC X, Y, Smpl, Det
#6.50014,	190.7409,	57.000,	22.000,	4.300,	30.000,	-24.600,	3.500,	69.930,	29.999

1,	6.50014,	-0.006271,	-0.003057,	261.620,	69.575
2,	6.50014,	-0.007318,	-0.000866,	261.616,	0.555
3,	6.50014,	-0.007534,	-0.000399,	261.615,	0.555
4,	6.50014,	-0.006964,	-0.000097,	261.612,	0.505
5,	6.50014,	-0.007752,	-0.000463,	261.610,	0.505
6,	6.50014,	-0.006811,	0.001370,	261.609,	0.505
7,	6.50014,	-0.007303,	-0.000515,	261.606,	0.505
8,	6.50014,	-0.007146,	0.000310,	261.603,	0.555
9,	6.50014,	-0.007416,	-0.000711,	261.602,	0.505
10,	6.50014,	-0.007571,	0.000166,	261.600,	0.505
11,	6.50014,	-0.007185,	0.000478,	261.595,	0.505
12,	6.50014,	-0.007456,	0.000672,	261.594,	0.500
13,	6.50014,	-0.006674,	-0.000944,	261.592,	0.545
14,	6.50014,	-0.006784,	-0.001614,	261.591,	0.560
15,	6.50014,	-0.007616,	-0.000043,	261.587,	0.505
16,	6.50014,	-0.006876,	0.000670,	261.586,	0.505
17,	6.50014,	-0.007241,	-0.000560,	261.585,	0.505
18,	6.50014,	-0.007120,	-0.000601,	261.583,	0.505
19,	6.50014,	-0.007130,	-0.000328,	261.579,	0.545
20,	6.50014,	-0.007402,	-0.000842,	261.579,	0.505
21,	6.50014,	-0.007328,	-0.000808,	261.574,	0.510
22,	6.50014,	-0.007085,	0.000581,	261.572,	0.505
23,	6.50014,	-0.007122,	0.000560,	261.571,	0.505
24,	6.50014,	-0.007347,	0.000659,	261.570,	0.550
25,	6.50014,	-0.007757,	-0.000060,	261.568,	0.555
26,	6.50014,	-0.007127,	-0.001245,	261.566,	0.500
27,	6.50014,	-0.006898,	-0.000709,	261.564,	0.510
28,	6.50014,	-0.006866,	0.000200,	261.561,	0.500
29,	6.50014,	-0.007316,	0.000523,	261.559,	0.505
30,	6.50014,	-0.007016,	-0.000403,	261.557,	0.550
31,	6.50014,	-0.007034,	-0.000334,	261.554,	0.510
32,	6.50014,	-0.006706,	-0.000114,	261.553,	0.505
33,	6.50014,	-0.007858,	-0.000272,	261.550,	0.505
34,	6.50014,	-0.006277,	-0.000168,	261.548,	0.505
35,	6.50014,	-0.007068,	0.000476,	261.545,	0.550
36,	6.50014,	-0.007355,	-0.000155,	261.544,	0.505
37,	6.50014,	-0.007466,	0.000405,	261.543,	0.510
38,	6.50014,	-0.007577,	-0.000472,	261.540,	0.505
39,	6.50014,	-0.007455,	-0.001073,	261.536,	0.505
40,	6.50014,	-0.007150,	-0.000642,	261.536,	0.555
41,	6.50014,	-0.007206,	-0.001254,	261.534,	0.500
42,	6.50014,	-0.007235,	-0.000067,	261.531,	0.510
43,	6.50014,	-0.007827,	-0.000961,	261.529,	0.505
44,	6.50014,	-0.007464,	-0.000213,	261.528,	0.500
45,	6.50014,	-0.006488,	-0.000244,	261.526,	0.555
46,	6.50014,	-0.007268,	0.000049,	261.523,	0.500
47,	6.50014,	-0.007815,	-0.000907,	261.520,	0.505
48,	6.50014,	-0.007532,	0.000282,	261.518,	0.505
49,	6.50014,	-0.007084,	0.000297,	261.517,	0.505
50,	6.50014,	-0.006865,	-0.000506,	261.514,	0.555
51,	6.50014,	-0.007072,	-0.000280,	261.512,	0.555
52,	6.50014,	-0.007158,	0.000986,	261.508,	0.505
53,	6.50014,	-0.006986,	0.000243,	261.507,	0.505
54,	6.50014,	-0.007179,	0.000396,	261.505,	0.505
55,	6.50014,	-0.007653,	0.000123,	261.503,	0.505
56,	6.50014,	-0.007821,	-0.000554,	261.500,	0.550
57,	6.50014,	-0.007204,	0.000213,	261.499,	0.505
58,	6.50014,	-0.007372,	-0.000584,	261.497,	0.510
59,	6.50014,	-0.007326,	0.001187,	261.494,	0.505
60,	6.50014,	-0.007086,	-0.000278,	261.491,	0.500
61,	6.50014,	-0.006914,	-0.000623,	261.490,	0.550
62,	6.50014,	-0.007248,	-0.000209,	261.488,	0.510
63,	6.50014,	-0.007042,	-0.000636,	261.486,	0.500
64,	6.50014,	-0.007201,	0.000241,	261.485,	0.505
65,	6.50014,	-0.006767,	0.000168,	261.482,	0.510
66,	6.50014,	-0.007409,	-0.000274,	261.481,	0.505
67,	6.50014,	-0.006846,	0.000280,	261.477,	0.555
68,	6.50014,	-0.007465,	-0.000229,	261.476,	0.555
69,	6.50014,	-0.006639,	0.000831,	261.473,	0.505
70,	6.50014,	-0.007774,	-0.000511,	261.471,	0.505
71,	6.50014,	-0.006793,	-0.000045,	261.469,	0.505
72,	6.50014,	-0.007295,	0.001376,	261.468,	0.505
73,	6.50014,	-0.007351,	0.000890,	261.466,	0.550
74,	6.50014,	-0.007145,	0.000515,	261.464,	0.545
75,	6.50014,	-0.007176,	0.000373,	261.461,	0.505
76,	6.50014,	-0.006856,	0.000517,	261.458,	0.505
77,	6.50014,	-0.007564,	-0.000076,	261.456,	0.505
78,	6.50014,	-0.007268,	0.000429,	261.455,	0.505
79,	6.50014,	-0.007503,	-0.000020,	261.453,	0.550
80,	6.50014,	-0.007217,	0.000360,	261.450,	0.550
81,	6.50014,	-0.007287,	0.000806,	261.448,	0.505
82,	6.50014,	-0.008148,	-0.001189,	261.447,	0.505
83,	6.50014,	-0.008621,	-0.000084,	261.444,	0.510
84,	6.50014,	-0.006583,	0.000653,	261.441,	0.505
85,	6.50014,	-0.007221,	-0.001375,	261.439,	0.550
86,	6.50014,	-0.006875,	-0.000433,	261.437,	0.510
87,	6.50014,	-0.007332,	0.001264,	261.435,	0.505
88,	6.50014,	-0.007077,	0.000198,	261.433,	0.500
89,	6.50014,	-0.006497,	-0.000241,	261.432,	0.505
90,	6.50014,	-0.007382,	-0.000543,	261.429,	0.555
91,	6.50014,	-0.007506,	-0.000855,	261.427,	0.505
92,	6.50014,	-0.006931,	-0.000142,	261.426,	0.510
93,	6.50014,	-0.007202,	0.000004,	261.423,	0.505
94,	6.50014,	-0.007066,	0.000958,	261.422,	0.505
95,	6.50014,	-0.007477,	-0.000121,	261.420,	0.500
96,	6.50014,	-0.006919,	0.000441,	261.418,	0.555
97,	6.50014,	-0.006904,	0.000373,	261.414,	0.505
98,	6.50014,	-0.007431,	0.000398,	261.413,	0.505
99,	6.50014,	-0.007393,	-0.001095,	261.411,	0.505
100,	6.50014,	-0.007739,	-0.000870,	261.407,	0.505
