Num, Lmd, sig,    mon,    Ring,  sec
#lmd,   E,  HOYAX,  Y,  Smpl,  Det, AGC X, Y, Smpl, Det
#6.60012,	187.8515,	57.000,	22.000,	4.300,	30.000,	52.600,	5.000,	69.930,	29.999

1,	6.60012,	-0.005324,	-0.002549,	288.126,	77.350
2,	6.60012,	-0.005557,	0.000633,	288.123,	0.550
3,	6.60012,	-0.007293,	0.000510,	288.121,	0.550
4,	6.60012,	-0.006788,	0.000039,	288.117,	0.500
5,	6.60012,	-0.006010,	-0.000715,	288.115,	0.500
6,	6.60012,	-0.005984,	-0.000239,	288.113,	0.500
7,	6.60012,	-0.006658,	-0.000246,	288.110,	0.505
8,	6.60012,	-0.006386,	-0.000724,	288.107,	0.550
9,	6.60012,	-0.006426,	0.000241,	288.105,	0.545
10,	6.60012,	-0.006608,	0.000192,	288.101,	0.505
11,	6.60012,	-0.005408,	-0.000274,	288.099,	0.500
12,	6.60012,	-0.007641,	0.000422,	288.097,	0.505
13,	6.60012,	-0.006011,	0.000726,	288.095,	0.505
14,	6.60012,	-0.006265,	-0.000890,	288.091,	0.555
15,	6.60012,	-0.005884,	-0.000425,	288.089,	0.505
16,	6.60012,	-0.006361,	-0.000715,	288.087,	0.505
17,	6.60012,	-0.006603,	-0.000463,	288.085,	0.505
18,	6.60012,	-0.006889,	0.000088,	288.082,	0.505
19,	6.60012,	-0.005752,	-0.001547,	288.079,	0.500
20,	6.60012,	-0.007154,	-0.001405,	288.077,	0.560
21,	6.60012,	-0.005784,	0.000457,	288.072,	0.555
22,	6.60012,	-0.006697,	-0.000246,	288.070,	0.505
23,	6.60012,	-0.006118,	-0.001222,	288.069,	0.500
24,	6.60012,	-0.005953,	0.000388,	288.065,	0.505
25,	6.60012,	-0.007017,	0.000502,	288.063,	0.510
26,	6.60012,	-0.006798,	0.000637,	288.061,	0.505
27,	6.60012,	-0.006665,	0.000142,	288.059,	0.550
28,	6.60012,	-0.006012,	0.000148,	288.055,	0.560
29,	6.60012,	-0.006340,	0.000584,	288.053,	0.505
30,	6.60012,	-0.005977,	0.000433,	288.051,	0.505
31,	6.60012,	-0.005980,	-0.000343,	288.047,	0.505
32,	6.60012,	-0.007440,	-0.000153,	288.045,	0.505
33,	6.60012,	-0.006537,	0.000153,	288.043,	0.505
34,	6.60012,	-0.006447,	-0.000802,	288.041,	0.555
35,	6.60012,	-0.006001,	-0.001958,	288.037,	0.555
36,	6.60012,	-0.006881,	0.000237,	288.036,	0.555
37,	6.60012,	-0.006920,	-0.000804,	288.031,	0.505
38,	6.60012,	-0.006179,	-0.000442,	288.029,	0.505
39,	6.60012,	-0.005672,	-0.000565,	288.026,	0.505
40,	6.60012,	-0.006977,	-0.000808,	288.024,	0.505
41,	6.60012,	-0.006541,	-0.000114,	288.021,	0.550
42,	6.60012,	-0.007011,	-0.000993,	288.018,	0.510
43,	6.60012,	-0.006246,	-0.000547,	288.015,	0.505
44,	6.60012,	-0.007006,	-0.000237,	288.011,	0.505
45,	6.60012,	-0.006634,	-0.000474,	288.009,	0.505
46,	6.60012,	-0.006697,	0.000745,	288.007,	0.555
47,	6.60012,	-0.006597,	0.000073,	288.004,	0.505
48,	6.60012,	-0.005977,	0.000821,	288.001,	0.505
49,	6.60012,	-0.006596,	-0.000304,	288.000,	0.505
50,	6.60012,	-0.006746,	0.000114,	287.998,	0.505
51,	6.60012,	-0.006265,	-0.000082,	287.995,	0.505
52,	6.60012,	-0.006805,	0.000306,	287.991,	0.555
53,	6.60012,	-0.006362,	-0.000879,	287.990,	0.555
54,	6.60012,	-0.007885,	-0.000168,	287.985,	0.505
55,	6.60012,	-0.006627,	-0.000681,	287.983,	0.505
56,	6.60012,	-0.006056,	0.000323,	287.981,	0.505
57,	6.60012,	-0.006485,	0.000715,	287.979,	0.505
58,	6.60012,	-0.006223,	-0.000407,	287.975,	0.505
59,	6.60012,	-0.006643,	-0.000552,	287.973,	0.555
60,	6.60012,	-0.007150,	-0.000649,	287.971,	0.555
61,	6.60012,	-0.006173,	-0.000353,	287.966,	0.505
62,	6.60012,	-0.006778,	0.000116,	287.964,	0.505
63,	6.60012,	-0.006225,	-0.001407,	287.963,	0.505
64,	6.60012,	-0.006665,	-0.000086,	287.960,	0.505
65,	6.60012,	-0.005905,	-0.000970,	287.956,	0.505
66,	6.60012,	-0.006642,	0.000105,	287.954,	0.555
67,	6.60012,	-0.006505,	0.000375,	287.951,	0.550
68,	6.60012,	-0.006713,	-0.000198,	287.948,	0.510
69,	6.60012,	-0.005632,	0.000556,	287.946,	0.505
70,	6.60012,	-0.005598,	-0.000233,	287.944,	0.505
71,	6.60012,	-0.006471,	0.000577,	287.940,	0.505
72,	6.60012,	-0.006339,	0.000217,	287.938,	0.505
73,	6.60012,	-0.006755,	-0.000427,	287.936,	0.555
74,	6.60012,	-0.007352,	0.000220,	287.934,	0.555
75,	6.60012,	-0.006588,	0.000172,	287.930,	0.555
76,	6.60012,	-0.006550,	-0.000711,	287.928,	0.555
77,	6.60012,	-0.006839,	-0.000114,	287.923,	0.505
78,	6.60012,	-0.006012,	-0.000806,	287.921,	0.505
79,	6.60012,	-0.007233,	0.000853,	287.918,	0.505
80,	6.60012,	-0.006393,	-0.000685,	287.918,	0.505
81,	6.60012,	-0.006166,	-0.000612,	287.913,	0.505
82,	6.60012,	-0.006576,	-0.000748,	287.911,	0.555
83,	6.60012,	-0.006380,	-0.000319,	287.910,	0.555
84,	6.60012,	-0.006763,	-0.000013,	287.906,	0.505
85,	6.60012,	-0.006249,	-0.001655,	287.903,	0.500
86,	6.60012,	-0.006681,	-0.000287,	287.902,	0.510
87,	6.60012,	-0.006313,	0.000136,	287.900,	0.505
88,	6.60012,	-0.006803,	-0.000989,	287.895,	0.505
89,	6.60012,	-0.006808,	-0.000489,	287.892,	0.555
90,	6.60012,	-0.005762,	0.000584,	287.892,	0.555
91,	6.60012,	-0.006109,	-0.000166,	287.888,	0.505
92,	6.60012,	-0.007762,	0.000101,	287.885,	0.505
93,	6.60012,	-0.006459,	0.000314,	287.882,	0.505
94,	6.60012,	-0.007044,	-0.001084,	287.879,	0.505
95,	6.60012,	-0.006522,	0.000295,	287.877,	0.505
96,	6.60012,	-0.006457,	-0.000175,	287.874,	0.555
97,	6.60012,	-0.005731,	-0.000858,	287.870,	0.555
98,	6.60012,	-0.005927,	-0.000203,	287.868,	0.550
99,	6.60012,	-0.006962,	-0.000987,	287.866,	0.510
100,	6.60012,	-0.007003,	-0.000058,	287.861,	0.505
