Num, Lmd, sig,    mon,    Ring,  sec
#lmd,   E,  HOYAX,  Y,  Smpl,  Det, AGC X, Y, Smpl, Det
#6.70015,	185.0470,	57.000,	22.000,	4.300,	30.000,	-52.700,	13.300,	-0.068,	29.999

1,	6.70015,	-0.006401,	-0.003057,	243.601,	58.241
2,	6.70015,	-0.007930,	0.000319,	243.598,	0.555
3,	6.70015,	-0.008155,	0.000034,	243.596,	0.500
4,	6.70015,	-0.008054,	-0.000629,	243.595,	0.500
5,	6.70015,	-0.007914,	0.001743,	243.592,	0.500
6,	6.70015,	-0.007943,	-0.000091,	243.590,	0.500
7,	6.70015,	-0.008314,	-0.000302,	243.588,	0.550
8,	6.70015,	-0.007920,	-0.000207,	243.587,	0.500
9,	6.70015,	-0.007841,	-0.000173,	243.584,	0.500
10,	6.70015,	-0.007349,	0.001525,	243.583,	0.500
11,	6.70015,	-0.006903,	0.001096,	243.582,	0.500
12,	6.70015,	-0.007983,	-0.000614,	243.578,	0.550
13,	6.70015,	-0.007442,	0.000161,	243.577,	0.500
14,	6.70015,	-0.007734,	-0.000674,	243.576,	0.500
15,	6.70015,	-0.007585,	-0.000136,	243.574,	0.500
16,	6.70015,	-0.007907,	-0.001275,	243.571,	0.500
17,	6.70015,	-0.008036,	-0.001620,	243.570,	0.550
18,	6.70015,	-0.008214,	0.000095,	243.568,	0.500
19,	6.70015,	-0.007789,	-0.001170,	243.566,	0.500
20,	6.70015,	-0.008120,	0.000644,	243.563,	0.500
21,	6.70015,	-0.007646,	-0.000442,	243.562,	0.500
22,	6.70015,	-0.008873,	-0.001207,	243.561,	0.550
23,	6.70015,	-0.007846,	0.000325,	243.559,	0.500
24,	6.70015,	-0.008261,	0.000179,	243.556,	0.500
25,	6.70015,	-0.007888,	0.000226,	243.555,	0.500
26,	6.70015,	-0.008303,	0.000989,	243.553,	0.500
27,	6.70015,	-0.007118,	0.000024,	243.551,	0.505
28,	6.70015,	-0.007934,	-0.001209,	243.549,	0.555
29,	6.70015,	-0.007929,	0.000310,	243.548,	0.550
30,	6.70015,	-0.007822,	0.000782,	243.545,	0.550
31,	6.70015,	-0.007719,	0.000571,	243.544,	0.550
32,	6.70015,	-0.007982,	-0.000250,	243.541,	0.500
33,	6.70015,	-0.007727,	0.000351,	243.539,	0.500
34,	6.70015,	-0.007470,	0.000892,	243.538,	0.500
35,	6.70015,	-0.008104,	0.000521,	243.537,	0.500
36,	6.70015,	-0.006986,	-0.000313,	243.535,	0.550
37,	6.70015,	-0.008405,	0.000142,	243.533,	0.500
38,	6.70015,	-0.007677,	0.000657,	243.531,	0.500
39,	6.70015,	-0.007648,	0.000700,	243.530,	0.500
40,	6.70015,	-0.007704,	-0.000868,	243.527,	0.500
41,	6.70015,	-0.007951,	0.001374,	243.526,	0.495
42,	6.70015,	-0.007704,	-0.001450,	243.525,	0.550
43,	6.70015,	-0.007424,	0.000629,	243.523,	0.505
44,	6.70015,	-0.007948,	-0.000638,	243.520,	0.500
45,	6.70015,	-0.007823,	0.001435,	243.519,	0.500
46,	6.70015,	-0.007845,	0.001086,	243.518,	0.500
47,	6.70015,	-0.008282,	-0.000724,	243.516,	0.500
48,	6.70015,	-0.007322,	-0.000063,	243.513,	0.550
49,	6.70015,	-0.007400,	-0.000226,	243.511,	0.545
50,	6.70015,	-0.008229,	-0.000086,	243.510,	0.555
51,	6.70015,	-0.008731,	-0.000366,	243.508,	0.500
52,	6.70015,	-0.007944,	0.000254,	243.506,	0.505
53,	6.70015,	-0.007839,	-0.000114,	243.504,	0.505
54,	6.70015,	-0.007685,	0.000142,	243.502,	0.500
55,	6.70015,	-0.007751,	-0.002083,	243.500,	0.550
56,	6.70015,	-0.007759,	0.000974,	243.499,	0.550
57,	6.70015,	-0.008034,	0.000138,	243.497,	0.545
58,	6.70015,	-0.008064,	-0.000646,	243.496,	0.555
59,	6.70015,	-0.007719,	-0.000015,	243.493,	0.550
60,	6.70015,	-0.007574,	-0.000032,	243.490,	0.500
61,	6.70015,	-0.008012,	-0.001359,	243.489,	0.500
62,	6.70015,	-0.008245,	-0.000104,	243.488,	0.495
63,	6.70015,	-0.008158,	0.001193,	243.487,	0.505
64,	6.70015,	-0.008609,	0.000821,	243.483,	0.550
65,	6.70015,	-0.008514,	-0.001564,	243.482,	0.500
66,	6.70015,	-0.008116,	-0.000229,	243.481,	0.500
67,	6.70015,	-0.007854,	-0.000580,	243.477,	0.500
68,	6.70015,	-0.007923,	-0.000173,	243.476,	0.500
69,	6.70015,	-0.007844,	-0.000696,	243.474,	0.500
70,	6.70015,	-0.007096,	-0.000080,	243.472,	0.550
71,	6.70015,	-0.008291,	-0.000465,	243.470,	0.500
72,	6.70015,	-0.007576,	0.000151,	243.469,	0.500
73,	6.70015,	-0.007473,	0.001017,	243.467,	0.500
74,	6.70015,	-0.007338,	-0.000735,	243.465,	0.500
75,	6.70015,	-0.007665,	0.001249,	243.463,	0.550
76,	6.70015,	-0.007917,	0.000071,	243.461,	0.500
77,	6.70015,	-0.008673,	0.000077,	243.460,	0.500
78,	6.70015,	-0.008230,	-0.000724,	243.457,	0.505
79,	6.70015,	-0.008090,	0.000196,	243.456,	0.500
80,	6.70015,	-0.007235,	0.000640,	243.453,	0.550
81,	6.70015,	-0.007917,	0.000353,	243.452,	0.500
82,	6.70015,	-0.007730,	-0.000474,	243.449,	0.500
83,	6.70015,	-0.008486,	-0.001465,	243.448,	0.495
84,	6.70015,	-0.007686,	-0.000677,	243.446,	0.505
85,	6.70015,	-0.007926,	-0.000035,	243.447,	0.550
86,	6.70015,	-0.008040,	0.000368,	243.443,	0.500
87,	6.70015,	-0.006822,	-0.000244,	243.441,	0.500
88,	6.70015,	-0.007126,	0.000377,	243.440,	0.500
89,	6.70015,	-0.007888,	0.000433,	243.439,	0.495
90,	6.70015,	-0.007714,	-0.000099,	243.436,	0.555
91,	6.70015,	-0.007590,	-0.000308,	243.434,	0.505
92,	6.70015,	-0.008077,	0.000769,	243.433,	0.500
93,	6.70015,	-0.008103,	-0.000132,	243.430,	0.505
94,	6.70015,	-0.007258,	0.000084,	243.430,	0.500
95,	6.70015,	-0.007766,	0.000282,	243.427,	0.550
96,	6.70015,	-0.007679,	-0.001101,	243.424,	0.550
97,	6.70015,	-0.007471,	0.000097,	243.422,	0.550
98,	6.70015,	-0.007751,	0.000146,	243.422,	0.550
99,	6.70015,	-0.008400,	0.000857,	243.419,	0.500
100,	6.70015,	-0.007854,	-0.000063,	243.417,	0.500
