Smpl, Det, sig,    mon,    Ring,  sec
#lmd,   E,  HOYAX,  Y,  Smpl,  Det, AGC X, Y, Smpl, Det, ppsSmpl, ppsDet
#6.65014,	186.4385,	57.000,	22.000,	4.300,	30.000,	2.400,	4.000,	69.930,	139.651,100,100

69.872,	139.543,	-0.002987,	0.000151,	266.845,	37.455
69.970,	139.738,	-0.004243,	0.002104,	266.843,	0.535
70.056,	139.914,	-0.004164,	0.002477,	266.842,	0.490
70.146,	140.094,	-0.004290,	0.003815,	266.838,	0.500
70.236,	140.270,	-0.004488,	0.003171,	266.836,	0.490
70.326,	140.447,	-0.004888,	0.002372,	266.835,	0.495
70.412,	140.623,	-0.003588,	0.002727,	266.833,	0.490
70.510,	140.821,	-0.004219,	0.002137,	266.830,	0.550
70.600,	140.998,	-0.004516,	0.002553,	266.826,	0.490
70.690,	141.178,	-0.003701,	0.003815,	266.824,	0.495
70.776,	141.354,	-0.003829,	0.003132,	266.823,	0.490
70.866,	141.530,	-0.004302,	0.002503,	266.822,	0.495
70.963,	141.728,	-0.003799,	0.002023,	266.819,	0.545
71.053,	141.905,	-0.004266,	0.001618,	266.817,	0.495
71.143,	142.081,	-0.003947,	0.003095,	266.815,	0.490
71.233,	142.261,	-0.004294,	0.001831,	266.812,	0.495
71.320,	142.441,	-0.004469,	0.002460,	266.809,	0.495
71.417,	142.632,	-0.005477,	0.001452,	266.809,	0.540
71.514,	142.826,	-0.005150,	0.001391,	266.807,	0.540
71.604,	143.006,	-0.005262,	0.002805,	266.804,	0.490
71.694,	143.183,	-0.005351,	0.002369,	266.802,	0.495
71.780,	143.359,	-0.005163,	0.002542,	266.799,	0.495
71.870,	143.539,	-0.004977,	0.002145,	266.798,	0.490
71.968,	143.734,	-0.005422,	0.002406,	266.794,	0.540
72.058,	143.910,	-0.003972,	0.002593,	266.792,	0.500
72.144,	144.086,	-0.004919,	0.003406,	266.791,	0.490
72.234,	144.266,	-0.004654,	0.001383,	266.787,	0.500
72.324,	144.443,	-0.004720,	0.002710,	266.785,	0.490
72.421,	144.641,	-0.004647,	0.002533,	266.784,	0.550
72.511,	144.817,	-0.004334,	0.002529,	266.782,	0.490
72.598,	144.994,	-0.004275,	0.001921,	266.778,	0.490
72.688,	145.174,	-0.004532,	0.002621,	266.776,	0.500
72.778,	145.350,	-0.004428,	0.003604,	266.775,	0.490
72.875,	145.548,	-0.005096,	0.002059,	266.773,	0.545
72.965,	145.724,	-0.004443,	0.002822,	266.770,	0.490
73.051,	145.904,	-0.004127,	0.002781,	266.769,	0.500
73.141,	146.081,	-0.003916,	0.001891,	266.766,	0.490
73.231,	146.257,	-0.005278,	0.001977,	266.765,	0.495
73.328,	146.455,	-0.005070,	0.001982,	266.761,	0.540
73.418,	146.632,	-0.005805,	0.002512,	266.760,	0.500
73.505,	146.808,	-0.005356,	0.002337,	266.758,	0.490
73.595,	146.988,	-0.005679,	0.003179,	266.756,	0.500
73.685,	147.164,	-0.005290,	0.002503,	266.752,	0.490
73.782,	147.359,	-0.006415,	0.002301,	266.750,	0.535
73.868,	147.539,	-0.005197,	0.001926,	266.749,	0.505
73.958,	147.715,	-0.005977,	0.001855,	266.746,	0.490
74.048,	147.895,	-0.005287,	0.002404,	266.743,	0.500
74.135,	148.072,	-0.004930,	0.003470,	266.742,	0.485
74.236,	148.266,	-0.005940,	0.003324,	266.740,	0.545
74.322,	148.446,	-0.005161,	0.003024,	266.737,	0.495
74.412,	148.622,	-0.004924,	0.003515,	266.734,	0.495
74.502,	148.802,	-0.003574,	0.002120,	266.734,	0.495
74.588,	148.979,	-0.004922,	0.002983,	266.732,	0.495
74.689,	149.177,	-0.005268,	0.001195,	266.729,	0.545
74.776,	149.353,	-0.004682,	0.003128,	266.727,	0.490
74.866,	149.530,	-0.005136,	0.002544,	266.725,	0.495
74.956,	149.706,	-0.005086,	0.002352,	266.724,	0.495
75.046,	149.886,	-0.005791,	0.002979,	266.721,	0.495
75.143,	150.080,	-0.006830,	0.001919,	266.718,	0.540
75.229,	150.257,	-0.004760,	0.002003,	266.717,	0.490
75.319,	150.437,	-0.005305,	0.001913,	266.715,	0.495
75.409,	150.617,	-0.005089,	0.004162,	266.711,	0.500
75.499,	150.793,	-0.006212,	0.002669,	266.710,	0.495
75.593,	150.988,	-0.005440,	0.001391,	266.708,	0.540
75.694,	151.186,	-0.005555,	0.002488,	266.706,	0.545
75.780,	151.358,	-0.005665,	0.002085,	266.703,	0.485
75.870,	151.538,	-0.006267,	0.001060,	266.702,	0.500
75.960,	151.715,	-0.006051,	0.003039,	266.700,	0.490
76.046,	151.895,	-0.004929,	0.001954,	266.695,	0.500
76.136,	152.071,	-0.005873,	0.002742,	266.694,	0.490
76.234,	152.266,	-0.005493,	0.002940,	266.693,	0.540
76.324,	152.446,	-0.004794,	0.002320,	266.690,	0.500
76.410,	152.622,	-0.004519,	0.002604,	266.688,	0.485
76.500,	152.802,	-0.004643,	0.002061,	266.686,	0.500
76.590,	152.978,	-0.003263,	0.002604,	266.684,	0.490
76.687,	153.173,	-0.004841,	0.002201,	266.682,	0.550
76.777,	153.353,	-0.003781,	0.002764,	266.678,	0.490
76.864,	153.529,	-0.004475,	0.003003,	266.676,	0.495
76.954,	153.706,	-0.004173,	0.001413,	266.675,	0.495
77.044,	153.886,	-0.003993,	0.003218,	266.674,	0.495
77.134,	154.062,	-0.003777,	0.002029,	266.671,	0.495
77.231,	154.256,	-0.003758,	0.003287,	266.668,	0.535
77.317,	154.433,	-0.003202,	0.002647,	266.666,	0.495
77.407,	154.613,	-0.003534,	0.002927,	266.665,	0.495
77.497,	154.793,	-0.003764,	0.003054,	266.661,	0.495
77.587,	154.969,	-0.004899,	0.002270,	266.658,	0.495
77.681,	155.164,	-0.003962,	0.002255,	266.659,	0.540
77.771,	155.340,	-0.004543,	0.001241,	266.657,	0.490
77.861,	155.520,	-0.004997,	0.002208,	266.653,	0.495
77.951,	155.700,	-0.003931,	0.003248,	266.651,	0.500
78.037,	155.876,	-0.005432,	0.002820,	266.649,	0.490
78.138,	156.074,	-0.005739,	0.000911,	266.648,	0.550
78.224,	156.247,	-0.005065,	0.002835,	266.645,	0.490
78.314,	156.431,	-0.005477,	0.001803,	266.643,	0.500
78.404,	156.604,	-0.004837,	0.003126,	266.642,	0.485
78.494,	156.784,	-0.005697,	0.003332,	266.639,	0.505
78.592,	156.978,	-0.006220,	0.000237,	266.635,	0.535
78.678,	157.154,	-0.005498,	0.002703,	266.634,	0.495
78.768,	157.334,	-0.004956,	0.000706,	266.632,	0.495
78.858,	157.511,	-0.004489,	0.003009,	266.628,	0.495
78.944,	157.691,	-0.003376,	0.001753,	266.627,	0.490
79.042,	157.885,	-0.004034,	0.001930,	266.625,	0.540
79.142,	158.080,	-0.002830,	0.001902,	266.624,	0.545
79.229,	158.256,	-0.002427,	0.002176,	266.619,	0.495
79.319,	158.436,	-0.001442,	0.003604,	266.617,	0.495
79.409,	158.616,	-0.001178,	0.001997,	266.615,	0.495
79.495,	158.792,	-0.001407,	0.002565,	266.614,	0.495
79.592,	158.987,	-0.002352,	0.001579,	266.612,	0.540
79.682,	159.163,	-0.001982,	0.001917,	266.610,	0.490
79.772,	159.343,	-0.001396,	0.002654,	266.607,	0.495
79.862,	159.520,	-0.001449,	0.002111,	266.606,	0.495
79.949,	159.700,	-0.001365,	0.001751,	266.602,	0.495
80.046,	159.894,	-0.001934,	0.001876,	266.601,	0.540
80.136,	160.070,	-0.000359,	0.002626,	266.599,	0.495
80.226,	160.250,	-0.000907,	0.002257,	266.596,	0.495
80.316,	160.427,	-0.000342,	0.002415,	266.593,	0.500
80.402,	160.607,	-0.001980,	0.002706,	266.592,	0.490
80.500,	160.798,	-0.002008,	0.002115,	266.590,	0.540
80.590,	160.978,	-0.002271,	0.002856,	266.587,	0.500
80.680,	161.154,	-0.002891,	0.003223,	266.586,	0.490
80.766,	161.334,	-0.003254,	0.003356,	266.583,	0.495
80.856,	161.510,	-0.003293,	0.002117,	266.582,	0.490
80.953,	161.708,	-0.003402,	0.002456,	266.578,	0.545
81.043,	161.885,	-0.002322,	0.002671,	266.577,	0.495
81.133,	162.065,	-0.002929,	0.002800,	266.575,	0.495
81.220,	162.241,	-0.002994,	0.002430,	266.574,	0.490
81.310,	162.421,	-0.003228,	0.001150,	266.570,	0.500
81.407,	162.616,	-0.003517,	0.001643,	266.568,	0.540
81.497,	162.792,	-0.002416,	0.002979,	266.566,	0.500
81.587,	162.972,	-0.003350,	0.002826,	266.564,	0.490
81.673,	163.148,	-0.003592,	0.002882,	266.562,	0.495
81.763,	163.325,	-0.003268,	0.002690,	266.560,	0.495
81.860,	163.519,	-0.003957,	0.002621,	266.558,	0.540
81.950,	163.699,	-0.002929,	0.001928,	266.554,	0.500
82.040,	163.876,	-0.002043,	0.002365,	266.552,	0.490
82.130,	164.056,	0.000052,	0.001659,	266.552,	0.495
82.217,	164.232,	0.000365,	0.001913,	266.550,	0.490
82.314,	164.430,	0.001466,	0.002322,	266.548,	0.545
82.404,	164.606,	0.001546,	0.001844,	266.545,	0.495
82.494,	164.786,	0.001774,	0.002910,	266.542,	0.495
82.580,	164.963,	0.002771,	0.003119,	266.541,	0.495
82.670,	165.143,	0.001471,	0.003145,	266.539,	0.495
82.768,	165.337,	0.000457,	0.003091,	266.536,	0.540
82.858,	165.514,	0.002575,	0.003386,	266.533,	0.490
82.948,	165.694,	0.003967,	0.001896,	266.532,	0.500
83.034,	165.866,	0.006875,	0.002219,	266.528,	0.490
83.124,	166.050,	0.008084,	0.002863,	266.526,	0.500
83.221,	166.241,	-0.002023,	0.000672,	266.525,	0.540
83.311,	166.421,	-0.000754,	0.001338,	266.523,	0.500
83.401,	166.597,	-0.000783,	0.002180,	266.519,	0.485
83.491,	166.777,	-0.001270,	0.002893,	266.518,	0.500
83.578,	166.954,	-0.000652,	0.001538,	266.516,	0.490
83.675,	167.152,	-0.004152,	0.002781,	266.514,	0.545
83.765,	167.328,	-0.007062,	0.003317,	266.512,	0.495
83.855,	167.508,	-0.006313,	0.001264,	266.509,	0.495
83.941,	167.684,	-0.006711,	0.002501,	266.507,	0.495
84.031,	167.864,	-0.006874,	0.002475,	266.505,	0.495
84.128,	168.059,	-0.003997,	0.002281,	266.502,	0.540
84.218,	168.235,	-0.005737,	0.002018,	266.500,	0.490
84.308,	168.415,	-0.006559,	0.002966,	266.498,	0.500
84.395,	168.592,	-0.006926,	0.001973,	266.497,	0.495
84.485,	168.768,	-0.005813,	0.002589,	266.493,	0.495
84.582,	168.962,	0.000541,	0.002475,	266.491,	0.535
84.672,	169.142,	0.001170,	0.001816,	266.489,	0.505
84.762,	169.319,	0.000380,	0.003679,	266.487,	0.485
84.852,	169.499,	0.015289,	0.002438,	266.485,	0.505
84.938,	169.675,	0.015749,	0.002266,	266.483,	0.485
85.036,	169.873,	0.018336,	0.001290,	266.482,	0.550
85.126,	170.050,	0.019394,	0.002721,	266.479,	0.490
85.216,	170.230,	0.020426,	0.002473,	266.477,	0.495
85.302,	170.406,	0.020116,	0.002973,	266.475,	0.495
85.392,	170.582,	-0.006894,	0.002076,	266.474,	0.490
85.489,	170.780,	-0.007733,	0.003315,	266.469,	0.545
85.579,	170.957,	-0.006570,	0.001665,	266.468,	0.490
85.669,	171.137,	-0.006597,	0.002188,	266.467,	0.500
85.756,	171.313,	-0.006776,	0.001706,	266.465,	0.490
85.846,	171.493,	-0.005860,	0.002805,	266.460,	0.500
85.943,	171.684,	-0.006774,	0.002294,	266.459,	0.540
86.033,	171.864,	-0.006396,	0.001613,	266.457,	0.500
86.123,	172.040,	-0.006232,	0.001846,	266.455,	0.485
86.209,	172.217,	-0.005764,	0.004045,	266.452,	0.495
86.299,	172.397,	-0.006521,	0.001508,	266.451,	0.495
86.396,	172.595,	-0.007135,	0.002449,	266.449,	0.550
86.486,	172.771,	-0.006168,	0.003005,	266.446,	0.490
86.576,	172.948,	-0.007228,	0.003548,	266.444,	0.490
86.663,	173.128,	-0.006833,	0.002714,	266.442,	0.500
86.753,	173.304,	-0.006830,	0.002861,	266.440,	0.490
86.850,	173.502,	-0.007116,	0.001204,	266.439,	0.545
86.940,	173.678,	-0.007093,	0.002257,	266.435,	0.490
87.030,	173.858,	-0.005964,	0.003151,	266.434,	0.500
87.116,	174.031,	-0.006057,	0.002768,	266.432,	0.490
87.206,	174.215,	-0.006112,	0.002930,	266.430,	0.500
87.304,	174.406,	-0.006723,	0.001357,	266.427,	0.535
87.394,	174.586,	-0.005694,	0.002843,	266.425,	0.505
87.484,	174.762,	-0.005992,	0.003212,	266.424,	0.490
87.570,	174.942,	-0.005809,	0.003720,	266.421,	0.490
87.660,	175.118,	-0.003581,	0.001305,	266.418,	0.495
87.757,	175.313,	-0.001442,	0.001936,	266.418,	0.536
87.847,	175.489,	-0.005477,	0.002841,	266.416,	0.500
87.934,	175.669,	-0.005937,	0.002501,	266.411,	0.490
88.024,	175.846,	-0.005693,	0.002087,	266.410,	0.500
88.114,	176.026,	-0.006835,	0.002497,	266.407,	0.490
88.211,	176.220,	-0.007138,	0.002367,	266.406,	0.550
88.301,	176.396,	-0.005189,	0.002085,	266.402,	0.490
88.387,	176.576,	-0.004986,	0.003438,	266.401,	0.495
88.477,	176.756,	-0.003208,	0.002542,	266.399,	0.495
88.567,	176.929,	-0.003112,	0.001874,	266.398,	0.490
88.664,	177.127,	-0.005071,	0.002130,	266.393,	0.545
88.754,	177.304,	-0.005219,	0.002848,	266.392,	0.490
88.841,	177.484,	-0.005071,	0.002309,	266.390,	0.495
88.931,	177.660,	-0.004645,	0.001792,	266.389,	0.495
89.021,	177.840,	-0.004247,	0.003311,	266.386,	0.500
89.118,	178.034,	-0.006005,	0.001762,	266.384,	0.535
89.208,	178.214,	-0.005577,	0.003216,	266.381,	0.500
89.294,	178.391,	-0.005060,	0.001904,	266.378,	0.490
89.384,	178.567,	-0.006116,	0.001784,	266.377,	0.500
89.474,	178.747,	-0.007110,	0.002219,	266.375,	0.490
89.572,	178.942,	-0.006756,	0.002070,	266.373,	0.550
89.662,	179.118,	-0.005991,	0.002415,	266.371,	0.490
89.752,	179.298,	-0.006701,	0.002285,	266.368,	0.500
89.838,	179.474,	-0.007196,	0.003156,	266.366,	0.490
89.928,	179.654,	-0.007965,	0.003091,	266.364,	0.495
