Num, Lmd, sig,    mon,    Ring,  sec
#lmd,   E,  HOYAX,  Y,  Smpl,  Det, AGC X, Y, Smpl, Det
#6.75016,	183.6760,	57.000,	22.000,	4.300,	30.000,	0.000,	-76.000,	-0.068,	-0.346

1,	6.75016,	6.928371,	-0.002404,	263.982,	120.895
2,	6.75012,	6.927241,	0.000235,	263.979,	0.555
3,	6.75016,	6.926553,	-0.000733,	263.978,	0.505
4,	6.75012,	6.927100,	0.000118,	263.975,	0.500
5,	6.75012,	6.926718,	-0.000756,	263.973,	0.505
6,	6.75016,	6.927660,	0.000077,	263.971,	0.510
7,	6.75016,	6.928102,	0.000721,	263.969,	0.500
8,	6.75012,	6.928154,	-0.000388,	263.968,	0.555
9,	6.75016,	6.929813,	-0.000694,	263.964,	0.555
10,	6.75012,	6.929986,	0.000129,	263.963,	0.500
11,	6.75016,	6.928165,	0.000732,	263.961,	0.505
12,	6.75016,	6.930169,	0.000431,	263.956,	0.500
13,	6.75016,	6.930047,	0.001096,	263.955,	0.500
14,	6.75016,	6.929144,	0.000151,	263.954,	0.505
15,	6.75016,	6.930687,	-0.000720,	263.951,	0.545
16,	6.75012,	6.930750,	-0.000534,	263.947,	0.500
17,	6.75016,	6.929135,	-0.000789,	263.947,	0.500
18,	6.75012,	6.930506,	-0.001420,	263.946,	0.505
19,	6.75012,	6.930432,	0.000429,	263.943,	0.505
20,	6.75016,	6.931544,	0.000077,	263.940,	0.550
21,	6.75016,	6.930904,	0.000459,	263.938,	0.505
22,	6.75012,	6.930578,	-0.001075,	263.937,	0.510
23,	6.75016,	6.927852,	-0.000814,	263.933,	0.500
24,	6.75016,	6.928091,	-0.000207,	263.931,	0.505
25,	6.75016,	6.931645,	0.000211,	263.929,	0.510
26,	6.75016,	6.929517,	-0.000366,	263.927,	0.550
27,	6.75016,	6.931209,	-0.000330,	263.923,	0.500
28,	6.75016,	6.932605,	0.000431,	263.922,	0.500
29,	6.75016,	6.930470,	-0.000666,	263.920,	0.510
30,	6.75016,	6.930893,	0.000250,	263.917,	0.505
31,	6.75016,	6.931174,	-0.000870,	263.917,	0.500
32,	6.75016,	6.932078,	-0.000063,	263.915,	0.555
33,	6.75016,	6.931471,	-0.001112,	263.912,	0.545
34,	6.75016,	6.930365,	-0.000366,	263.910,	0.550
35,	6.75016,	6.932271,	-0.000140,	263.909,	0.550
36,	6.75016,	6.931970,	-0.000855,	263.905,	0.505
37,	6.75016,	6.930637,	0.000515,	263.904,	0.505
38,	6.75016,	6.931906,	0.000308,	263.902,	0.510
39,	6.75016,	6.931433,	0.000155,	263.899,	0.505
40,	6.75016,	6.930505,	0.000054,	263.897,	0.555
41,	6.75016,	6.931781,	0.000127,	263.895,	0.500
42,	6.75012,	6.932702,	-0.000244,	263.893,	0.505
43,	6.75016,	6.932527,	0.000181,	263.889,	0.505
44,	6.75016,	6.930454,	-0.000030,	263.887,	0.500
45,	6.75016,	6.932134,	-0.000455,	263.885,	0.550
46,	6.75016,	6.930548,	0.000508,	263.884,	0.550
47,	6.75016,	6.930472,	0.000463,	263.881,	0.550
48,	6.75016,	6.930584,	-0.000409,	263.878,	0.505
49,	6.75016,	6.931602,	-0.001795,	263.877,	0.510
50,	6.75016,	6.929429,	-0.000039,	263.874,	0.500
51,	6.75016,	6.930920,	0.000332,	263.871,	0.510
52,	6.75016,	6.930719,	-0.000517,	263.870,	0.545
53,	6.75016,	6.929913,	-0.000618,	263.866,	0.550
54,	6.75016,	6.929321,	0.000683,	263.864,	0.505
55,	6.75016,	6.929044,	0.000441,	263.864,	0.510
56,	6.75016,	6.930529,	0.000202,	263.859,	0.500
57,	6.75016,	6.930527,	0.000773,	263.858,	0.510
58,	6.75016,	6.929465,	0.000064,	263.857,	0.550
59,	6.75016,	6.929595,	-0.000108,	263.854,	0.505
60,	6.75016,	6.927356,	0.000269,	263.852,	0.505
61,	6.75016,	6.927946,	-0.000405,	263.849,	0.505
62,	6.75016,	6.927116,	0.000260,	263.847,	0.510
63,	6.75016,	6.927094,	-0.000086,	263.843,	0.550
64,	6.75016,	6.929095,	0.000071,	263.842,	0.500
65,	6.75016,	6.928532,	-0.001168,	263.840,	0.505
66,	6.75016,	6.927111,	-0.000726,	263.838,	0.505
67,	6.75016,	6.926226,	-0.000470,	263.835,	0.505
68,	6.75016,	6.927158,	0.000627,	263.833,	0.500
69,	6.75016,	6.925363,	-0.000065,	263.831,	0.545
70,	6.75016,	6.928064,	-0.000623,	263.828,	0.500
71,	6.75016,	6.926537,	0.000558,	263.825,	0.505
72,	6.75016,	6.924822,	-0.000274,	263.823,	0.505
73,	6.75016,	6.927560,	-0.001454,	263.821,	0.505
74,	6.75016,	6.924918,	0.000405,	263.821,	0.505
75,	6.75016,	6.925339,	0.000295,	263.818,	0.545
76,	6.75012,	6.926471,	0.000202,	263.815,	0.550
77,	6.75016,	6.925268,	-0.000050,	263.813,	0.510
78,	6.75016,	6.926916,	0.000306,	263.811,	0.500
79,	6.75016,	6.924069,	-0.000257,	263.809,	0.505
80,	6.75016,	6.925494,	0.000099,	263.807,	0.500
81,	6.75016,	6.925127,	-0.000037,	263.804,	0.550
82,	6.75016,	6.923008,	-0.000222,	263.802,	0.555
83,	6.75016,	6.922664,	-0.000412,	263.801,	0.545
84,	6.75016,	6.923439,	-0.000485,	263.797,	0.505
85,	6.75016,	6.923073,	0.000637,	263.795,	0.500
86,	6.75016,	6.921920,	-0.000804,	263.793,	0.500
87,	6.75016,	6.922602,	0.000364,	263.791,	0.505
88,	6.75016,	6.923586,	-0.000437,	263.789,	0.555
89,	6.75016,	6.923436,	-0.000032,	263.787,	0.550
90,	6.75016,	6.921683,	-0.000056,	263.783,	0.550
91,	6.75016,	6.921918,	0.000500,	263.782,	0.555
92,	6.75016,	6.919801,	-0.001364,	263.781,	0.500
93,	6.75016,	6.920851,	-0.000718,	263.778,	0.510
94,	6.75016,	6.919902,	0.000164,	263.776,	0.505
95,	6.75016,	6.921313,	-0.000707,	263.775,	0.505
96,	6.75016,	6.921585,	0.000396,	263.772,	0.550
97,	6.75016,	6.920709,	-0.000718,	263.768,	0.550
98,	6.75016,	6.917450,	-0.000425,	263.767,	0.500
99,	6.75016,	6.920145,	-0.000091,	263.765,	0.505
100,	6.75016,	6.917420,	-0.000513,	263.761,	0.510
