Num, Lmd, sig,    mon,    Ring,  sec
#lmd,   E,  HOYAX,  Y,  Smpl,  Det, AGC X, Y, Smpl, Det
#6.70015,	185.0470,	57.000,	22.000,	4.300,	30.000,	-24.600,	3.500,	69.930,	29.999

1,	6.70015,	-0.005790,	-0.002915,	254.373,	69.411
2,	6.70015,	-0.008034,	-0.000390,	254.370,	0.550
3,	6.70015,	-0.007292,	-0.000468,	254.368,	0.505
4,	6.70015,	-0.006896,	0.000146,	254.367,	0.500
5,	6.70015,	-0.007290,	0.001088,	254.364,	0.500
6,	6.70015,	-0.007694,	-0.000222,	254.363,	0.500
7,	6.70015,	-0.007446,	0.001047,	254.361,	0.550
8,	6.70015,	-0.007231,	-0.000082,	254.360,	0.500
9,	6.70015,	-0.007281,	0.000480,	254.357,	0.500
10,	6.70015,	-0.006840,	0.000489,	254.355,	0.500
11,	6.70015,	-0.008573,	-0.000041,	254.353,	0.500
12,	6.70015,	-0.007761,	0.000631,	254.351,	0.500
13,	6.70015,	-0.006999,	0.000622,	254.348,	0.550
14,	6.70015,	-0.007790,	-0.001099,	254.347,	0.545
15,	6.70015,	-0.007940,	0.000021,	254.344,	0.550
16,	6.70015,	-0.007664,	-0.000483,	254.342,	0.555
17,	6.70015,	-0.007132,	-0.000418,	254.340,	0.500
18,	6.70015,	-0.007925,	0.000103,	254.338,	0.500
19,	6.70015,	-0.006664,	0.001008,	254.335,	0.500
20,	6.70015,	-0.007591,	-0.000013,	254.335,	0.500
21,	6.70015,	-0.007458,	0.000217,	254.333,	0.550
22,	6.70015,	-0.007219,	0.000670,	254.330,	0.500
23,	6.70015,	-0.007033,	-0.001155,	254.328,	0.495
24,	6.70015,	-0.006970,	-0.000026,	254.326,	0.505
25,	6.70015,	-0.007105,	0.000024,	254.325,	0.500
26,	6.70015,	-0.006903,	0.000319,	254.323,	0.500
27,	6.70015,	-0.006998,	-0.000101,	254.321,	0.550
28,	6.70015,	-0.007794,	0.000138,	254.319,	0.550
29,	6.70015,	-0.007192,	-0.000771,	254.316,	0.550
30,	6.70015,	-0.007835,	-0.000457,	254.315,	0.550
31,	6.70015,	-0.007945,	0.000515,	254.313,	0.550
32,	6.70015,	-0.006428,	0.000217,	254.310,	0.500
33,	6.70015,	-0.007554,	-0.000457,	254.308,	0.505
34,	6.70015,	-0.007336,	0.000021,	254.306,	0.500
35,	6.70015,	-0.007239,	-0.000457,	254.305,	0.495
36,	6.70015,	-0.007417,	0.001383,	254.302,	0.555
37,	6.70015,	-0.007258,	0.001247,	254.300,	0.550
38,	6.70015,	-0.007600,	-0.000362,	254.298,	0.550
39,	6.70015,	-0.007653,	0.000528,	254.295,	0.545
40,	6.70015,	-0.007669,	-0.000399,	254.293,	0.555
41,	6.70015,	-0.007180,	0.000429,	254.291,	0.545
42,	6.70015,	-0.007414,	0.000316,	254.289,	0.500
43,	6.70015,	-0.007874,	-0.000634,	254.287,	0.500
44,	6.70015,	-0.007808,	-0.000812,	254.286,	0.500
45,	6.70015,	-0.007225,	0.000357,	254.282,	0.500
46,	6.70015,	-0.007745,	0.000416,	254.281,	0.555
47,	6.70015,	-0.008517,	-0.000388,	254.279,	0.495
48,	6.70015,	-0.007289,	-0.000737,	254.276,	0.500
49,	6.70015,	-0.007591,	0.000551,	254.275,	0.505
50,	6.70015,	-0.007320,	-0.000028,	254.273,	0.500
51,	6.70015,	-0.006675,	0.000573,	254.271,	0.550
52,	6.70015,	-0.007752,	0.000963,	254.268,	0.550
53,	6.70015,	-0.007298,	-0.000431,	254.266,	0.550
54,	6.70015,	-0.007079,	-0.001254,	254.266,	0.545
55,	6.70015,	-0.006662,	-0.000776,	254.262,	0.550
56,	6.70015,	-0.006636,	0.000129,	254.260,	0.505
57,	6.70015,	-0.007123,	-0.000063,	254.258,	0.500
58,	6.70015,	-0.007386,	-0.000353,	254.256,	0.500
59,	6.70015,	-0.007081,	0.000276,	254.254,	0.500
60,	6.70015,	-0.007599,	0.000564,	254.253,	0.545
61,	6.70015,	-0.007843,	0.000286,	254.250,	0.505
62,	6.70015,	-0.007026,	0.000523,	254.248,	0.495
63,	6.70015,	-0.007083,	-0.000433,	254.247,	0.500
64,	6.70015,	-0.007223,	0.000892,	254.245,	0.505
65,	6.70015,	-0.007397,	0.000097,	254.244,	0.500
66,	6.70015,	-0.007925,	0.000422,	254.241,	0.550
67,	6.70015,	-0.006803,	0.000584,	254.240,	0.500
68,	6.70015,	-0.007078,	-0.000970,	254.237,	0.495
69,	6.70015,	-0.007014,	0.000866,	254.235,	0.500
70,	6.70015,	-0.007594,	-0.000858,	254.234,	0.505
71,	6.70015,	-0.007206,	0.000954,	254.232,	0.550
72,	6.70015,	-0.007676,	0.000202,	254.229,	0.500
73,	6.70015,	-0.007197,	-0.000500,	254.226,	0.500
74,	6.70015,	-0.007719,	0.000327,	254.225,	0.500
75,	6.70015,	-0.007674,	-0.000386,	254.223,	0.500
76,	6.70015,	-0.008221,	-0.000530,	254.222,	0.550
77,	6.70015,	-0.006540,	0.000327,	254.219,	0.495
78,	6.70015,	-0.007566,	0.000573,	254.217,	0.505
79,	6.70015,	-0.007928,	0.000088,	254.216,	0.500
80,	6.70015,	-0.006897,	0.000485,	254.212,	0.500
81,	6.70015,	-0.007663,	-0.000373,	254.211,	0.550
82,	6.70015,	-0.007533,	0.000028,	254.209,	0.550
83,	6.70015,	-0.007210,	0.000543,	254.206,	0.550
84,	6.70015,	-0.007496,	0.000248,	254.205,	0.500
85,	6.70015,	-0.007256,	-0.000446,	254.203,	0.495
86,	6.70015,	-0.007091,	0.000646,	254.200,	0.500
87,	6.70015,	-0.007625,	0.000788,	254.197,	0.505
88,	6.70015,	-0.007988,	-0.000543,	254.197,	0.550
89,	6.70015,	-0.007994,	0.000534,	254.195,	0.500
90,	6.70015,	-0.007132,	0.000028,	254.192,	0.500
91,	6.70015,	-0.007307,	-0.000450,	254.191,	0.500
92,	6.70015,	-0.006983,	0.000644,	254.189,	0.500
93,	6.70015,	-0.007068,	-0.000657,	254.187,	0.545
94,	6.70015,	-0.007488,	-0.001441,	254.184,	0.555
95,	6.70015,	-0.007510,	0.000114,	254.183,	0.505
96,	6.70015,	-0.006688,	-0.000446,	254.180,	0.500
97,	6.70015,	-0.006515,	0.000131,	254.177,	0.495
98,	6.70015,	-0.007351,	-0.000549,	254.176,	0.500
99,	6.70015,	-0.006936,	0.000263,	254.174,	0.555
100,	6.70015,	-0.007637,	-0.000560,	254.171,	0.505
