Smpl, Det, sig,    mon,    Ring,  sec
#lmd,   E,  HOYAX,  Y,  Smpl,  Det, AGC X, Y, Smpl, Det, ppsSmpl, ppsDet
#6.65017,	186.4377,	57.000,	22.000,	4.300,	30.000,	-24.600,	3.500,	69.930,	139.651,100,100

69.869,	139.540,	-0.002423,	-0.000323,	255.793,	37.525
69.966,	139.734,	-0.005081,	0.001706,	255.793,	0.545
70.056,	139.910,	-0.005491,	0.002501,	255.790,	0.495
70.146,	140.090,	-0.003325,	0.002288,	255.788,	0.500
70.236,	140.267,	-0.002371,	0.002423,	255.786,	0.490
70.322,	140.443,	0.000886,	0.002486,	255.784,	0.490
70.420,	140.638,	0.006104,	0.002036,	255.780,	0.540
70.517,	140.836,	0.011714,	0.001497,	255.780,	0.545
70.607,	141.012,	0.019369,	0.002436,	255.778,	0.485
70.697,	141.188,	0.026039,	0.001786,	255.777,	0.500
70.783,	141.368,	0.031736,	0.002848,	255.774,	0.495
70.873,	141.545,	0.038531,	0.002229,	255.772,	0.495
70.970,	141.739,	0.043947,	0.001689,	255.770,	0.540
71.060,	141.919,	0.048926,	0.001962,	255.767,	0.500
71.150,	142.096,	0.052470,	0.001958,	255.765,	0.490
71.237,	142.276,	0.054043,	0.002171,	255.764,	0.495
71.327,	142.452,	0.054015,	0.003266,	255.763,	0.495
71.424,	142.646,	0.051403,	0.001695,	255.760,	0.535
71.514,	142.823,	0.049556,	0.002544,	255.756,	0.495
71.600,	143.003,	0.044133,	0.002557,	255.754,	0.495
71.690,	143.183,	0.038113,	0.002449,	255.753,	0.500
71.780,	143.359,	0.030810,	0.002469,	255.752,	0.490
71.878,	143.554,	0.022459,	0.001256,	255.748,	0.545
71.968,	143.734,	0.015698,	0.002917,	255.746,	0.495
72.058,	143.910,	0.008773,	0.002417,	255.745,	0.495
72.144,	144.086,	0.005000,	0.001984,	255.741,	0.490
72.234,	144.266,	0.000510,	0.001962,	255.740,	0.500
72.331,	144.461,	-0.000271,	0.000818,	255.739,	0.540
72.421,	144.637,	0.002688,	0.002318,	255.737,	0.490
72.508,	144.814,	0.008351,	0.003515,	255.734,	0.490
72.598,	144.994,	0.017671,	0.002040,	255.731,	0.495
72.688,	145.170,	0.029967,	0.002339,	255.731,	0.495
72.785,	145.364,	0.050644,	0.001850,	255.729,	0.540
72.871,	145.544,	0.072369,	0.002688,	255.726,	0.495
72.961,	145.721,	0.098429,	0.003309,	255.724,	0.495
73.051,	145.897,	0.127509,	0.003067,	255.723,	0.490
73.138,	146.077,	0.159901,	0.001411,	255.722,	0.500
73.235,	146.272,	0.197342,	0.001777,	255.719,	0.540
73.332,	146.466,	0.236054,	0.002051,	255.717,	0.535
73.422,	146.642,	0.274127,	0.002277,	255.714,	0.495
73.512,	146.819,	0.311112,	0.003326,	255.713,	0.490
73.598,	146.999,	0.349001,	0.002587,	255.710,	0.495
73.688,	147.175,	0.383859,	0.001704,	255.709,	0.495
73.786,	147.370,	0.419942,	0.002298,	255.707,	0.540
73.876,	147.550,	0.450948,	0.002649,	255.703,	0.495
73.966,	147.726,	0.477851,	0.001643,	255.702,	0.495
74.052,	147.902,	0.502987,	0.001863,	255.701,	0.490
74.142,	148.082,	0.525372,	0.001962,	255.698,	0.495
74.239,	148.277,	0.542406,	0.002641,	255.696,	0.540
74.329,	148.457,	0.556236,	0.002171,	255.695,	0.495
74.416,	148.630,	0.565552,	0.002757,	255.694,	0.490
74.506,	148.810,	0.572351,	0.001777,	255.692,	0.495
74.596,	148.990,	0.573412,	0.002516,	255.688,	0.495
74.693,	149.180,	0.571014,	0.002742,	255.686,	0.540
74.779,	149.360,	0.565542,	0.002363,	255.685,	0.495
74.869,	149.537,	0.555997,	0.002219,	255.683,	0.490
74.959,	149.713,	0.543612,	0.002367,	255.680,	0.490
75.046,	149.893,	0.528912,	0.001786,	255.679,	0.500
75.143,	150.088,	0.508509,	0.001424,	255.676,	0.540
75.233,	150.264,	0.489550,	0.002290,	255.675,	0.495
75.323,	150.444,	0.467104,	0.002266,	255.672,	0.490
75.409,	150.617,	0.443627,	0.002249,	255.670,	0.490
75.499,	150.797,	0.419045,	0.002490,	255.669,	0.500
75.596,	150.991,	0.390636,	0.001587,	255.667,	0.535
75.686,	151.168,	0.364823,	0.002606,	255.664,	0.490
75.773,	151.348,	0.338723,	0.002167,	255.662,	0.500
75.863,	151.524,	0.312058,	0.001631,	255.660,	0.490
75.953,	151.700,	0.285896,	0.002837,	255.658,	0.495
76.050,	151.898,	0.256372,	0.001600,	255.657,	0.540
76.136,	152.071,	0.233560,	0.002089,	255.655,	0.490
76.226,	152.255,	0.210273,	0.002518,	255.653,	0.500
76.316,	152.428,	0.189173,	0.002574,	255.649,	0.490
76.403,	152.608,	0.167725,	0.002744,	255.648,	0.490
76.504,	152.802,	0.145893,	0.001170,	255.647,	0.545
76.590,	152.978,	0.128636,	0.002662,	255.645,	0.495
76.680,	153.158,	0.111916,	0.001956,	255.641,	0.495
76.766,	153.335,	0.098674,	0.003046,	255.640,	0.490
76.856,	153.511,	0.084654,	0.002294,	255.638,	0.495
76.954,	153.706,	0.070089,	0.002270,	255.638,	0.540
77.044,	153.882,	0.060814,	0.002400,	255.633,	0.490
77.134,	154.062,	0.051317,	0.002025,	255.632,	0.500
77.220,	154.238,	0.044686,	0.002535,	255.630,	0.490
77.310,	154.418,	0.037910,	0.001926,	255.630,	0.500
77.407,	154.613,	0.031553,	0.001032,	255.626,	0.535
77.494,	154.789,	0.027748,	0.003179,	255.623,	0.490
77.584,	154.969,	0.023577,	0.001977,	255.622,	0.495
77.674,	155.146,	0.020162,	0.003162,	255.621,	0.495
77.764,	155.322,	0.018375,	0.002624,	255.617,	0.495
77.861,	155.516,	0.016529,	0.001829,	255.617,	0.540
77.947,	155.696,	0.014610,	0.003244,	255.615,	0.500
78.037,	155.873,	0.014090,	0.002098,	255.613,	0.490
78.127,	156.049,	0.013404,	0.002746,	255.611,	0.490
78.214,	156.229,	0.012522,	0.002772,	255.610,	0.500
78.311,	156.424,	0.011142,	0.001538,	255.608,	0.535
78.401,	156.600,	0.011745,	0.002759,	255.607,	0.495
78.491,	156.776,	0.010949,	0.002798,	255.603,	0.490
78.577,	156.953,	0.009882,	0.002553,	255.601,	0.490
78.667,	157.136,	0.009392,	0.002288,	255.599,	0.505
78.764,	157.327,	0.009398,	0.002318,	255.597,	0.535
78.854,	157.507,	0.008721,	0.002068,	255.593,	0.500
78.944,	157.684,	0.008779,	0.003365,	255.592,	0.490
79.031,	157.860,	0.007796,	0.003860,	255.591,	0.490
79.121,	158.040,	0.007093,	0.003727,	255.589,	0.495
79.218,	158.234,	0.005662,	0.001096,	255.586,	0.540
79.304,	158.411,	0.005418,	0.002292,	255.585,	0.495
79.394,	158.587,	0.004965,	0.003737,	255.582,	0.490
79.484,	158.764,	0.004522,	0.001887,	255.581,	0.490
79.574,	158.947,	0.003224,	0.002621,	255.579,	0.505
79.672,	159.138,	0.002132,	0.002469,	255.579,	0.535
79.758,	159.318,	0.003048,	0.002217,	255.576,	0.495
79.848,	159.494,	0.001716,	0.002960,	255.572,	0.495
79.934,	159.671,	0.001556,	0.001460,	255.571,	0.485
80.024,	159.851,	0.000499,	0.002634,	255.569,	0.500
80.122,	160.045,	0.000452,	0.002561,	255.568,	0.540
80.212,	160.218,	0.000259,	0.001413,	255.565,	0.485
80.298,	160.398,	0.000372,	0.003289,	255.564,	0.500
80.388,	160.574,	-0.000034,	0.002656,	255.561,	0.490
80.478,	160.754,	-0.000590,	0.002014,	255.560,	0.495
80.564,	160.931,	-0.000052,	0.002863,	255.558,	0.495
80.662,	161.125,	-0.001120,	0.002027,	255.555,	0.535
80.752,	161.302,	-0.000204,	0.002117,	255.554,	0.490
80.842,	161.482,	-0.000047,	0.002533,	255.552,	0.500
80.928,	161.658,	-0.000303,	0.002279,	255.549,	0.490
81.018,	161.834,	-0.000177,	0.002204,	255.548,	0.495
81.115,	162.029,	-0.000421,	0.001092,	255.546,	0.540
81.205,	162.205,	0.000076,	0.002994,	255.543,	0.490
81.295,	162.385,	-0.000352,	0.002581,	255.540,	0.500
81.382,	162.565,	0.000940,	0.002527,	255.539,	0.495
81.472,	162.742,	0.001177,	0.001689,	255.538,	0.495
81.569,	162.936,	0.000190,	0.002376,	255.536,	0.535
81.655,	163.112,	0.001136,	0.002934,	255.532,	0.490
81.745,	163.292,	0.001379,	0.001926,	255.531,	0.500
81.835,	163.465,	0.001759,	0.001930,	255.529,	0.490
81.922,	163.645,	0.001218,	0.002908,	255.528,	0.495
82.012,	163.822,	0.001797,	0.002309,	255.525,	0.490
82.109,	164.016,	0.001715,	0.003479,	255.524,	0.535
82.199,	164.196,	0.001919,	0.001760,	255.522,	0.500
82.285,	164.372,	0.001998,	0.003571,	255.520,	0.490
82.375,	164.552,	0.001308,	0.003160,	255.517,	0.500
82.465,	164.729,	0.001542,	0.002671,	255.515,	0.490
82.562,	164.920,	0.000765,	0.001228,	255.513,	0.540
82.660,	165.118,	0.001122,	0.001544,	255.510,	0.545
82.750,	165.294,	0.001019,	0.002777,	255.509,	0.490
82.836,	165.470,	0.001648,	0.002639,	255.507,	0.495
82.926,	165.650,	0.001139,	0.001738,	255.506,	0.495
83.016,	165.827,	0.000986,	0.002104,	255.504,	0.490
83.113,	166.025,	-0.000132,	0.002335,	255.502,	0.545
83.200,	166.198,	-0.005421,	0.002912,	255.500,	0.490
83.290,	166.378,	-0.004978,	0.002734,	255.497,	0.490
83.380,	166.554,	-0.005411,	0.002693,	255.494,	0.500
83.466,	166.730,	-0.005133,	0.004058,	255.493,	0.485
83.563,	166.928,	-0.006215,	0.001971,	255.491,	0.545
83.653,	167.105,	-0.006088,	0.001667,	255.490,	0.495
83.743,	167.281,	-0.006823,	0.003382,	255.486,	0.495
83.830,	167.461,	-0.007242,	0.002361,	255.486,	0.490
83.920,	167.638,	-0.006634,	0.002421,	255.484,	0.490
84.017,	167.832,	-0.006683,	0.002565,	255.482,	0.550
84.107,	168.008,	-0.005617,	0.003388,	255.479,	0.490
84.197,	168.188,	-0.006671,	0.002897,	255.476,	0.495
84.283,	168.365,	-0.007061,	0.002988,	255.475,	0.495
84.373,	168.545,	-0.006685,	0.001874,	255.473,	0.495
84.470,	168.739,	-0.007384,	0.001997,	255.470,	0.540
84.560,	168.916,	-0.005464,	0.002212,	255.468,	0.490
84.647,	169.096,	-0.005364,	0.002113,	255.467,	0.500
84.737,	169.272,	-0.005091,	0.001161,	255.466,	0.490
84.827,	169.452,	-0.005180,	0.002964,	255.462,	0.500
84.924,	169.643,	-0.006314,	0.001762,	255.462,	0.530
85.010,	169.823,	-0.004510,	0.002016,	255.460,	0.495
85.100,	170.003,	-0.004257,	0.002245,	255.457,	0.500
85.190,	170.179,	-0.004118,	0.002212,	255.455,	0.490
85.277,	170.356,	-0.005798,	0.003425,	255.453,	0.495
85.374,	170.550,	-0.007351,	0.002044,	255.451,	0.540
85.464,	170.726,	-0.007778,	0.002188,	255.448,	0.490
85.554,	170.906,	-0.006703,	0.002438,	255.448,	0.500
85.644,	171.086,	-0.006564,	0.001577,	255.445,	0.495
85.734,	171.263,	-0.006242,	0.002686,	255.443,	0.495
85.831,	171.457,	-0.007415,	0.001863,	255.440,	0.540
85.921,	171.637,	-0.007098,	0.003203,	255.440,	0.500
86.008,	171.814,	-0.006491,	0.003304,	255.438,	0.495
86.098,	171.994,	-0.006371,	0.002630,	255.436,	0.495
86.188,	172.174,	-0.006498,	0.002669,	255.433,	0.500
86.278,	172.354,	-0.006532,	0.002223,	255.430,	0.495
86.375,	172.548,	-0.007347,	0.001872,	255.429,	0.540
86.461,	172.724,	-0.006783,	0.002458,	255.427,	0.495
86.551,	172.901,	-0.006445,	0.003272,	255.425,	0.490
86.641,	173.081,	-0.006120,	0.002690,	255.424,	0.495
86.731,	173.257,	-0.006512,	0.002886,	255.421,	0.500
86.828,	173.452,	-0.007921,	0.002072,	255.420,	0.540
86.915,	173.628,	-0.006633,	0.002305,	255.416,	0.490
87.005,	173.808,	-0.007926,	0.001353,	255.414,	0.490
87.095,	173.984,	-0.006552,	0.001219,	255.413,	0.495
87.181,	174.161,	-0.006787,	0.002158,	255.411,	0.495
87.278,	174.355,	-0.006582,	0.001945,	255.408,	0.540
87.368,	174.535,	-0.006344,	0.002927,	255.407,	0.495
87.458,	174.715,	-0.005704,	0.003563,	255.405,	0.495
87.545,	174.888,	-0.005269,	0.000622,	255.403,	0.490
87.635,	175.068,	-0.004043,	0.002744,	255.401,	0.500
87.732,	175.262,	-0.005391,	0.001570,	255.400,	0.540
87.822,	175.439,	-0.005205,	0.001603,	255.398,	0.490
87.908,	175.615,	-0.007181,	0.001491,	255.394,	0.490
87.998,	175.795,	-0.006102,	0.002639,	255.393,	0.495
88.088,	175.972,	-0.006216,	0.001846,	255.391,	0.495
88.186,	176.166,	-0.007616,	0.002260,	255.388,	0.540
88.272,	176.346,	-0.006393,	0.001618,	255.387,	0.495
88.362,	176.522,	-0.005045,	0.002611,	255.384,	0.495
88.452,	176.699,	-0.003879,	0.002874,	255.384,	0.490
88.542,	176.882,	-0.004264,	0.002557,	255.381,	0.500
88.639,	177.073,	-0.005623,	0.001006,	255.378,	0.540
88.726,	177.253,	-0.004848,	0.002729,	255.376,	0.495
88.816,	177.430,	-0.005039,	0.002214,	255.375,	0.490
88.906,	177.606,	-0.004242,	0.003132,	255.373,	0.495
88.992,	177.786,	-0.004693,	0.002874,	255.372,	0.495
89.089,	177.980,	-0.006403,	0.001725,	255.368,	0.535
89.179,	178.160,	-0.005996,	0.003694,	255.368,	0.500
89.269,	178.337,	-0.006302,	0.002846,	255.367,	0.495
89.356,	178.513,	-0.005829,	0.002818,	255.362,	0.490
89.446,	178.693,	-0.006220,	0.001609,	255.361,	0.495
89.543,	178.884,	-0.006020,	0.001949,	255.360,	0.535
89.633,	179.064,	-0.006423,	0.001988,	255.359,	0.495
89.723,	179.240,	-0.006499,	0.001475,	255.355,	0.500
89.809,	179.420,	-0.007801,	0.002094,	255.353,	0.490
89.899,	179.597,	-0.007324,	0.001544,	255.351,	0.495
