Num, Lmd, sig,    mon,    Ring,  sec
#lmd,   E,  HOYAX,  Y,  Smpl,  Det, AGC X, Y, Smpl, Det
#6.75016,	183.6760,	57.000,	22.000,	4.300,	30.000,	0.000,	-76.000,	-0.068,	-0.346

1,	6.75016,	6.361303,	-0.002624,	242.231,	94.175
2,	6.75016,	6.357479,	0.000108,	242.231,	0.555
3,	6.75016,	6.357939,	-0.000173,	242.229,	0.500
4,	6.75016,	6.358334,	-0.000386,	242.227,	0.500
5,	6.75016,	6.358299,	-0.000711,	242.225,	0.500
6,	6.75016,	6.356301,	0.000056,	242.224,	0.500
7,	6.75016,	6.356800,	0.000961,	242.222,	0.555
8,	6.75016,	6.358441,	-0.000233,	242.220,	0.550
9,	6.75016,	6.357830,	0.000918,	242.218,	0.500
10,	6.75016,	6.358229,	-0.000088,	242.217,	0.500
11,	6.75016,	6.359909,	-0.000321,	242.213,	0.495
12,	6.75016,	6.358279,	-0.000705,	242.212,	0.500
13,	6.75016,	6.357680,	-0.000440,	242.211,	0.550
14,	6.75016,	6.360193,	-0.000362,	242.209,	0.505
15,	6.75016,	6.358567,	-0.000220,	242.208,	0.495
16,	6.75016,	6.358113,	-0.000392,	242.205,	0.505
17,	6.75016,	6.359402,	0.000370,	242.204,	0.500
18,	6.75016,	6.359168,	0.000922,	242.201,	0.545
19,	6.75016,	6.359148,	-0.000358,	242.200,	0.500
20,	6.75016,	6.360030,	0.001310,	242.198,	0.500
21,	6.75016,	6.360049,	0.000614,	242.196,	0.500
22,	6.75016,	6.359969,	0.000084,	242.194,	0.500
23,	6.75016,	6.359001,	-0.000754,	242.193,	0.505
24,	6.75016,	6.359293,	-0.000392,	242.191,	0.550
25,	6.75016,	6.360627,	0.000280,	242.189,	0.495
26,	6.75016,	6.361520,	-0.000369,	242.188,	0.500
27,	6.75016,	6.361849,	0.000650,	242.187,	0.500
28,	6.75016,	6.359235,	-0.000297,	242.184,	0.500
29,	6.75016,	6.359677,	0.000136,	242.181,	0.550
30,	6.75016,	6.360043,	0.000597,	242.179,	0.505
31,	6.75016,	6.359060,	0.000224,	242.178,	0.495
32,	6.75016,	6.361220,	-0.000711,	242.177,	0.505
33,	6.75016,	6.361371,	-0.000119,	242.174,	0.500
34,	6.75016,	6.361761,	-0.000050,	242.173,	0.545
35,	6.75016,	6.361141,	0.000155,	242.172,	0.505
36,	6.75016,	6.360667,	0.000245,	242.169,	0.495
37,	6.75016,	6.359932,	-0.000890,	242.167,	0.500
38,	6.75016,	6.361126,	-0.001043,	242.166,	0.500
39,	6.75016,	6.361730,	0.000577,	242.164,	0.550
40,	6.75016,	6.360321,	-0.000412,	242.162,	0.550
41,	6.75016,	6.362554,	0.000019,	242.160,	0.550
42,	6.75016,	6.360255,	0.000370,	242.159,	0.505
43,	6.75016,	6.361714,	0.000140,	242.155,	0.500
44,	6.75016,	6.361092,	-0.000321,	242.154,	0.500
45,	6.75016,	6.362227,	-0.000823,	242.153,	0.500
46,	6.75016,	6.360763,	-0.000142,	242.153,	0.550
47,	6.75016,	6.362803,	-0.000022,	242.149,	0.505
48,	6.75016,	6.361649,	0.000659,	242.149,	0.495
49,	6.75016,	6.361752,	0.000530,	242.147,	0.500
50,	6.75016,	6.361585,	0.000217,	242.144,	0.500
51,	6.75016,	6.361636,	-0.000173,	242.142,	0.500
52,	6.75016,	6.362586,	0.000153,	242.141,	0.550
53,	6.75016,	6.362726,	-0.000026,	242.139,	0.500
54,	6.75016,	6.361331,	0.000140,	242.137,	0.500
55,	6.75016,	6.361987,	-0.000627,	242.136,	0.500
56,	6.75016,	6.363720,	0.000976,	242.133,	0.505
57,	6.75016,	6.362517,	0.000444,	242.133,	0.545
58,	6.75016,	6.362325,	-0.000229,	242.130,	0.500
59,	6.75016,	6.363037,	-0.000220,	242.128,	0.505
60,	6.75016,	6.361921,	0.001101,	242.127,	0.495
61,	6.75016,	6.362864,	0.001551,	242.126,	0.500
62,	6.75016,	6.362040,	-0.000722,	242.123,	0.550
63,	6.75016,	6.362689,	0.000928,	242.121,	0.500
64,	6.75016,	6.360908,	0.001346,	242.119,	0.500
65,	6.75016,	6.362363,	0.001792,	242.117,	0.500
66,	6.75016,	6.361616,	-0.000181,	242.115,	0.500
67,	6.75016,	6.362222,	0.000767,	242.114,	0.550
68,	6.75016,	6.362431,	0.000224,	242.111,	0.550
69,	6.75016,	6.362323,	0.000092,	242.110,	0.500
70,	6.75016,	6.363449,	-0.000248,	242.108,	0.505
71,	6.75016,	6.361876,	0.000179,	242.108,	0.500
72,	6.75016,	6.363458,	0.000265,	242.105,	0.495
73,	6.75016,	6.362124,	0.000476,	242.103,	0.550
74,	6.75016,	6.361921,	-0.000718,	242.102,	0.505
75,	6.75016,	6.362756,	-0.000071,	242.099,	0.495
76,	6.75016,	6.360951,	0.000024,	242.097,	0.500
77,	6.75016,	6.362951,	0.000097,	242.096,	0.505
78,	6.75016,	6.361745,	0.000254,	242.094,	0.545
79,	6.75016,	6.362213,	0.000127,	242.092,	0.500
80,	6.75016,	6.361992,	0.000146,	242.090,	0.505
81,	6.75016,	6.360377,	-0.000860,	242.088,	0.495
82,	6.75016,	6.362594,	0.000385,	242.087,	0.505
83,	6.75016,	6.362264,	-0.000381,	242.084,	0.495
84,	6.75016,	6.362486,	0.000127,	242.083,	0.550
85,	6.75016,	6.360771,	-0.001355,	242.082,	0.500
86,	6.75016,	6.359969,	0.000485,	242.077,	0.500
87,	6.75016,	6.360063,	0.000054,	242.075,	0.500
88,	6.75016,	6.360839,	0.000719,	242.074,	0.505
89,	6.75016,	6.359452,	0.000629,	242.072,	0.545
90,	6.75016,	6.360546,	0.000019,	242.070,	0.500
91,	6.75016,	6.360214,	-0.001293,	242.069,	0.505
92,	6.75016,	6.359062,	-0.000664,	242.067,	0.500
93,	6.75016,	6.359176,	-0.000866,	242.065,	0.500
94,	6.75016,	6.359343,	-0.001196,	242.063,	0.550
95,	6.75016,	6.358118,	0.000756,	242.061,	0.505
96,	6.75016,	6.358065,	-0.000588,	242.059,	0.500
97,	6.75016,	6.358485,	0.000325,	242.057,	0.500
98,	6.75016,	6.358598,	0.000769,	242.055,	0.500
99,	6.75016,	6.358200,	-0.000519,	242.055,	0.550
100,	6.75016,	6.356897,	0.000437,	242.052,	0.500
