Num, Lmd, sig,    mon,    Ring,  sec
#lmd,   E,  HOYAX,  Y,  Smpl,  Det, AGC X, Y, Smpl, Det
#6.55015,	189.2846,	57.000,	22.000,	4.300,	30.000,	-24.600,	3.500,	69.930,	29.999

1,	6.55015,	-0.006160,	-0.002279,	259.769,	69.505
2,	6.55015,	-0.007351,	0.000077,	259.766,	0.555
3,	6.55015,	-0.007297,	-0.000569,	259.765,	0.505
4,	6.55015,	-0.006873,	0.000011,	259.763,	0.505
5,	6.55015,	-0.007077,	0.000194,	259.760,	0.500
6,	6.55015,	-0.007503,	-0.000319,	259.758,	0.505
7,	6.55015,	-0.007236,	-0.000076,	259.757,	0.555
8,	6.55015,	-0.007307,	0.000674,	259.753,	0.550
9,	6.55015,	-0.006197,	-0.000465,	259.751,	0.500
10,	6.55015,	-0.007268,	0.000183,	259.749,	0.505
11,	6.55015,	-0.007029,	0.001027,	259.748,	0.495
12,	6.55015,	-0.007398,	-0.000397,	259.745,	0.510
13,	6.55015,	-0.007256,	-0.000099,	259.743,	0.555
14,	6.55015,	-0.007678,	-0.001030,	259.743,	0.545
15,	6.55015,	-0.007424,	-0.000692,	259.740,	0.555
16,	6.55015,	-0.006985,	-0.000715,	259.738,	0.505
17,	6.55015,	-0.007179,	-0.000293,	259.734,	0.505
18,	6.55015,	-0.007808,	-0.000037,	259.732,	0.505
19,	6.55015,	-0.006684,	-0.001689,	259.731,	0.505
20,	6.55015,	-0.006593,	-0.000605,	259.729,	0.555
21,	6.55015,	-0.007017,	0.000851,	259.725,	0.500
22,	6.55015,	-0.007700,	0.000052,	259.724,	0.510
23,	6.55015,	-0.006936,	0.000086,	259.722,	0.505
24,	6.55015,	-0.007497,	-0.000571,	259.721,	0.505
25,	6.55015,	-0.006244,	0.000364,	259.717,	0.555
26,	6.55015,	-0.007207,	0.000357,	259.716,	0.505
27,	6.55015,	-0.006916,	-0.000914,	259.714,	0.505
28,	6.55015,	-0.007121,	-0.000774,	259.711,	0.500
29,	6.55015,	-0.006658,	0.000603,	259.709,	0.510
30,	6.55015,	-0.006655,	-0.000465,	259.708,	0.555
31,	6.55015,	-0.007157,	-0.000560,	259.707,	0.505
32,	6.55015,	-0.007084,	0.000329,	259.703,	0.500
33,	6.55015,	-0.008300,	-0.000229,	259.702,	0.505
34,	6.55015,	-0.007499,	0.000084,	259.700,	0.510
35,	6.55015,	-0.006933,	-0.001131,	259.699,	0.500
36,	6.55015,	-0.006386,	-0.000700,	259.695,	0.555
37,	6.55015,	-0.006707,	-0.000513,	259.693,	0.555
38,	6.55015,	-0.006879,	0.001126,	259.691,	0.555
39,	6.55015,	-0.007556,	-0.000300,	259.688,	0.505
40,	6.55015,	-0.006747,	0.000112,	259.687,	0.505
41,	6.55015,	-0.007160,	-0.000233,	259.685,	0.505
42,	6.55015,	-0.007243,	0.000491,	259.682,	0.505
43,	6.55015,	-0.006949,	0.000114,	259.680,	0.500
44,	6.55015,	-0.006917,	0.000943,	259.679,	0.550
45,	6.55015,	-0.006816,	-0.000392,	259.676,	0.550
46,	6.55015,	-0.007358,	-0.000776,	259.675,	0.550
47,	6.55015,	-0.007227,	-0.000151,	259.673,	0.510
48,	6.55015,	-0.006873,	-0.000468,	259.669,	0.505
49,	6.55015,	-0.007482,	0.000217,	259.668,	0.505
50,	6.55015,	-0.006939,	-0.000870,	259.666,	0.505
51,	6.55015,	-0.007370,	0.000345,	259.664,	0.505
52,	6.55015,	-0.007390,	-0.000416,	259.661,	0.555
53,	6.55015,	-0.007295,	-0.000341,	259.659,	0.555
54,	6.55015,	-0.006637,	0.000637,	259.657,	0.505
55,	6.55015,	-0.007657,	-0.000287,	259.654,	0.505
56,	6.55015,	-0.007834,	-0.000577,	259.653,	0.505
57,	6.55015,	-0.006901,	-0.000612,	259.651,	0.505
58,	6.55015,	-0.007138,	-0.000048,	259.648,	0.555
59,	6.55015,	-0.006811,	0.000256,	259.646,	0.505
60,	6.55015,	-0.007203,	-0.001288,	259.645,	0.500
61,	6.55015,	-0.007015,	0.000181,	259.643,	0.510
62,	6.55015,	-0.007379,	0.001172,	259.639,	0.500
63,	6.55015,	-0.007110,	-0.000004,	259.638,	0.510
64,	6.55015,	-0.007129,	-0.000239,	259.637,	0.555
65,	6.55015,	-0.007182,	-0.000345,	259.633,	0.550
66,	6.55015,	-0.007643,	-0.000325,	259.631,	0.550
67,	6.55015,	-0.007599,	0.000392,	259.630,	0.555
68,	6.55015,	-0.007792,	0.000450,	259.626,	0.555
69,	6.55015,	-0.006788,	-0.000017,	259.625,	0.505
70,	6.55015,	-0.006689,	-0.000468,	259.623,	0.505
71,	6.55015,	-0.007230,	-0.000911,	259.619,	0.500
72,	6.55015,	-0.007240,	-0.000830,	259.618,	0.505
73,	6.55015,	-0.007418,	-0.000164,	259.617,	0.550
74,	6.55015,	-0.006437,	-0.000911,	259.614,	0.505
75,	6.55015,	-0.007906,	-0.000173,	259.612,	0.510
76,	6.55015,	-0.007219,	-0.001288,	259.610,	0.500
77,	6.55015,	-0.007312,	-0.001200,	259.609,	0.510
78,	6.55015,	-0.007867,	-0.000470,	259.606,	0.555
79,	6.55015,	-0.007237,	-0.000500,	259.604,	0.505
80,	6.55015,	-0.007812,	-0.000121,	259.602,	0.505
81,	6.55015,	-0.006134,	-0.000817,	259.600,	0.505
82,	6.55015,	-0.007316,	0.000547,	259.597,	0.505
83,	6.55015,	-0.007845,	0.000373,	259.595,	0.555
84,	6.55015,	-0.006889,	-0.000263,	259.594,	0.505
85,	6.55015,	-0.006964,	0.000269,	259.590,	0.505
86,	6.55015,	-0.007845,	0.000564,	259.589,	0.505
87,	6.55015,	-0.006444,	0.000108,	259.588,	0.505
88,	6.55015,	-0.007689,	0.000519,	259.586,	0.550
89,	6.55015,	-0.007510,	0.000127,	259.582,	0.510
90,	6.55015,	-0.006868,	-0.000328,	259.582,	0.505
91,	6.55015,	-0.007596,	-0.000771,	259.580,	0.505
92,	6.55015,	-0.008086,	-0.000812,	259.576,	0.500
93,	6.55015,	-0.007843,	-0.000185,	259.574,	0.555
94,	6.55015,	-0.006927,	-0.000405,	259.573,	0.505
95,	6.55015,	-0.007821,	0.000665,	259.571,	0.505
96,	6.55015,	-0.007092,	-0.000577,	259.568,	0.505
97,	6.55015,	-0.007654,	-0.000737,	259.566,	0.505
98,	6.55015,	-0.007253,	-0.000069,	259.564,	0.555
99,	6.55015,	-0.007338,	0.000362,	259.561,	0.505
100,	6.55015,	-0.007287,	0.000217,	259.559,	0.505
