Smpl, Det, sig,    mon,    Ring,  sec
#lmd,   E,  HOYAX,  Y,  Smpl,  Det, AGC X, Y, Smpl, Det, ppsSmpl, ppsDet
#6.70015,	185.0470,	57.000,	22.000,	4.300,	30.000,	2.400,	4.000,	69.930,	139.651,100,100

69.869,	139.540,	-0.003201,	-0.001245,	264.969,	37.475
69.966,	139.734,	-0.005058,	0.003177,	264.967,	0.540
70.056,	139.910,	-0.004184,	0.001178,	264.965,	0.495
70.146,	140.090,	-0.003862,	0.002792,	264.962,	0.495
70.232,	140.267,	-0.003673,	0.003205,	264.960,	0.490
70.322,	140.447,	-0.003576,	0.003492,	264.957,	0.500
70.420,	140.641,	-0.003962,	0.002148,	264.955,	0.540
70.510,	140.821,	-0.003542,	0.002029,	264.954,	0.495
70.600,	140.998,	-0.003683,	0.002094,	264.952,	0.495
70.686,	141.174,	-0.004433,	0.001859,	264.948,	0.490
70.776,	141.354,	-0.005029,	0.003311,	264.947,	0.495
70.873,	141.548,	-0.004627,	0.002456,	264.945,	0.545
70.963,	141.725,	-0.004603,	0.002234,	264.944,	0.495
71.053,	141.905,	-0.004826,	0.001768,	264.941,	0.500
71.143,	142.081,	-0.004751,	0.002910,	264.939,	0.490
71.230,	142.258,	-0.004526,	0.002634,	264.937,	0.490
71.330,	142.456,	-0.005451,	0.003470,	264.935,	0.550
71.417,	142.632,	-0.005840,	0.002184,	264.932,	0.485
71.507,	142.812,	-0.005736,	0.003126,	264.930,	0.500
71.597,	142.988,	-0.005511,	0.002003,	264.929,	0.495
71.683,	143.168,	-0.005172,	0.001663,	264.925,	0.495
71.780,	143.363,	-0.006390,	0.001792,	264.923,	0.540
71.870,	143.539,	-0.004425,	0.002471,	264.922,	0.495
71.960,	143.719,	-0.004687,	0.003195,	264.920,	0.495
72.050,	143.899,	-0.005059,	0.002611,	264.918,	0.495
72.137,	144.076,	-0.004870,	0.002156,	264.915,	0.495
72.227,	144.252,	-0.004607,	0.002553,	264.913,	0.490
72.324,	144.446,	-0.005376,	0.001790,	264.912,	0.540
72.414,	144.623,	-0.004618,	0.003207,	264.908,	0.495
72.500,	144.803,	-0.005039,	0.001982,	264.906,	0.490
72.590,	144.979,	-0.006638,	0.003104,	264.904,	0.495
72.680,	145.159,	-0.005088,	0.003268,	264.902,	0.495
72.778,	145.354,	-0.005490,	0.002708,	264.900,	0.540
72.864,	145.530,	-0.005822,	0.002115,	264.897,	0.490
72.954,	145.706,	-0.004897,	0.003352,	264.895,	0.500
73.044,	145.886,	-0.005519,	0.002701,	264.893,	0.490
73.134,	146.063,	-0.005644,	0.002273,	264.892,	0.500
73.231,	146.257,	-0.006399,	0.001840,	264.888,	0.540
73.318,	146.437,	-0.005711,	0.001594,	264.886,	0.490
73.408,	146.614,	-0.005691,	0.001534,	264.885,	0.500
73.498,	146.794,	-0.005720,	0.001277,	264.882,	0.495
73.588,	146.970,	-0.006542,	0.001807,	264.880,	0.495
73.685,	147.164,	-0.006487,	0.002068,	264.879,	0.535
73.771,	147.341,	-0.005722,	0.002443,	264.877,	0.490
73.861,	147.521,	-0.005075,	0.002331,	264.873,	0.500
73.948,	147.697,	-0.005635,	0.002830,	264.871,	0.495
74.038,	147.877,	-0.004598,	0.003136,	264.869,	0.495
74.135,	148.072,	-0.005648,	0.001124,	264.868,	0.540
74.225,	148.252,	-0.006180,	0.002352,	264.864,	0.500
74.315,	148.424,	-0.004934,	0.002428,	264.863,	0.485
74.405,	148.608,	-0.005318,	0.003304,	264.861,	0.500
74.491,	148.781,	-0.005780,	0.002130,	264.859,	0.490
74.588,	148.979,	-0.005345,	0.001002,	264.856,	0.540
74.678,	149.155,	-0.005692,	0.002227,	264.853,	0.500
74.768,	149.335,	-0.005421,	0.003520,	264.851,	0.490
74.858,	149.512,	-0.005311,	0.001497,	264.850,	0.495
74.945,	149.692,	-0.006411,	0.002044,	264.847,	0.500
75.042,	149.886,	-0.005920,	0.001831,	264.845,	0.540
75.132,	150.066,	-0.005971,	0.001514,	264.844,	0.500
75.222,	150.239,	-0.006110,	0.001921,	264.842,	0.485
75.308,	150.419,	-0.006072,	0.002413,	264.838,	0.495
75.398,	150.599,	-0.005762,	0.001684,	264.836,	0.500
75.496,	150.793,	-0.006081,	0.002593,	264.835,	0.535
75.586,	150.973,	-0.005562,	0.002359,	264.832,	0.505
75.676,	151.150,	-0.005224,	0.002210,	264.831,	0.485
75.766,	151.330,	-0.005280,	0.002932,	264.828,	0.505
75.852,	151.502,	-0.005259,	0.002165,	264.826,	0.485
75.949,	151.700,	-0.006797,	0.001445,	264.823,	0.545
76.039,	151.877,	-0.005362,	0.001385,	264.821,	0.495
76.129,	152.053,	-0.007101,	0.002675,	264.820,	0.490
76.219,	152.233,	-0.006323,	0.002772,	264.818,	0.500
76.306,	152.410,	-0.005157,	0.003852,	264.816,	0.490
76.403,	152.608,	-0.005107,	0.002025,	264.812,	0.545
76.493,	152.784,	-0.005185,	0.001861,	264.811,	0.490
76.583,	152.964,	-0.004827,	0.001639,	264.809,	0.500
76.669,	153.140,	-0.005100,	0.002764,	264.805,	0.495
76.759,	153.320,	-0.004574,	0.002770,	264.805,	0.495
76.856,	153.515,	-0.005566,	0.002617,	264.802,	0.540
76.946,	153.691,	-0.005525,	0.002350,	264.801,	0.495
77.036,	153.868,	-0.004267,	0.003050,	264.798,	0.490
77.126,	154.051,	-0.004578,	0.001241,	264.795,	0.505
77.213,	154.224,	-0.005132,	0.002479,	264.793,	0.485
77.310,	154.422,	-0.005873,	0.001792,	264.792,	0.545
77.400,	154.598,	-0.005097,	0.002262,	264.789,	0.495
77.490,	154.778,	-0.005851,	0.002809,	264.787,	0.495
77.580,	154.955,	-0.005501,	0.002027,	264.785,	0.495
77.666,	155.135,	-0.005637,	0.002555,	264.783,	0.495
77.764,	155.329,	-0.005468,	0.002565,	264.780,	0.540
77.854,	155.506,	-0.005446,	0.002234,	264.778,	0.490
77.944,	155.682,	-0.004750,	0.003037,	264.776,	0.500
78.034,	155.862,	-0.005632,	0.001906,	264.773,	0.490
78.120,	156.042,	-0.004632,	0.001768,	264.771,	0.500
78.217,	156.236,	-0.005556,	0.000890,	264.769,	0.540
78.307,	156.416,	-0.005215,	0.003294,	264.767,	0.500
78.397,	156.593,	-0.004668,	0.003923,	264.764,	0.490
78.487,	156.773,	-0.004255,	0.002945,	264.763,	0.500
78.574,	156.946,	-0.005182,	0.002238,	264.761,	0.490
78.671,	157.144,	-0.003983,	0.002684,	264.759,	0.540
78.761,	157.320,	-0.003741,	0.001702,	264.757,	0.495
78.851,	157.500,	-0.004835,	0.002079,	264.754,	0.500
78.941,	157.676,	-0.004633,	0.003933,	264.752,	0.490
79.027,	157.853,	-0.003228,	0.002481,	264.751,	0.495
79.124,	158.051,	-0.003921,	0.001732,	264.747,	0.540
79.214,	158.227,	-0.003550,	0.002934,	264.745,	0.490
79.304,	158.407,	-0.004186,	0.002072,	264.744,	0.500
79.394,	158.587,	-0.003819,	0.002484,	264.742,	0.500
79.481,	158.764,	-0.003869,	0.002408,	264.738,	0.490
79.578,	158.958,	-0.003751,	0.001331,	264.736,	0.540
79.675,	159.152,	-0.004745,	0.000823,	264.736,	0.540
79.765,	159.329,	-0.004774,	0.001340,	264.732,	0.495
79.855,	159.509,	-0.004760,	0.002902,	264.731,	0.495
79.945,	159.685,	-0.005010,	0.003195,	264.729,	0.495
80.032,	159.865,	-0.005175,	0.002632,	264.727,	0.495
80.132,	160.060,	-0.005206,	0.001376,	264.724,	0.545
80.219,	160.236,	-0.005058,	0.001977,	264.722,	0.495
80.309,	160.416,	-0.004981,	0.002604,	264.720,	0.495
80.399,	160.592,	-0.005343,	0.003171,	264.720,	0.495
80.489,	160.772,	-0.005774,	0.003459,	264.716,	0.495
80.582,	160.967,	-0.005732,	0.002529,	264.715,	0.535
80.672,	161.147,	-0.004327,	0.001878,	264.712,	0.500
80.762,	161.323,	-0.005169,	0.001837,	264.710,	0.495
80.852,	161.503,	-0.004799,	0.001732,	264.708,	0.495
80.942,	161.680,	-0.005449,	0.002682,	264.705,	0.495
81.036,	161.874,	-0.005610,	0.001648,	264.704,	0.540
81.126,	162.050,	-0.004023,	0.001932,	264.701,	0.495
81.216,	162.234,	-0.004248,	0.002227,	264.699,	0.500
81.306,	162.407,	-0.004107,	0.003074,	264.697,	0.490
81.396,	162.590,	-0.004599,	0.002755,	264.695,	0.500
81.493,	162.781,	-0.003832,	0.002626,	264.694,	0.535
81.580,	162.961,	-0.003836,	0.002441,	264.691,	0.495
81.670,	163.138,	-0.003922,	0.002464,	264.689,	0.495
81.760,	163.318,	-0.003568,	0.002479,	264.686,	0.495
81.850,	163.494,	-0.002001,	0.003132,	264.686,	0.495
81.947,	163.692,	-0.003943,	0.001639,	264.682,	0.545
82.037,	163.868,	-0.001838,	0.002337,	264.681,	0.495
82.123,	164.048,	-0.002430,	0.001960,	264.678,	0.495
82.213,	164.225,	-0.001360,	0.002285,	264.675,	0.490
82.303,	164.405,	-0.000254,	0.001880,	264.673,	0.500
82.400,	164.599,	-0.001697,	0.002307,	264.672,	0.540
82.490,	164.776,	-0.001910,	0.002453,	264.670,	0.500
82.577,	164.956,	-0.001802,	0.002718,	264.666,	0.490
82.667,	165.132,	-0.002178,	0.002593,	264.665,	0.500
82.757,	165.312,	-0.002768,	0.003201,	264.663,	0.490
82.854,	165.506,	-0.002612,	0.002012,	264.661,	0.545
82.944,	165.683,	-0.002525,	0.002008,	264.658,	0.495
83.034,	165.866,	-0.001315,	0.001960,	264.656,	0.500
83.120,	166.043,	-0.001020,	0.000674,	264.655,	0.490
83.210,	166.219,	-0.004345,	0.002912,	264.653,	0.495
83.308,	166.414,	-0.005492,	0.001445,	264.649,	0.540
83.398,	166.594,	-0.005418,	0.001023,	264.648,	0.495
83.488,	166.770,	-0.005114,	0.002494,	264.646,	0.495
83.574,	166.950,	-0.005829,	0.002186,	264.642,	0.495
83.664,	167.126,	-0.005781,	0.003882,	264.640,	0.490
83.761,	167.321,	-0.007127,	0.000719,	264.639,	0.545
83.851,	167.501,	-0.006921,	0.001921,	264.638,	0.495
83.941,	167.677,	-0.006609,	0.002475,	264.635,	0.495
84.028,	167.857,	-0.007110,	0.001898,	264.633,	0.495
84.118,	168.034,	-0.006369,	0.003160,	264.631,	0.495
84.215,	168.228,	-0.006942,	0.001796,	264.629,	0.540
84.305,	168.408,	-0.006860,	0.001891,	264.627,	0.495
84.395,	168.584,	-0.006322,	0.001070,	264.624,	0.495
84.481,	168.764,	-0.006452,	0.003395,	264.623,	0.495
84.571,	168.944,	-0.006120,	0.001956,	264.621,	0.500
84.668,	169.135,	-0.006199,	0.002089,	264.617,	0.535
84.766,	169.333,	-0.006659,	0.002983,	264.615,	0.545
84.856,	169.510,	-0.004294,	0.002234,	264.614,	0.495
84.946,	169.690,	-0.004109,	0.002206,	264.610,	0.495
85.032,	169.866,	-0.005135,	0.001820,	264.609,	0.490
85.122,	170.042,	-0.003166,	0.002092,	264.606,	0.495
85.219,	170.240,	-0.003463,	0.003134,	264.606,	0.545
85.309,	170.417,	-0.004094,	0.002227,	264.602,	0.490
85.399,	170.597,	-0.006510,	0.002604,	264.599,	0.500
85.486,	170.773,	-0.005965,	0.002313,	264.598,	0.490
85.576,	170.953,	-0.006759,	0.002462,	264.596,	0.500
85.673,	171.148,	-0.006829,	0.002501,	264.593,	0.540
85.763,	171.324,	-0.005961,	0.002005,	264.592,	0.495
85.853,	171.500,	-0.006134,	0.002400,	264.590,	0.490
85.943,	171.684,	-0.006549,	0.002665,	264.588,	0.505
86.029,	171.857,	-0.006669,	0.002697,	264.585,	0.490
86.126,	172.055,	-0.007299,	0.002014,	264.583,	0.540
86.216,	172.231,	-0.005953,	0.002553,	264.581,	0.495
86.306,	172.411,	-0.007020,	0.002669,	264.579,	0.495
86.396,	172.588,	-0.006284,	0.002150,	264.578,	0.495
86.483,	172.768,	-0.006805,	0.002934,	264.574,	0.500
86.573,	172.944,	-0.006713,	0.002193,	264.571,	0.490
86.670,	173.138,	-0.007163,	0.001706,	264.571,	0.540
86.760,	173.318,	-0.006226,	0.002746,	264.567,	0.495
86.846,	173.495,	-0.006741,	0.003115,	264.565,	0.490
86.936,	173.675,	-0.006345,	0.002206,	264.564,	0.500
87.026,	173.855,	-0.007443,	0.001880,	264.562,	0.500
87.124,	174.049,	-0.006915,	0.002695,	264.559,	0.540
87.214,	174.226,	-0.006889,	0.001637,	264.557,	0.490
87.304,	174.406,	-0.005448,	0.001779,	264.556,	0.500
87.394,	174.586,	-0.006594,	0.002738,	264.551,	0.500
87.480,	174.762,	-0.006638,	0.002173,	264.550,	0.490
87.581,	174.956,	-0.005641,	0.001553,	264.549,	0.550
87.667,	175.136,	-0.003857,	0.003158,	264.548,	0.490
87.757,	175.316,	-0.002036,	0.002165,	264.543,	0.500
87.847,	175.493,	-0.005892,	0.001081,	264.542,	0.490
87.937,	175.673,	-0.006091,	0.002960,	264.539,	0.500
88.034,	175.867,	-0.006838,	0.001637,	264.538,	0.540
88.124,	176.047,	-0.007443,	0.001945,	264.534,	0.500
88.211,	176.220,	-0.006595,	0.002318,	264.534,	0.490
88.301,	176.400,	-0.005709,	0.001577,	264.532,	0.500
88.391,	176.576,	-0.005785,	0.002042,	264.531,	0.490
88.488,	176.774,	-0.003832,	0.001908,	264.526,	0.545
88.578,	176.951,	-0.004486,	0.002201,	264.524,	0.495
88.668,	177.131,	-0.005160,	0.001654,	264.522,	0.495
88.754,	177.307,	-0.004167,	0.002378,	264.520,	0.490
88.844,	177.487,	-0.003958,	0.002341,	264.516,	0.500
88.942,	177.682,	-0.004385,	0.001956,	264.515,	0.540
89.032,	177.862,	-0.005206,	0.003061,	264.513,	0.495
89.118,	178.038,	-0.004969,	0.002283,	264.510,	0.495
89.208,	178.218,	-0.005924,	0.002729,	264.508,	0.495
89.298,	178.394,	-0.005252,	0.001727,	264.506,	0.495
89.395,	178.592,	-0.007175,	0.002038,	264.505,	0.545
89.492,	178.787,	-0.006520,	0.001939,	264.502,	0.540
89.582,	178.963,	-0.005980,	0.002947,	264.499,	0.490
89.672,	179.143,	-0.006708,	0.003003,	264.498,	0.500
89.759,	179.320,	-0.006391,	0.002912,	264.496,	0.495
89.849,	179.500,	-0.006891,	0.002667,	264.493,	0.495
89.946,	179.690,	-0.007914,	0.002128,	264.492,	0.540
