Num, Lmd, sig,    mon,    Ring,  sec
#lmd,   E,  HOYAX,  Y,  Smpl,  Det, AGC X, Y, Smpl, Det
#6.75016,	183.6760,	57.000,	22.000,	4.300,	30.000,	-24.600,	3.500,	69.930,	29.999

1,	6.75012,	-0.005932,	-0.003154,	252.618,	69.570
2,	6.75012,	-0.007413,	-0.000181,	252.616,	0.555
3,	6.75012,	-0.007098,	0.000151,	252.615,	0.495
4,	6.75016,	-0.007588,	-0.000855,	252.612,	0.500
5,	6.75012,	-0.007356,	-0.000496,	252.610,	0.505
6,	6.75016,	-0.007819,	0.000316,	252.608,	0.495
7,	6.75016,	0.000058,	0.000043,	252.606,	0.505
8,	6.75012,	-0.007715,	0.000588,	252.604,	0.550
9,	6.75016,	-0.006433,	0.001096,	252.602,	0.495
10,	6.75016,	-0.007540,	0.000519,	252.602,	0.505
11,	6.75016,	-0.007354,	0.000185,	252.599,	0.500
12,	6.75016,	-0.007765,	0.000562,	252.597,	0.500
13,	6.75016,	-0.007995,	-0.000151,	252.597,	0.500
14,	6.75016,	-0.007235,	-0.000345,	252.594,	0.550
15,	6.75012,	-0.007254,	-0.000136,	252.590,	0.545
16,	6.75012,	-0.007992,	-0.001105,	252.588,	0.555
17,	6.75016,	-0.007316,	-0.000285,	252.587,	0.550
18,	6.75016,	-0.007469,	0.000250,	252.584,	0.500
19,	6.75016,	-0.006925,	-0.000050,	252.582,	0.500
20,	6.75012,	-0.006827,	0.001019,	252.580,	0.500
21,	6.75012,	-0.007471,	0.000286,	252.578,	0.500
22,	6.75012,	-0.007800,	-0.000853,	252.576,	0.550
23,	6.75012,	-0.008227,	-0.000371,	252.574,	0.500
24,	6.75012,	-0.008218,	0.000435,	252.572,	0.500
25,	6.75012,	-0.006795,	0.000200,	252.570,	0.495
26,	6.75012,	-0.007626,	-0.000741,	252.567,	0.500
27,	6.75012,	-0.007404,	0.000024,	252.566,	0.505
28,	6.75012,	-0.006843,	-0.000694,	252.565,	0.550
29,	6.75012,	-0.007060,	-0.000409,	252.562,	0.500
30,	6.75016,	-0.007306,	-0.000166,	252.560,	0.495
31,	6.75012,	-0.007956,	0.001094,	252.559,	0.505
32,	6.75012,	-0.007149,	0.001781,	252.558,	0.500
33,	6.75012,	-0.007833,	-0.000030,	252.554,	0.550
34,	6.75016,	-0.007215,	0.000795,	252.554,	0.545
35,	6.75016,	-0.007637,	-0.000147,	252.551,	0.555
36,	6.75012,	-0.007909,	0.000265,	252.549,	0.500
37,	6.75012,	-0.007966,	0.000306,	252.548,	0.500
38,	6.75016,	-0.007676,	-0.000715,	252.545,	0.500
39,	6.75016,	-0.007026,	-0.000472,	252.544,	0.495
40,	6.75016,	-0.007416,	0.000448,	252.540,	0.555
41,	6.75012,	-0.007027,	-0.001000,	252.539,	0.500
42,	6.75012,	-0.006515,	0.000120,	252.536,	0.495
43,	6.75012,	-0.006956,	-0.000196,	252.534,	0.505
44,	6.75012,	-0.007117,	0.000795,	252.533,	0.500
45,	6.75012,	-0.007372,	0.000926,	252.531,	0.500
46,	6.75012,	-0.007691,	0.000704,	252.529,	0.550
47,	6.75016,	-0.007267,	0.000112,	252.526,	0.545
48,	6.75012,	-0.007662,	0.000000,	252.525,	0.555
49,	6.75012,	-0.007691,	-0.000465,	252.522,	0.545
50,	6.75012,	-0.007473,	-0.000642,	252.520,	0.550
51,	6.75012,	-0.007038,	-0.001051,	252.520,	0.500
52,	6.75016,	-0.007844,	0.001008,	252.515,	0.505
53,	6.75016,	-0.007804,	-0.000276,	252.514,	0.500
54,	6.75016,	-0.008101,	0.000592,	252.513,	0.500
55,	6.75012,	-0.008191,	-0.000597,	252.511,	0.550
56,	6.75016,	-0.008207,	-0.000274,	252.508,	0.500
57,	6.75016,	-0.007814,	-0.001377,	252.506,	0.495
58,	6.75016,	-0.007707,	-0.000595,	252.503,	0.505
59,	6.75012,	-0.007135,	0.000769,	252.502,	0.495
60,	6.75012,	-0.007248,	-0.000168,	252.499,	0.505
61,	6.75016,	-0.007772,	-0.001306,	252.498,	0.550
62,	6.75012,	-0.007571,	-0.000297,	252.496,	0.545
63,	6.75012,	-0.007628,	-0.000129,	252.492,	0.555
64,	6.75016,	-0.006868,	0.000200,	252.491,	0.545
65,	6.75016,	-0.007856,	-0.000519,	252.490,	0.550
66,	6.75016,	-0.007491,	-0.000209,	252.487,	0.505
67,	6.75016,	-0.008019,	-0.000086,	252.485,	0.495
68,	6.75012,	-0.007460,	0.001432,	252.484,	0.500
69,	6.75012,	-0.007038,	-0.001226,	252.483,	0.500
70,	6.75016,	-0.006875,	-0.000198,	252.480,	0.550
71,	6.75012,	-0.007166,	0.000194,	252.477,	0.500
72,	6.75012,	-0.007005,	0.000052,	252.476,	0.500
73,	6.75016,	-0.006567,	0.000635,	252.473,	0.500
74,	6.75016,	-0.007961,	-0.000802,	252.471,	0.505
75,	6.75016,	-0.007768,	0.000362,	252.470,	0.500
76,	6.75016,	-0.006712,	0.000077,	252.469,	0.550
77,	6.75016,	-0.006940,	0.000377,	252.465,	0.550
78,	6.75016,	-0.007323,	-0.000685,	252.463,	0.550
79,	6.75016,	-0.007541,	-0.000114,	252.460,	0.550
80,	6.75012,	-0.007123,	-0.000138,	252.459,	0.550
81,	6.75016,	-0.007424,	0.001284,	252.457,	0.495
82,	6.75016,	-0.006946,	-0.000364,	252.453,	0.500
83,	6.75016,	-0.007349,	0.000954,	252.452,	0.500
84,	6.75016,	-0.007111,	-0.000302,	252.451,	0.505
85,	6.75012,	-0.007833,	0.000706,	252.450,	0.550
86,	6.75016,	-0.007176,	0.000314,	252.445,	0.500
87,	6.75016,	-0.007291,	-0.000541,	252.444,	0.500
88,	6.75016,	-0.008219,	0.000168,	252.443,	0.495
89,	6.75016,	-0.007645,	0.000034,	252.442,	0.505
90,	6.75016,	-0.007278,	0.000523,	252.439,	0.550
91,	6.75016,	-0.006849,	-0.000009,	252.438,	0.500
92,	6.75012,	-0.007667,	-0.000634,	252.435,	0.495
93,	6.75016,	-0.007528,	-0.000198,	252.432,	0.505
94,	6.75012,	-0.007373,	0.000133,	252.431,	0.500
95,	6.75012,	-0.007462,	-0.001127,	252.429,	0.500
96,	6.75012,	-0.007799,	-0.000545,	252.427,	0.550
97,	6.75016,	-0.007617,	0.000217,	252.424,	0.550
98,	6.75016,	-0.007488,	0.000538,	252.423,	0.545
99,	6.75016,	-0.008184,	-0.000035,	252.422,	0.555
100,	6.75016,	-0.008130,	0.000345,	252.419,	0.500
