Num, Lmd, sig,    mon,    Ring,  sec
#lmd,   E,  HOYAX,  Y,  Smpl,  Det, AGC X, Y, Smpl, Det
#6.55015,	189.2846,	57.000,	22.000,	4.300,	30.000,	-52.700,	13.300,	-0.068,	29.999

1,	6.55015,	-0.005634,	-0.002320,	249.038,	58.286
2,	6.55015,	-0.007399,	-0.001657,	249.036,	0.555
3,	6.55015,	-0.007332,	0.001715,	249.035,	0.500
4,	6.55015,	-0.007334,	-0.001030,	249.032,	0.500
5,	6.55015,	-0.007319,	0.000808,	249.030,	0.495
6,	6.55015,	-0.007730,	-0.000715,	249.029,	0.505
7,	6.55015,	-0.007962,	-0.000642,	249.027,	0.550
8,	6.55015,	-0.007739,	-0.000196,	249.024,	0.500
9,	6.55015,	-0.008082,	-0.000664,	249.023,	0.500
10,	6.55015,	-0.007660,	-0.000373,	249.021,	0.500
11,	6.55015,	-0.008522,	-0.000153,	249.018,	0.500
12,	6.55015,	-0.008210,	-0.000144,	249.017,	0.500
13,	6.55015,	-0.007203,	0.000657,	249.015,	0.545
14,	6.55015,	-0.007596,	0.000928,	249.013,	0.505
15,	6.55015,	-0.007738,	-0.000549,	249.010,	0.500
16,	6.55015,	-0.007789,	-0.000129,	249.009,	0.500
17,	6.55015,	-0.007754,	0.000295,	249.008,	0.495
18,	6.55015,	-0.007772,	-0.000575,	249.006,	0.505
19,	6.55015,	-0.008131,	-0.000257,	249.004,	0.550
20,	6.55015,	-0.007181,	0.000459,	249.002,	0.495
21,	6.55015,	-0.007117,	-0.001564,	248.999,	0.505
22,	6.55015,	-0.007935,	0.000946,	248.997,	0.500
23,	6.55015,	-0.007677,	0.000237,	248.996,	0.500
24,	6.55015,	-0.006176,	0.001292,	248.994,	0.500
25,	6.55015,	-0.008038,	0.000381,	248.993,	0.545
26,	6.55015,	-0.006933,	-0.000901,	248.990,	0.550
27,	6.55015,	-0.007754,	-0.000360,	248.988,	0.555
28,	6.55015,	-0.007661,	-0.000108,	248.987,	0.500
29,	6.55015,	-0.007145,	0.000364,	248.984,	0.500
30,	6.55015,	-0.008114,	-0.001185,	248.982,	0.505
31,	6.55015,	-0.006820,	-0.000655,	248.981,	0.505
32,	6.55015,	-0.007996,	-0.001288,	248.979,	0.545
33,	6.55015,	-0.007298,	-0.000618,	248.976,	0.500
34,	6.55015,	-0.008267,	-0.000435,	248.974,	0.505
35,	6.55015,	-0.008614,	-0.000737,	248.973,	0.500
36,	6.55015,	-0.007502,	0.000319,	248.970,	0.505
37,	6.55015,	-0.007587,	-0.000209,	248.969,	0.550
38,	6.55015,	-0.007541,	-0.001202,	248.965,	0.550
39,	6.55015,	-0.007293,	-0.001172,	248.964,	0.495
40,	6.55015,	-0.007486,	0.000713,	248.962,	0.505
41,	6.55015,	-0.007298,	-0.000642,	248.961,	0.500
42,	6.55015,	-0.007624,	0.000304,	248.958,	0.505
43,	6.55015,	-0.007703,	-0.000190,	248.955,	0.550
44,	6.55015,	-0.008041,	-0.000515,	248.954,	0.550
45,	6.55015,	-0.007949,	-0.000144,	248.953,	0.545
46,	6.55015,	-0.008197,	-0.001295,	248.949,	0.555
47,	6.55015,	-0.007619,	-0.000562,	248.947,	0.550
48,	6.55015,	-0.007897,	0.000166,	248.945,	0.500
49,	6.55015,	-0.008320,	0.000476,	248.943,	0.500
50,	6.55015,	-0.007494,	0.001230,	248.942,	0.495
51,	6.55015,	-0.007181,	-0.000203,	248.941,	0.500
52,	6.55015,	-0.007756,	0.000967,	248.937,	0.555
53,	6.55015,	-0.007739,	0.000922,	248.936,	0.500
54,	6.55015,	-0.007299,	0.000198,	248.935,	0.500
55,	6.55015,	-0.007098,	-0.000435,	248.933,	0.495
56,	6.55015,	-0.007445,	0.000853,	248.930,	0.505
57,	6.55015,	-0.008082,	0.000157,	248.930,	0.500
58,	6.55015,	-0.007778,	0.001159,	248.927,	0.545
59,	6.55015,	-0.007699,	-0.000511,	248.924,	0.505
60,	6.55015,	-0.007226,	-0.000080,	248.922,	0.500
61,	6.55015,	-0.008123,	0.000209,	248.921,	0.505
62,	6.55015,	-0.006986,	-0.000470,	248.919,	0.500
63,	6.55015,	-0.008079,	-0.000933,	248.918,	0.500
64,	6.55015,	-0.007362,	-0.000136,	248.914,	0.545
65,	6.55015,	-0.007314,	0.000373,	248.913,	0.550
66,	6.55015,	-0.007133,	0.000584,	248.911,	0.505
67,	6.55015,	-0.007332,	0.001428,	248.909,	0.495
68,	6.55015,	-0.007313,	0.000179,	248.909,	0.505
69,	6.55015,	-0.007579,	-0.000095,	248.906,	0.500
70,	6.55015,	-0.008180,	-0.000209,	248.903,	0.550
71,	6.55015,	-0.007129,	0.000017,	248.902,	0.500
72,	6.55015,	-0.007248,	0.001226,	248.900,	0.495
73,	6.55015,	-0.007456,	-0.000687,	248.899,	0.505
74,	6.55015,	-0.007583,	0.000700,	248.895,	0.500
75,	6.55015,	-0.007332,	0.000528,	248.895,	0.500
76,	6.55015,	-0.008780,	0.000577,	248.893,	0.550
77,	6.55015,	-0.007280,	0.000271,	248.889,	0.500
78,	6.55015,	-0.007104,	-0.000597,	248.887,	0.500
79,	6.55015,	-0.008105,	-0.000039,	248.886,	0.495
80,	6.55015,	-0.007594,	-0.000069,	248.885,	0.505
81,	6.55015,	-0.007161,	0.000676,	248.885,	0.495
82,	6.55015,	-0.007702,	-0.001456,	248.880,	0.555
83,	6.55015,	-0.007298,	0.000454,	248.877,	0.550
84,	6.55015,	-0.007194,	0.000069,	248.875,	0.550
85,	6.55015,	-0.007295,	0.000681,	248.874,	0.500
86,	6.55015,	-0.007215,	-0.000315,	248.872,	0.500
87,	6.55015,	-0.007932,	-0.000565,	248.872,	0.495
88,	6.55015,	-0.007896,	0.000179,	248.868,	0.505
89,	6.55015,	-0.007391,	-0.000588,	248.867,	0.545
90,	6.55015,	-0.006941,	0.000202,	248.865,	0.500
91,	6.55015,	-0.007534,	-0.000405,	248.861,	0.500
92,	6.55015,	-0.007272,	-0.000323,	248.860,	0.505
93,	6.55015,	-0.007533,	0.000146,	248.859,	0.500
94,	6.55015,	-0.007916,	0.000019,	248.858,	0.550
95,	6.55015,	-0.008157,	-0.001013,	248.855,	0.550
96,	6.55015,	-0.007383,	-0.000511,	248.852,	0.550
97,	6.55015,	-0.007637,	0.000084,	248.852,	0.550
98,	6.55015,	-0.007686,	-0.000577,	248.848,	0.555
99,	6.55015,	-0.007898,	-0.000886,	248.847,	0.505
100,	6.55015,	-0.007363,	0.000019,	248.845,	0.505
