Smpl, Det, sig,    mon,    Ring,  sec
#lmd,   E,  HOYAX,  Y,  Smpl,  Det, AGC X, Y, Smpl, Det, ppsSmpl, ppsDet
#6.50014,	190.7409,	57.000,	22.000,	4.300,	30.000,	-52.700,	13.300,	-0.068,	-0.346,100,100

-0.126,	-0.457,	3.199138,	-0.000054,	250.658,	14.675
-0.029,	-0.263,	2.767214,	0.002210,	250.656,	0.535
0.058,	-0.086,	2.554112,	0.002331,	250.652,	0.495
0.148,	0.090,	2.338417,	0.002822,	250.651,	0.490
0.238,	0.266,	2.140553,	0.001654,	250.650,	0.490
0.324,	0.446,	2.297502,	0.003126,	250.648,	0.500
0.421,	0.641,	2.389983,	0.001635,	250.645,	0.540
0.511,	0.817,	2.623606,	0.002968,	250.643,	0.485
0.601,	0.994,	2.585141,	0.001585,	250.641,	0.495
0.688,	1.170,	2.725953,	0.002686,	250.640,	0.490
0.778,	1.346,	3.045227,	0.002283,	250.637,	0.490
0.871,	1.541,	3.287975,	0.002923,	250.636,	0.540
0.961,	1.721,	3.357068,	0.002757,	250.634,	0.500
1.051,	1.897,	3.374751,	0.003128,	250.631,	0.490
1.138,	2.074,	3.383927,	0.001738,	250.630,	0.485
1.228,	2.250,	3.388556,	0.002757,	250.629,	0.495
1.325,	2.444,	3.403170,	0.001202,	250.628,	0.540
1.415,	2.621,	3.409063,	0.002843,	250.624,	0.490
1.501,	2.801,	3.419693,	0.002257,	250.621,	0.500
1.591,	2.977,	3.432501,	0.002553,	250.620,	0.485
1.678,	3.154,	3.420535,	0.001146,	250.617,	0.490
1.775,	3.348,	3.394409,	0.000918,	250.617,	0.540
1.865,	3.524,	3.409854,	0.002729,	250.615,	0.495
1.951,	3.701,	3.455933,	0.002115,	250.613,	0.490
2.041,	3.877,	3.540095,	0.002201,	250.611,	0.490
2.131,	4.057,	3.644459,	0.002712,	250.610,	0.495
2.228,	4.248,	3.775586,	0.001872,	250.607,	0.535
2.315,	4.424,	3.899781,	0.002992,	250.604,	0.490
2.405,	4.604,	4.020840,	0.000928,	250.603,	0.495
2.491,	4.781,	4.137723,	0.002281,	250.600,	0.495
2.581,	4.957,	4.257286,	0.002725,	250.599,	0.490
2.678,	5.152,	4.389234,	0.001715,	250.597,	0.540
2.768,	5.328,	4.505743,	0.002395,	250.594,	0.490
2.855,	5.504,	4.623804,	0.002046,	250.594,	0.495
2.945,	5.684,	4.732986,	0.002680,	250.591,	0.495
3.035,	5.861,	4.842698,	0.001534,	250.590,	0.490
3.128,	6.055,	4.984356,	0.002503,	250.588,	0.535
3.218,	6.232,	5.125912,	0.001445,	250.585,	0.495
3.308,	6.412,	5.253458,	0.002587,	250.584,	0.495
3.395,	6.588,	5.369189,	0.002173,	250.581,	0.490
3.485,	6.764,	5.465064,	0.001098,	250.581,	0.495
3.582,	6.959,	5.554010,	0.001781,	250.577,	0.540
3.672,	7.135,	5.635448,	0.002270,	250.576,	0.490
3.758,	7.312,	5.712481,	0.001784,	250.574,	0.490
3.848,	7.492,	5.775081,	0.003147,	250.573,	0.495
3.935,	7.668,	5.830028,	0.002475,	250.571,	0.490
4.036,	7.862,	5.866335,	0.000933,	250.568,	0.545
4.122,	8.039,	5.886074,	0.002667,	250.567,	0.490
4.212,	8.219,	5.890238,	0.002654,	250.565,	0.495
4.298,	8.395,	5.880369,	0.002544,	250.562,	0.495
4.388,	8.572,	5.866159,	0.001911,	250.560,	0.490
4.486,	8.766,	5.839226,	0.001038,	250.559,	0.540
4.576,	8.946,	5.811790,	0.000562,	250.558,	0.495
4.662,	9.119,	5.781972,	0.002708,	250.554,	0.490
4.752,	9.299,	5.745932,	0.001857,	250.553,	0.495
4.838,	9.475,	5.711307,	0.002320,	250.551,	0.490
4.936,	9.670,	5.667270,	0.003169,	250.549,	0.540
5.026,	9.846,	5.628952,	0.004007,	250.546,	0.490
5.116,	10.026,	5.588731,	0.002714,	250.544,	0.495
5.202,	10.202,	5.544825,	0.002132,	250.544,	0.490
5.292,	10.379,	5.501303,	0.002514,	250.541,	0.490
5.389,	10.573,	5.450434,	0.001639,	250.538,	0.550
5.479,	10.750,	5.405941,	0.003546,	250.537,	0.485
5.566,	10.930,	5.356992,	0.001768,	250.535,	0.495
5.656,	11.106,	5.310035,	0.002376,	250.534,	0.490
5.742,	11.282,	5.260358,	0.002061,	250.531,	0.495
5.839,	11.477,	5.203003,	0.002583,	250.531,	0.545
5.929,	11.653,	5.150721,	0.003046,	250.528,	0.490
6.019,	11.830,	5.094640,	0.002294,	250.525,	0.490
6.106,	12.010,	5.040064,	0.000993,	250.522,	0.495
6.196,	12.186,	4.981017,	0.002402,	250.522,	0.490
6.293,	12.380,	4.913673,	0.001943,	250.520,	0.535
6.383,	12.560,	4.851612,	0.002184,	250.517,	0.500
6.469,	12.737,	4.788241,	0.002064,	250.516,	0.490
6.559,	12.910,	4.720982,	0.002253,	250.515,	0.490
6.649,	13.090,	4.651553,	0.002094,	250.513,	0.500
6.746,	13.284,	4.571998,	0.002059,	250.512,	0.535
6.833,	13.460,	4.497056,	0.002464,	250.510,	0.490
6.923,	13.640,	4.415954,	0.002001,	250.507,	0.500
7.009,	13.817,	4.335933,	0.002219,	250.506,	0.485
7.099,	13.990,	4.247830,	0.002477,	250.504,	0.490
7.196,	14.188,	4.150796,	0.001471,	250.501,	0.545
7.283,	14.364,	4.057700,	0.002359,	250.500,	0.490
7.373,	14.540,	3.960282,	0.002581,	250.498,	0.485
7.463,	14.717,	3.856516,	0.002742,	250.495,	0.495
7.549,	14.897,	3.750002,	0.002576,	250.493,	0.495
7.646,	15.088,	3.620199,	0.002930,	250.492,	0.540
7.736,	15.268,	3.500038,	0.002223,	250.490,	0.490
7.826,	15.444,	3.374708,	0.002794,	250.487,	0.495
7.913,	15.620,	3.245178,	0.002837,	250.485,	0.490
8.003,	15.800,	3.106271,	0.002475,	250.484,	0.500
8.089,	15.977,	2.962873,	0.001398,	250.483,	0.490
8.186,	16.171,	2.796688,	0.001805,	250.480,	0.535
8.276,	16.348,	2.639942,	0.002445,	250.479,	0.495
8.366,	16.524,	2.478196,	0.003162,	250.478,	0.495
8.453,	16.704,	2.313242,	0.001747,	250.476,	0.490
8.543,	16.880,	2.143177,	0.002512,	250.474,	0.495
8.640,	17.075,	1.955647,	0.002249,	250.471,	0.540
8.730,	17.251,	1.789302,	0.002262,	250.470,	0.495
8.816,	17.431,	1.626899,	0.002662,	250.467,	0.490
8.906,	17.604,	1.472396,	0.002419,	250.465,	0.490
8.993,	17.784,	1.327992,	0.002617,	250.463,	0.495
9.090,	17.978,	1.185212,	0.001777,	250.460,	0.545
9.180,	18.155,	1.069680,	0.002191,	250.460,	0.485
9.270,	18.335,	0.969182,	0.003195,	250.458,	0.500
9.356,	18.511,	0.885730,	0.001258,	250.456,	0.490
9.446,	18.688,	0.820375,	0.001936,	250.455,	0.495
9.544,	18.882,	0.765291,	0.001618,	250.453,	0.540
9.634,	19.062,	0.728951,	0.002830,	250.449,	0.490
9.720,	19.238,	0.703950,	0.002563,	250.447,	0.500
9.810,	19.415,	0.687558,	0.002432,	250.446,	0.490
9.900,	19.595,	0.676091,	0.001172,	250.445,	0.495
9.997,	19.786,	0.666603,	0.002072,	250.442,	0.535
10.084,	19.966,	0.659351,	0.002585,	250.440,	0.495
10.174,	20.142,	0.651735,	0.002402,	250.439,	0.485
10.260,	20.318,	0.641886,	0.003031,	250.438,	0.500
10.350,	20.498,	0.628570,	0.001717,	250.434,	0.490
10.447,	20.689,	0.608920,	0.002673,	250.433,	0.540
10.537,	20.869,	0.590207,	0.002727,	250.431,	0.495
10.624,	21.046,	0.565639,	0.001967,	250.430,	0.490
10.714,	21.222,	0.538804,	0.001618,	250.426,	0.495
10.804,	21.402,	0.508507,	0.002143,	250.424,	0.495
10.901,	21.596,	0.472924,	0.001359,	250.423,	0.540
10.987,	21.773,	0.440805,	0.002311,	250.420,	0.495
11.077,	21.949,	0.406010,	0.001258,	250.420,	0.490
11.167,	22.129,	0.371097,	0.002361,	250.418,	0.500
11.254,	22.306,	0.336617,	0.001198,	250.417,	0.490
11.351,	22.500,	0.304925,	0.001952,	250.416,	0.535
11.441,	22.676,	0.268326,	0.002354,	250.411,	0.490
11.531,	22.856,	0.237001,	0.002869,	250.410,	0.500
11.617,	23.033,	0.209131,	0.002210,	250.409,	0.490
11.707,	23.209,	0.183909,	0.002548,	250.408,	0.495
11.804,	23.404,	0.158803,	0.001665,	250.404,	0.535
11.891,	23.580,	0.139346,	0.001945,	250.402,	0.490
11.981,	23.760,	0.122572,	0.003186,	250.402,	0.500
12.071,	23.936,	0.109792,	0.002884,	250.398,	0.490
12.157,	24.113,	0.099705,	0.001064,	250.397,	0.490
12.254,	24.307,	0.090700,	0.001027,	250.395,	0.535
12.344,	24.484,	0.085558,	0.001674,	250.394,	0.500
12.434,	24.660,	0.084296,	0.002212,	250.390,	0.490
12.521,	24.840,	0.083399,	0.003130,	250.389,	0.495
12.611,	25.016,	0.084844,	0.002273,	250.387,	0.490
12.708,	25.211,	0.087482,	0.001251,	250.385,	0.535
12.798,	25.387,	0.092713,	0.001611,	250.382,	0.500
12.884,	25.564,	0.097199,	0.002723,	250.381,	0.490
12.974,	25.740,	0.103079,	0.002535,	250.378,	0.490
13.064,	25.920,	0.110214,	0.002927,	250.378,	0.500
13.158,	26.114,	0.113599,	0.002109,	250.374,	0.535
13.248,	26.291,	0.119802,	0.002029,	250.373,	0.490
13.338,	26.467,	0.124648,	0.002156,	250.372,	0.495
13.424,	26.647,	0.129887,	0.001387,	250.370,	0.495
13.514,	26.824,	0.132850,	0.003649,	250.368,	0.490
13.604,	27.000,	0.134862,	0.001389,	250.366,	0.495
13.698,	27.194,	0.135772,	0.003406,	250.363,	0.540
13.788,	27.371,	0.137442,	0.002660,	250.361,	0.485
13.878,	27.547,	0.138057,	0.002688,	250.359,	0.495
13.964,	27.727,	0.134446,	0.003520,	250.358,	0.495
14.054,	27.904,	0.133206,	0.003154,	250.356,	0.485
14.152,	28.098,	0.128808,	0.000894,	250.354,	0.545
14.238,	28.274,	0.124863,	0.002387,	250.351,	0.495
14.328,	28.451,	0.120764,	0.002871,	250.350,	0.490
14.418,	28.631,	0.114957,	0.001503,	250.348,	0.500
14.504,	28.807,	0.108283,	0.002492,	250.347,	0.485
14.602,	28.998,	0.100819,	0.001779,	250.344,	0.535
14.692,	29.178,	0.094760,	0.001727,	250.342,	0.500
14.782,	29.354,	0.087426,	0.003578,	250.341,	0.490
14.868,	29.534,	0.080562,	0.001439,	250.339,	0.495
14.958,	29.711,	0.075622,	0.001807,	250.336,	0.495
15.055,	29.905,	0.064594,	0.001891,	250.334,	0.535
15.142,	30.082,	0.057728,	0.003130,	250.332,	0.490
15.232,	30.262,	0.051155,	0.002606,	250.331,	0.500
15.322,	30.434,	0.043792,	0.002861,	250.327,	0.485
15.408,	30.614,	0.038228,	0.002417,	250.326,	0.495
15.505,	30.809,	0.032243,	0.001109,	250.325,	0.545
15.595,	30.985,	0.027054,	0.002374,	250.322,	0.490
15.685,	31.162,	0.023477,	0.002132,	250.320,	0.490
15.772,	31.342,	0.018093,	0.003839,	250.318,	0.495
15.862,	31.518,	0.015697,	0.001900,	250.317,	0.490
15.959,	31.712,	0.012449,	0.002854,	250.316,	0.540
16.049,	31.889,	0.010618,	0.003414,	250.312,	0.495
16.135,	32.065,	0.009312,	0.002535,	250.311,	0.490
16.225,	32.245,	0.007786,	0.002643,	250.309,	0.495
16.312,	32.422,	0.007975,	0.002372,	250.308,	0.490
16.409,	32.616,	0.006697,	0.002199,	250.305,	0.540
16.499,	32.792,	0.007899,	0.002706,	250.303,	0.490
16.589,	32.969,	0.008389,	0.001687,	250.303,	0.495
16.675,	33.149,	0.010194,	0.002305,	250.299,	0.495
16.765,	33.325,	0.011088,	0.002079,	250.299,	0.495
16.862,	33.520,	0.012588,	0.002367,	250.296,	0.535
16.949,	33.696,	0.014454,	0.002089,	250.295,	0.490
17.039,	33.876,	0.016103,	0.002031,	250.292,	0.500
17.129,	34.052,	0.018283,	0.003436,	250.291,	0.490
17.215,	34.229,	0.020131,	0.003169,	250.289,	0.495
17.312,	34.423,	0.021684,	0.002833,	250.287,	0.540
17.402,	34.600,	0.024870,	0.001958,	250.284,	0.490
17.492,	34.776,	0.025626,	0.002647,	250.282,	0.490
17.579,	34.956,	0.027173,	0.002828,	250.281,	0.500
17.669,	35.132,	0.028649,	0.002525,	250.280,	0.485
17.766,	35.323,	0.030300,	0.002555,	250.276,	0.535
17.856,	35.503,	0.031172,	0.002553,	250.275,	0.500
17.942,	35.680,	0.032063,	0.003559,	250.274,	0.490
18.032,	35.860,	0.032620,	0.002665,	250.272,	0.500
18.119,	36.036,	0.033391,	0.002514,	250.271,	0.490
18.216,	36.230,	0.032753,	0.002350,	250.267,	0.535
18.306,	36.407,	0.032787,	0.001426,	250.266,	0.495
18.396,	36.583,	0.032035,	0.001075,	250.264,	0.490
18.482,	36.760,	0.031146,	0.002053,	250.262,	0.490
18.572,	36.940,	0.029410,	0.001876,	250.260,	0.500
18.670,	37.134,	0.028509,	0.001564,	250.258,	0.540
18.756,	37.310,	0.031859,	0.002727,	250.256,	0.490
18.846,	37.487,	0.025226,	0.001829,	250.254,	0.490
18.936,	37.667,	0.024473,	0.001936,	250.252,	0.495
19.022,	37.843,	0.023532,	0.002064,	250.250,	0.490
19.120,	38.038,	0.019830,	0.002781,	250.249,	0.545
19.210,	38.214,	0.018398,	0.002462,	250.246,	0.490
19.300,	38.390,	0.017244,	0.002281,	250.244,	0.490
19.386,	38.567,	0.015163,	0.000689,	250.243,	0.490
19.476,	38.747,	0.013564,	0.001919,	250.240,	0.495
19.573,	38.941,	0.010946,	0.001730,	250.238,	0.540
19.660,	39.118,	0.008421,	0.002059,	250.237,	0.495
19.750,	39.294,	0.009446,	0.002587,	250.235,	0.490
19.840,	39.470,	0.005052,	0.002357,	250.233,	0.490
19.926,	39.650,	0.004192,	0.001852,	250.230,	0.500
20.023,	39.845,	0.001634,	0.002389,	250.229,	0.535
20.113,	40.021,	0.001369,	0.001924,	250.227,	0.490
20.203,	40.198,	-0.000788,	0.003214,	250.225,	0.495
20.290,	40.378,	-0.000689,	0.001889,	250.223,	0.495
20.380,	40.554,	-0.001715,	0.001967,	250.221,	0.490
20.477,	40.748,	-0.002484,	0.003677,	250.220,	0.540
20.563,	40.925,	-0.002939,	0.001921,	250.217,	0.490
20.653,	41.101,	-0.004193,	0.001992,	250.216,	0.495
20.743,	41.281,	-0.003908,	0.002223,	250.215,	0.495
20.830,	41.458,	-0.004324,	0.001924,	250.214,	0.490
20.927,	41.648,	-0.004687,	0.002135,	250.210,	0.540
21.017,	41.828,	-0.003678,	0.002615,	250.208,	0.495
21.107,	42.005,	-0.003179,	0.002869,	250.205,	0.490
21.193,	42.185,	-0.003873,	0.002372,	250.203,	0.495
21.283,	42.361,	-0.003383,	0.001818,	250.202,	0.490
21.380,	42.556,	-0.002954,	0.002725,	250.200,	0.540
21.467,	42.732,	-0.001516,	0.002072,	250.197,	0.490
21.557,	42.908,	-0.001712,	0.003447,	250.196,	0.495
21.647,	43.085,	-0.000562,	0.002604,	250.194,	0.490
21.733,	43.265,	-0.000561,	0.001482,	250.192,	0.495
21.830,	43.459,	0.000117,	0.002718,	250.190,	0.545
21.920,	43.636,	0.001972,	0.001628,	250.188,	0.485
22.010,	43.812,	0.001804,	0.003057,	250.186,	0.495
22.097,	43.992,	0.002415,	0.002507,	250.184,	0.495
22.187,	44.168,	0.003026,	0.002923,	250.182,	0.490
22.284,	44.363,	0.003165,	0.002544,	250.181,	0.545
22.370,	44.539,	0.003558,	0.003324,	250.178,	0.490
22.460,	44.716,	0.005225,	0.002145,	250.177,	0.490
22.550,	44.896,	0.004759,	0.003574,	250.175,	0.500
22.637,	45.072,	0.005168,	0.002089,	250.173,	0.485
22.734,	45.266,	0.005003,	0.001437,	250.172,	0.540
22.824,	45.443,	0.005399,	0.002869,	250.170,	0.495
22.914,	45.619,	0.005561,	0.001764,	250.168,	0.490
23.000,	45.796,	0.005344,	0.002059,	250.167,	0.490
23.090,	45.976,	0.005897,	0.003218,	250.163,	0.500
23.188,	46.166,	0.004409,	0.001260,	250.162,	0.530
23.274,	46.346,	0.004487,	0.002856,	250.160,	0.495
23.364,	46.523,	0.004627,	0.002079,	250.159,	0.495
23.454,	46.699,	0.006107,	0.002415,	250.156,	0.490
23.540,	46.879,	0.003605,	0.001932,	250.154,	0.495
23.630,	47.056,	0.003589,	0.003485,	250.154,	0.495
23.728,	47.246,	0.001466,	0.001609,	250.151,	0.535
23.814,	47.426,	0.001990,	0.001818,	250.148,	0.490
23.904,	47.603,	0.001918,	0.002675,	250.147,	0.500
23.994,	47.779,	0.001501,	0.002583,	250.145,	0.490
24.080,	47.959,	0.000600,	0.002848,	250.144,	0.495
24.178,	48.150,	0.005732,	0.002018,	250.141,	0.535
24.268,	48.330,	-0.001021,	0.001764,	250.139,	0.495
24.354,	48.506,	-0.002207,	0.002964,	250.138,	0.485
24.444,	48.683,	-0.001232,	0.003625,	250.136,	0.500
24.534,	48.859,	-0.002742,	0.003020,	250.133,	0.490
24.628,	49.054,	-0.013422,	0.002051,	250.131,	0.535
24.718,	49.230,	-0.004435,	0.001844,	250.129,	0.490
24.808,	49.410,	-0.003801,	0.002662,	250.129,	0.500
24.894,	49.586,	-0.004710,	0.002044,	250.127,	0.490
24.984,	49.763,	-0.004473,	0.001424,	250.125,	0.485
25.081,	49.957,	-0.006546,	0.001898,	250.123,	0.545
25.171,	50.134,	-0.005106,	0.002979,	250.122,	0.490
25.258,	50.314,	-0.005402,	0.002813,	250.119,	0.500
25.348,	50.490,	-0.006685,	0.001936,	250.116,	0.490
25.434,	50.666,	-0.005250,	0.001904,	250.114,	0.485
25.531,	50.857,	-0.006111,	0.002413,	250.113,	0.535
25.621,	51.037,	-0.006235,	0.001803,	250.110,	0.500
25.708,	51.214,	-0.005696,	0.002518,	250.108,	0.490
25.798,	51.390,	-0.006437,	0.001868,	250.108,	0.490
25.888,	51.566,	-0.006145,	0.003029,	250.105,	0.495
25.985,	51.761,	-0.006805,	0.001534,	250.103,	0.540
26.071,	51.941,	-0.006501,	0.002706,	250.102,	0.490
26.161,	52.117,	-0.006886,	0.002843,	250.100,	0.500
26.248,	52.294,	-0.006759,	0.003238,	250.098,	0.490
26.338,	52.470,	-0.006398,	0.002464,	250.096,	0.485
26.435,	52.664,	-0.006382,	0.001663,	250.094,	0.540
26.525,	52.841,	-0.005851,	0.002074,	250.091,	0.495
26.611,	53.021,	-0.004857,	0.002822,	250.089,	0.490
26.701,	53.194,	-0.004834,	0.002876,	250.087,	0.490
26.788,	53.374,	-0.004837,	0.001865,	250.085,	0.495
26.885,	53.568,	-0.005398,	0.001547,	250.084,	0.540
26.975,	53.744,	-0.005075,	0.002572,	250.081,	0.490
27.065,	53.921,	-0.003768,	0.001919,	250.079,	0.495
27.151,	54.101,	-0.003196,	0.003253,	250.078,	0.495
27.241,	54.277,	-0.003554,	0.002395,	250.076,	0.485
27.338,	54.468,	-0.004642,	0.001758,	250.075,	0.535
27.425,	54.648,	-0.003170,	0.002783,	250.071,	0.500
27.515,	54.824,	-0.003144,	0.001960,	250.069,	0.490
27.605,	55.001,	-0.003567,	0.003457,	250.069,	0.495
27.691,	55.177,	-0.003049,	0.002197,	250.066,	0.490
27.788,	55.372,	-0.003145,	0.001878,	250.064,	0.540
27.878,	55.552,	-0.002745,	0.002335,	250.063,	0.495
27.965,	55.728,	-0.002087,	0.002068,	250.060,	0.495
28.055,	55.904,	-0.002226,	0.001680,	250.059,	0.490
28.145,	56.084,	-0.002118,	0.002001,	250.057,	0.495
28.242,	56.279,	-0.002935,	0.001527,	250.055,	0.540
28.332,	56.459,	-0.002770,	0.003001,	250.054,	0.495
28.418,	56.632,	-0.002753,	0.002324,	250.050,	0.490
28.508,	56.808,	-0.002878,	0.003257,	250.049,	0.490
28.595,	56.988,	-0.001644,	0.002257,	250.047,	0.495
28.692,	57.179,	-0.001995,	0.002313,	250.045,	0.535
28.782,	57.359,	-0.001619,	0.002182,	250.043,	0.495
28.868,	57.535,	-0.001896,	0.001822,	250.040,	0.485
28.958,	57.712,	-0.002906,	0.001366,	250.039,	0.500
29.048,	57.888,	0.001441,	0.002632,	250.037,	0.490
29.146,	58.082,	-0.004070,	0.002449,	250.034,	0.540
29.232,	58.262,	-0.001820,	0.002637,	250.033,	0.495
29.322,	58.439,	-0.001030,	0.003048,	250.031,	0.490
29.408,	58.615,	-0.002980,	0.002998,	250.030,	0.490
29.498,	58.792,	-0.002517,	0.002617,	250.027,	0.495
29.596,	58.990,	-0.003224,	0.002283,	250.026,	0.540
29.686,	59.162,	-0.002399,	0.002363,	250.026,	0.490
29.776,	59.342,	-0.000286,	0.002675,	250.023,	0.500
29.862,	59.519,	0.000385,	0.002921,	250.021,	0.490
29.952,	59.695,	-0.002505,	0.000633,	250.019,	0.490
30.049,	59.893,	-0.005481,	0.001973,	250.017,	0.545
30.146,	60.084,	-0.006085,	0.001939,	250.015,	0.535
30.233,	60.264,	-0.005097,	0.002270,	250.012,	0.490
30.323,	60.440,	-0.003649,	0.002734,	250.011,	0.495
30.413,	60.617,	-0.005249,	0.002109,	250.009,	0.495
30.499,	60.793,	-0.008222,	0.003317,	250.007,	0.490
30.596,	60.991,	-0.008875,	0.002417,	250.005,	0.540
30.686,	61.168,	-0.008105,	0.002529,	250.003,	0.490
30.776,	61.344,	-0.007963,	0.002221,	250.002,	0.500
30.863,	61.520,	-0.006497,	0.002139,	249.998,	0.490
30.953,	61.697,	-0.007767,	0.001971,	249.996,	0.490
31.050,	61.891,	-0.008267,	0.002352,	249.995,	0.540
31.136,	62.071,	-0.007359,	0.002699,	249.993,	0.495
31.226,	62.248,	-0.007400,	0.002721,	249.989,	0.490
31.313,	62.424,	-0.006552,	0.001590,	249.988,	0.495
31.403,	62.604,	-0.007460,	0.002938,	249.988,	0.490
31.500,	62.795,	-0.008568,	0.001919,	249.986,	0.540
31.590,	62.975,	-0.008107,	0.002721,	249.983,	0.495
31.676,	63.151,	-0.006474,	0.002027,	249.982,	0.495
31.766,	63.328,	-0.005911,	0.003134,	249.981,	0.485
31.856,	63.504,	-0.005431,	0.002746,	249.979,	0.495
31.950,	63.698,	-0.004969,	0.001592,	249.976,	0.540
32.040,	63.875,	-0.006078,	0.001699,	249.975,	0.490
32.130,	64.051,	-0.004488,	0.002693,	249.973,	0.485
32.216,	64.228,	-0.004512,	0.002917,	249.971,	0.495
32.306,	64.408,	-0.004908,	0.002639,	249.968,	0.495
32.404,	64.602,	-0.005939,	0.002994,	249.967,	0.540
32.494,	64.778,	-0.005743,	0.002843,	249.966,	0.495
32.580,	64.955,	-0.004837,	0.002266,	249.963,	0.490
32.670,	65.131,	-0.004389,	0.002531,	249.961,	0.490
32.756,	65.311,	-0.009400,	0.002051,	249.959,	0.495
32.854,	65.506,	-0.008646,	0.001454,	249.958,	0.535
32.944,	65.682,	-0.006626,	0.002208,	249.956,	0.490
33.030,	65.858,	-0.006820,	0.002596,	249.954,	0.495
33.120,	66.035,	-0.005661,	0.002893,	249.952,	0.495
33.210,	66.211,	-0.006563,	0.002156,	249.950,	0.490
33.296,	66.391,	-0.005759,	0.003266,	249.949,	0.495
33.394,	66.582,	-0.005873,	0.002680,	249.946,	0.535
33.484,	66.758,	-0.007117,	0.002204,	249.945,	0.490
33.570,	66.938,	-0.005612,	0.004229,	249.943,	0.495
33.660,	67.115,	-0.005760,	0.002522,	249.941,	0.490
33.746,	67.291,	-0.005681,	0.003444,	249.937,	0.495
33.847,	67.486,	-0.005901,	0.001749,	249.936,	0.540
33.934,	67.666,	-0.006228,	0.001478,	249.934,	0.495
34.024,	67.842,	-0.005843,	0.002044,	249.933,	0.490
34.110,	68.018,	-0.005446,	0.002992,	249.931,	0.490
34.200,	68.195,	-0.006338,	0.003223,	249.929,	0.495
34.297,	68.389,	-0.006719,	0.002107,	249.927,	0.540
34.387,	68.566,	-0.004880,	0.002014,	249.924,	0.490
34.474,	68.746,	-0.005128,	0.002262,	249.922,	0.500
34.564,	68.918,	-0.006471,	0.001553,	249.922,	0.480
34.650,	69.098,	-0.005818,	0.003192,	249.920,	0.495
34.747,	69.293,	-0.007608,	0.002081,	249.917,	0.540
34.837,	69.469,	-0.006418,	0.002499,	249.915,	0.495
34.927,	69.646,	-0.006148,	0.001807,	249.913,	0.490
35.014,	69.822,	-0.006522,	0.002089,	249.911,	0.490
35.104,	69.998,	-0.007053,	0.002878,	249.910,	0.490
35.201,	70.196,	-0.006688,	0.002966,	249.907,	0.545
35.291,	70.373,	-0.006575,	0.002163,	249.905,	0.495
35.377,	70.549,	-0.006296,	0.002828,	249.903,	0.490
35.467,	70.726,	-0.006492,	0.002542,	249.902,	0.485
35.554,	70.902,	-0.006512,	0.002408,	249.899,	0.495
35.651,	71.096,	-0.006203,	0.002309,	249.898,	0.540
35.741,	71.273,	-0.005787,	0.002882,	249.896,	0.490
35.827,	71.453,	-0.006225,	0.003350,	249.894,	0.495
35.917,	71.629,	-0.006122,	0.001824,	249.891,	0.490
36.004,	71.806,	-0.006266,	0.003042,	249.890,	0.495
36.101,	72.000,	-0.006268,	0.002578,	249.888,	0.535
36.191,	72.176,	-0.006631,	0.002434,	249.885,	0.490
36.281,	72.356,	-0.007185,	0.002309,	249.885,	0.500
36.367,	72.529,	-0.006967,	0.002796,	249.882,	0.485
36.457,	72.706,	-0.006586,	0.003526,	249.880,	0.490
36.554,	72.904,	-0.006744,	0.001417,	249.877,	0.550
36.641,	73.080,	-0.006674,	0.002363,	249.875,	0.485
36.731,	73.256,	-0.006815,	0.002225,	249.874,	0.490
36.821,	73.433,	-0.005569,	0.002667,	249.874,	0.495
36.907,	73.609,	-0.006406,	0.002208,	249.872,	0.490
37.004,	73.804,	-0.006729,	0.002053,	249.868,	0.535
37.094,	73.980,	-0.006129,	0.001734,	249.867,	0.495
37.181,	74.160,	-0.005918,	0.001732,	249.865,	0.495
37.271,	74.336,	-0.006463,	0.003223,	249.862,	0.490
37.361,	74.513,	-0.005666,	0.002148,	249.861,	0.495
37.454,	74.707,	-0.006443,	0.002242,	249.859,	0.535
37.544,	74.884,	-0.006344,	0.002016,	249.858,	0.495
37.631,	75.060,	-0.005213,	0.002122,	249.855,	0.485
37.721,	75.240,	-0.006242,	0.002568,	249.853,	0.500
37.811,	75.416,	-0.005848,	0.002602,	249.852,	0.490
37.908,	75.607,	-0.007139,	0.002494,	249.850,	0.535
37.994,	75.784,	-0.006027,	0.002876,	249.847,	0.490
38.084,	75.964,	-0.006049,	0.002656,	249.845,	0.500
38.171,	76.140,	-0.006129,	0.003087,	249.844,	0.490
38.261,	76.316,	-0.006048,	0.002057,	249.843,	0.485
38.358,	76.507,	-0.006590,	0.001833,	249.840,	0.535
38.444,	76.687,	-0.005898,	0.003602,	249.839,	0.500
38.534,	76.864,	-0.005889,	0.001355,	249.836,	0.490
38.624,	77.040,	-0.005740,	0.002193,	249.835,	0.490
38.711,	77.216,	-0.006303,	0.002281,	249.834,	0.490
38.808,	77.411,	-0.006196,	0.001771,	249.831,	0.545
38.898,	77.591,	-0.005959,	0.001943,	249.830,	0.495
38.988,	77.767,	-0.005410,	0.002257,	249.828,	0.490
39.074,	77.944,	-0.005391,	0.003679,	249.824,	0.490
39.164,	78.124,	-0.005487,	0.003085,	249.823,	0.500
39.262,	78.314,	-0.005934,	0.001855,	249.821,	0.535
39.348,	78.494,	-0.006629,	0.003531,	249.821,	0.490
39.438,	78.671,	-0.005828,	0.002376,	249.818,	0.495
39.528,	78.847,	-0.005107,	0.003046,	249.816,	0.495
39.614,	79.024,	-0.006293,	0.002509,	249.815,	0.485
39.712,	79.218,	-0.006199,	0.001086,	249.814,	0.540
39.802,	79.394,	-0.006588,	0.002458,	249.810,	0.490
39.888,	79.574,	-0.005104,	0.001400,	249.808,	0.495
