Num, Lmd, sig,    mon,    Ring,  sec
#lmd,   E,  HOYAX,  Y,  Smpl,  Det, AGC X, Y, Smpl, Det
#6.60012,	187.8515,	57.000,	22.000,	4.300,	30.000,	0.000,	-76.000,	-0.068,	-0.346

1,	6.60012,	7.431507,	-0.002633,	258.439,	125.785
2,	6.60012,	7.430722,	-0.000827,	258.435,	0.550
3,	6.60012,	7.432457,	0.000235,	258.434,	0.500
4,	6.60012,	7.433287,	0.000239,	258.433,	0.500
5,	6.60012,	7.431126,	0.000054,	258.430,	0.510
6,	6.60012,	7.430104,	-0.000804,	258.428,	0.500
7,	6.60012,	7.433011,	0.000665,	258.427,	0.550
8,	6.60012,	7.433556,	-0.000978,	258.424,	0.555
9,	6.60012,	7.432932,	-0.000431,	258.422,	0.495
10,	6.60012,	7.432973,	0.000476,	258.421,	0.505
11,	6.60012,	7.433318,	-0.000713,	258.418,	0.500
12,	6.60012,	7.433333,	-0.000082,	258.416,	0.500
13,	6.60012,	7.434163,	0.000743,	258.414,	0.500
14,	6.60012,	7.433286,	-0.000276,	258.412,	0.550
15,	6.60012,	7.431799,	-0.000272,	258.408,	0.550
16,	6.60012,	7.433340,	-0.001069,	258.407,	0.550
17,	6.60012,	7.434133,	-0.000707,	258.405,	0.550
18,	6.60012,	7.434583,	-0.000819,	258.403,	0.500
19,	6.60012,	7.433063,	0.001131,	258.401,	0.500
20,	6.60012,	7.435564,	0.000448,	258.399,	0.500
21,	6.60012,	7.433632,	-0.000119,	258.397,	0.500
22,	6.60012,	7.432100,	-0.000308,	258.394,	0.550
23,	6.60012,	7.433036,	0.000997,	258.392,	0.500
24,	6.60012,	7.434799,	0.000181,	258.390,	0.500
25,	6.60012,	7.433915,	-0.000349,	258.387,	0.505
26,	6.60012,	7.435030,	0.000551,	258.386,	0.500
27,	6.60012,	7.434933,	0.000571,	258.384,	0.555
28,	6.60012,	7.433338,	0.000472,	258.382,	0.545
29,	6.60012,	7.434275,	0.000039,	258.380,	0.555
30,	6.60012,	7.433316,	-0.001163,	258.378,	0.545
31,	6.60012,	7.433000,	0.000616,	258.376,	0.550
32,	6.60012,	7.434468,	-0.000504,	258.374,	0.505
33,	6.60012,	7.432754,	0.000482,	258.371,	0.505
34,	6.60012,	7.432428,	-0.000715,	258.369,	0.505
35,	6.60012,	7.434258,	0.001249,	258.368,	0.500
36,	6.60012,	7.433513,	0.000461,	258.365,	0.550
37,	6.60012,	7.434863,	0.000989,	258.364,	0.550
38,	6.60012,	7.433775,	0.000217,	258.361,	0.550
39,	6.60012,	7.433777,	0.000245,	258.360,	0.550
40,	6.60012,	7.436628,	-0.000356,	258.356,	0.500
41,	6.60012,	7.433700,	-0.000132,	258.354,	0.500
42,	6.60012,	7.435040,	-0.001185,	258.353,	0.500
43,	6.60012,	7.435231,	0.000396,	258.351,	0.500
44,	6.60012,	7.432143,	0.000060,	258.347,	0.550
45,	6.60012,	7.434430,	-0.000035,	258.345,	0.500
46,	6.60012,	7.435128,	-0.000399,	258.344,	0.505
47,	6.60012,	7.433824,	-0.000179,	258.342,	0.500
48,	6.60012,	7.433965,	0.000278,	258.340,	0.505
49,	6.60012,	7.434710,	0.000853,	258.338,	0.500
50,	6.60012,	7.434694,	-0.001532,	258.336,	0.550
51,	6.60012,	7.436517,	-0.000302,	258.334,	0.550
52,	6.60012,	7.434445,	0.000551,	258.331,	0.505
53,	6.60012,	7.434580,	0.000260,	258.329,	0.505
54,	6.60012,	7.435967,	-0.000132,	258.329,	0.500
55,	6.60012,	7.432547,	0.000974,	258.325,	0.505
56,	6.60012,	7.434384,	0.000625,	258.323,	0.545
57,	6.60012,	7.434602,	0.000271,	258.321,	0.555
58,	6.60012,	7.433218,	-0.000515,	258.318,	0.550
59,	6.60012,	7.435429,	-0.000653,	258.317,	0.545
60,	6.60012,	7.434594,	0.000185,	258.316,	0.550
61,	6.60012,	7.433652,	-0.001200,	258.313,	0.510
62,	6.60012,	7.436423,	0.000060,	258.311,	0.505
63,	6.60012,	7.435350,	0.000164,	258.310,	0.505
64,	6.60012,	7.433021,	-0.000799,	258.305,	0.500
65,	6.60012,	7.434684,	-0.000388,	258.302,	0.550
66,	6.60012,	7.436300,	-0.001762,	258.302,	0.555
67,	6.60012,	7.436322,	0.000334,	258.299,	0.505
68,	6.60012,	7.436076,	0.001596,	258.298,	0.500
69,	6.60012,	7.436876,	-0.000690,	258.296,	0.505
70,	6.60012,	7.437868,	-0.000375,	258.294,	0.505
71,	6.60012,	7.437657,	-0.000776,	258.292,	0.550
72,	6.60012,	7.436281,	-0.000054,	258.289,	0.550
73,	6.60012,	7.437253,	0.000896,	258.288,	0.500
74,	6.60012,	7.436523,	0.000976,	258.284,	0.500
75,	6.60012,	7.436397,	-0.000636,	258.283,	0.510
76,	6.60012,	7.437261,	0.000801,	258.281,	0.500
77,	6.60012,	7.435975,	-0.000437,	258.280,	0.555
78,	6.60012,	7.436740,	-0.000196,	258.275,	0.500
79,	6.60012,	7.434354,	-0.000586,	258.274,	0.505
80,	6.60012,	7.435684,	0.000222,	258.273,	0.500
81,	6.60012,	7.435938,	0.000836,	258.269,	0.505
82,	6.60012,	7.434386,	-0.000123,	258.269,	0.545
83,	6.60012,	7.436007,	-0.000476,	258.267,	0.505
84,	6.60012,	7.434556,	-0.000257,	258.264,	0.505
85,	6.60012,	7.436079,	0.000485,	258.262,	0.505
86,	6.60012,	7.435423,	0.000553,	258.260,	0.505
87,	6.60012,	7.434096,	-0.000155,	258.258,	0.545
88,	6.60012,	7.435816,	-0.000071,	258.255,	0.550
89,	6.60012,	7.434175,	-0.000700,	258.253,	0.505
90,	6.60012,	7.434247,	0.000140,	258.251,	0.500
91,	6.60012,	7.433325,	0.000239,	258.248,	0.505
92,	6.60012,	7.432570,	0.001389,	258.247,	0.500
93,	6.60012,	7.432524,	-0.000414,	258.244,	0.550
94,	6.60012,	7.430918,	-0.000754,	258.244,	0.550
95,	6.60012,	7.431797,	-0.000422,	258.240,	0.550
96,	6.60012,	7.431654,	-0.000229,	258.239,	0.555
97,	6.60012,	7.432082,	0.000273,	258.236,	0.550
98,	6.60012,	7.429072,	-0.000196,	258.234,	0.505
99,	6.60012,	7.429664,	-0.000362,	258.232,	0.510
100,	6.60012,	7.427311,	0.000108,	258.230,	0.500
