Num, Lmd, sig,    mon,    Ring,  sec
#lmd,   E,  HOYAX,  Y,  Smpl,  Det, AGC X, Y, Smpl, Det
#6.75012,	183.6771,	57.000,	22.000,	4.300,	30.000,	0.000,	-76.000,	-0.068,	-0.346

1,	6.75012,	6.637142,	-0.003792,	253.091,	126.825
2,	6.75012,	6.635045,	0.000366,	253.088,	0.550
3,	6.75012,	6.635644,	-0.001062,	253.087,	0.500
4,	6.75012,	6.634150,	0.000157,	253.085,	0.500
5,	6.75012,	6.634628,	0.000189,	253.083,	0.500
6,	6.75012,	6.633864,	0.000599,	253.081,	0.500
7,	6.75012,	6.634425,	0.000670,	253.079,	0.550
8,	6.75012,	6.634839,	-0.000108,	253.078,	0.550
9,	6.75012,	6.633915,	0.001114,	253.074,	0.550
10,	6.75012,	6.634281,	-0.000834,	253.072,	0.555
11,	6.75012,	6.634556,	-0.001153,	253.070,	0.495
12,	6.75012,	6.633188,	0.000747,	253.068,	0.500
13,	6.75012,	6.634997,	0.000164,	253.066,	0.500
14,	6.75012,	6.635186,	0.001510,	253.065,	0.500
15,	6.75012,	6.634700,	0.000105,	253.062,	0.550
16,	6.75012,	6.633049,	0.000312,	253.060,	0.505
17,	6.75012,	6.634967,	0.000497,	253.058,	0.495
18,	6.75012,	6.633276,	0.000681,	253.057,	0.500
19,	6.75012,	6.634605,	-0.000726,	253.055,	0.500
20,	6.75012,	6.636100,	-0.000948,	253.052,	0.550
21,	6.75012,	6.632487,	-0.000819,	253.051,	0.550
22,	6.75012,	6.633205,	-0.000855,	253.047,	0.550
23,	6.75012,	6.631485,	0.000069,	253.045,	0.550
24,	6.75012,	6.634278,	-0.000761,	253.044,	0.550
25,	6.75012,	6.633121,	-0.000060,	253.040,	0.505
26,	6.75012,	6.632798,	0.001424,	253.039,	0.500
27,	6.75012,	6.634251,	0.000127,	253.037,	0.500
28,	6.75012,	6.636421,	0.000874,	253.035,	0.495
29,	6.75012,	6.633511,	-0.000056,	253.033,	0.550
30,	6.75012,	6.633274,	-0.000379,	253.031,	0.500
31,	6.75012,	6.633376,	-0.000586,	253.030,	0.500
32,	6.75012,	6.633926,	0.000420,	253.027,	0.500
33,	6.75012,	6.633317,	0.000562,	253.025,	0.500
34,	6.75012,	6.634177,	-0.000478,	253.024,	0.500
35,	6.75012,	6.633301,	0.000495,	253.023,	0.555
36,	6.75012,	6.632382,	-0.000127,	253.019,	0.545
37,	6.75012,	6.633681,	-0.000048,	253.018,	0.555
38,	6.75012,	6.632634,	-0.000099,	253.015,	0.545
39,	6.75012,	6.633536,	-0.000069,	253.014,	0.550
40,	6.75012,	6.633466,	0.000485,	253.011,	0.500
41,	6.75012,	6.634163,	0.000017,	253.010,	0.505
42,	6.75012,	6.633824,	0.000849,	253.007,	0.500
43,	6.75012,	6.632965,	0.000043,	253.005,	0.495
44,	6.75012,	6.634780,	0.000282,	253.004,	0.550
45,	6.75012,	6.633368,	0.000192,	253.001,	0.500
46,	6.75012,	6.633388,	-0.000715,	253.000,	0.505
47,	6.75012,	6.633017,	0.000814,	252.997,	0.495
48,	6.75012,	6.632650,	0.000155,	252.995,	0.500
49,	6.75012,	6.635013,	0.000930,	252.994,	0.500
50,	6.75012,	6.635780,	-0.000425,	252.992,	0.550
51,	6.75012,	6.634133,	0.000599,	252.990,	0.550
52,	6.75012,	6.633191,	0.000704,	252.986,	0.550
53,	6.75012,	6.633748,	-0.000060,	252.986,	0.550
54,	6.75012,	6.634984,	-0.000810,	252.984,	0.550
55,	6.75012,	6.636415,	-0.000323,	252.980,	0.500
56,	6.75012,	6.635144,	0.000052,	252.978,	0.500
57,	6.75012,	6.635741,	-0.000297,	252.976,	0.500
58,	6.75012,	6.635827,	-0.000485,	252.976,	0.500
59,	6.75012,	6.635515,	-0.000543,	252.972,	0.550
60,	6.75012,	6.635340,	0.000209,	252.971,	0.500
61,	6.75012,	6.635873,	-0.000886,	252.969,	0.500
62,	6.75012,	6.635782,	0.000039,	252.965,	0.500
63,	6.75012,	6.633144,	0.000532,	252.964,	0.500
64,	6.75012,	6.635119,	0.001114,	252.963,	0.500
65,	6.75012,	6.634369,	-0.000129,	252.962,	0.550
66,	6.75012,	6.635646,	0.000517,	252.957,	0.550
67,	6.75012,	6.634607,	0.000469,	252.956,	0.555
68,	6.75012,	6.634851,	-0.000405,	252.954,	0.545
69,	6.75012,	6.634612,	-0.000569,	252.952,	0.550
70,	6.75012,	6.636118,	0.000213,	252.951,	0.500
71,	6.75012,	6.634598,	0.000209,	252.949,	0.505
72,	6.75012,	6.637834,	0.000032,	252.947,	0.495
73,	6.75012,	6.635901,	0.000049,	252.946,	0.500
74,	6.75012,	6.637473,	-0.000756,	252.943,	0.550
75,	6.75012,	6.636449,	0.000640,	252.940,	0.500
76,	6.75012,	6.635381,	0.000062,	252.939,	0.500
77,	6.75012,	6.636571,	-0.000894,	252.938,	0.500
78,	6.75012,	6.636306,	0.000950,	252.935,	0.505
79,	6.75012,	6.637469,	0.000159,	252.932,	0.495
80,	6.75012,	6.637956,	0.000319,	252.931,	0.555
81,	6.75012,	6.638562,	0.000450,	252.929,	0.545
82,	6.75012,	6.638727,	-0.000030,	252.925,	0.500
83,	6.75012,	6.636320,	0.000803,	252.925,	0.500
84,	6.75012,	6.635925,	0.001157,	252.923,	0.500
85,	6.75012,	6.637874,	-0.000179,	252.921,	0.505
86,	6.75012,	6.637292,	0.000342,	252.919,	0.545
87,	6.75012,	6.637075,	0.000676,	252.916,	0.550
88,	6.75012,	6.637166,	0.000698,	252.915,	0.550
89,	6.75012,	6.638373,	0.000429,	252.912,	0.505
90,	6.75012,	6.635680,	0.000717,	252.911,	0.495
91,	6.75012,	6.636378,	-0.000030,	252.908,	0.500
92,	6.75012,	6.638989,	0.000532,	252.907,	0.500
93,	6.75012,	6.636772,	0.000773,	252.904,	0.555
94,	6.75012,	6.638909,	0.000379,	252.903,	0.500
95,	6.75012,	6.637820,	0.000355,	252.899,	0.495
96,	6.75012,	6.637282,	-0.000024,	252.897,	0.500
97,	6.75012,	6.639912,	-0.000569,	252.895,	0.500
98,	6.75012,	6.637261,	0.000603,	252.894,	0.500
99,	6.75012,	6.637194,	0.001275,	252.892,	0.550
100,	6.75012,	6.639283,	-0.000045,	252.890,	0.550
