Num, Lmd, sig,    mon,    Ring,  sec
#lmd,   E,  HOYAX,  Y,  Smpl,  Det, AGC X, Y, Smpl, Det
#6.65014,	186.4385,	57.000,	22.000,	4.300,	30.000,	-52.700,	13.300,	-0.068,	29.999

1,	6.65014,	-0.005553,	-0.002585,	245.385,	58.330
2,	6.65014,	-0.008784,	-0.000453,	245.381,	0.550
3,	6.65014,	-0.008154,	-0.000343,	245.379,	0.505
4,	6.65014,	-0.006874,	0.000228,	245.378,	0.500
5,	6.65014,	-0.007847,	-0.000610,	245.377,	0.500
6,	6.65014,	-0.008071,	0.001131,	245.374,	0.500
7,	6.65014,	-0.007667,	-0.001312,	245.372,	0.550
8,	6.65014,	-0.007708,	0.000164,	245.371,	0.500
9,	6.65014,	-0.007863,	-0.000931,	245.368,	0.500
10,	6.65014,	-0.001934,	-0.000237,	245.366,	0.495
11,	6.65014,	-0.006972,	-0.000946,	245.365,	0.500
12,	6.65017,	-0.008222,	0.000851,	245.363,	0.550
13,	6.65014,	-0.007350,	-0.000136,	245.361,	0.555
14,	6.65014,	-0.007711,	0.000168,	245.360,	0.500
15,	6.65014,	-0.007998,	0.000211,	245.358,	0.500
16,	6.65014,	-0.008098,	0.000594,	245.354,	0.500
17,	6.65014,	-0.007028,	0.000584,	245.353,	0.500
18,	6.65014,	-0.008205,	-0.001069,	245.353,	0.550
19,	6.65014,	-0.007556,	0.000457,	245.351,	0.500
20,	6.65014,	-0.007315,	0.000058,	245.348,	0.500
21,	6.65014,	-0.007400,	-0.000569,	245.346,	0.500
22,	6.65014,	-0.008352,	-0.000636,	245.344,	0.505
23,	6.65014,	-0.007491,	-0.000082,	245.343,	0.500
24,	6.65014,	-0.007613,	-0.001170,	245.341,	0.550
25,	6.65014,	-0.007831,	-0.000149,	245.339,	0.550
26,	6.65014,	-0.007818,	0.000103,	245.337,	0.550
27,	6.65014,	-0.007808,	-0.000205,	245.336,	0.500
28,	6.65014,	-0.007632,	0.000375,	245.333,	0.500
29,	6.65014,	-0.008378,	0.000108,	245.332,	0.500
30,	6.65014,	-0.008554,	0.000047,	245.328,	0.500
31,	6.65014,	-0.007853,	0.001170,	245.327,	0.550
32,	6.65014,	-0.007568,	0.000075,	245.325,	0.500
33,	6.65014,	-0.007800,	-0.000694,	245.323,	0.500
34,	6.65014,	-0.007398,	0.000737,	245.321,	0.500
35,	6.65014,	-0.007569,	-0.001189,	245.320,	0.505
36,	6.65014,	-0.007724,	-0.000858,	245.318,	0.500
37,	6.65014,	-0.007808,	0.001605,	245.315,	0.550
38,	6.65014,	-0.007785,	0.000086,	245.314,	0.500
39,	6.65014,	-0.007953,	0.000549,	245.313,	0.495
40,	6.65014,	-0.007954,	0.000086,	245.311,	0.505
41,	6.65014,	-0.007864,	-0.000388,	245.308,	0.500
42,	6.65014,	-0.007779,	-0.001493,	245.306,	0.550
43,	6.65017,	-0.007326,	0.001590,	245.305,	0.500
44,	6.65014,	-0.007540,	0.000584,	245.301,	0.500
45,	6.65014,	-0.007751,	0.001042,	245.301,	0.500
46,	6.65014,	-0.008169,	-0.000472,	245.299,	0.495
47,	6.65014,	-0.007926,	0.000045,	245.298,	0.550
48,	6.65017,	-0.007953,	0.000071,	245.295,	0.505
49,	6.65014,	-0.007834,	0.000088,	245.293,	0.500
50,	6.65014,	-0.007790,	0.000795,	245.291,	0.505
51,	6.65014,	-0.006716,	0.000049,	245.290,	0.500
52,	6.65014,	-0.007821,	-0.000446,	245.288,	0.550
53,	6.65017,	-0.007639,	-0.000743,	245.286,	0.550
54,	6.65014,	-0.007704,	0.001193,	245.285,	0.500
55,	6.65014,	-0.008215,	-0.000129,	245.282,	0.500
56,	6.65014,	-0.007567,	-0.001480,	245.280,	0.500
57,	6.65014,	-0.007137,	0.000418,	245.279,	0.500
58,	6.65014,	-0.007165,	0.000129,	245.277,	0.550
59,	6.65014,	-0.008242,	0.000500,	245.275,	0.505
60,	6.65014,	-0.007503,	-0.000142,	245.274,	0.505
61,	6.65017,	-0.007730,	0.000155,	245.271,	0.500
62,	6.65017,	-0.007837,	-0.001383,	245.270,	0.505
63,	6.65017,	-0.008019,	0.000112,	245.266,	0.550
64,	6.65014,	-0.007204,	0.000872,	245.265,	0.495
65,	6.65014,	-0.007584,	0.000176,	245.264,	0.505
66,	6.65014,	-0.008107,	-0.000651,	245.260,	0.505
67,	6.65014,	-0.007646,	0.000995,	245.259,	0.500
68,	6.65014,	-0.008108,	0.000228,	245.257,	0.550
69,	6.65014,	-0.008938,	0.000295,	245.255,	0.505
70,	6.65014,	-0.007919,	0.000754,	245.252,	0.500
71,	6.65017,	-0.007918,	-0.001217,	245.252,	0.500
72,	6.65017,	-0.007155,	0.000332,	245.250,	0.495
73,	6.65014,	-0.007174,	0.000657,	245.247,	0.555
74,	6.65017,	-0.008536,	-0.000683,	245.247,	0.500
75,	6.65014,	-0.007547,	0.000635,	245.244,	0.500
76,	6.65014,	-0.007349,	-0.000063,	245.243,	0.500
77,	6.65014,	-0.007002,	0.000209,	245.240,	0.500
78,	6.65017,	-0.007664,	-0.000138,	245.238,	0.550
79,	6.65014,	-0.007399,	-0.000509,	245.237,	0.500
80,	6.65017,	-0.008022,	0.001017,	245.234,	0.495
81,	6.65017,	-0.007652,	-0.001303,	245.233,	0.505
82,	6.65017,	-0.007827,	0.000506,	245.232,	0.500
83,	6.65014,	-0.007229,	-0.001120,	245.230,	0.550
84,	6.65017,	-0.006739,	0.000189,	245.227,	0.500
85,	6.65017,	-0.007654,	0.000497,	245.225,	0.500
86,	6.65014,	-0.007606,	-0.000963,	245.224,	0.505
87,	6.65014,	-0.007296,	-0.000901,	245.222,	0.500
88,	6.65014,	-0.007565,	0.000284,	245.220,	0.550
89,	6.65017,	-0.006953,	0.000607,	245.218,	0.500
90,	6.65014,	-0.008030,	0.000631,	245.217,	0.500
91,	6.65017,	-0.007676,	0.000108,	245.214,	0.500
92,	6.65017,	-0.007091,	0.000633,	245.213,	0.500
93,	6.65017,	-0.007751,	0.000717,	245.211,	0.500
94,	6.65014,	-0.007224,	0.000306,	245.210,	0.550
95,	6.65017,	-0.008361,	-0.000640,	245.207,	0.500
96,	6.65014,	-0.007561,	-0.000295,	245.206,	0.505
97,	6.65014,	-0.007954,	0.000002,	245.203,	0.500
98,	6.65017,	-0.007736,	-0.000041,	245.201,	0.500
99,	6.65017,	-0.007579,	-0.000636,	245.199,	0.500
100,	6.65014,	-0.007460,	-0.000261,	245.197,	0.550
