Num, Lmd, sig,    mon,    Ring,  sec
#lmd,   E,  HOYAX,  Y,  Smpl,  Det, AGC X, Y, Smpl, Det
#6.70011,	185.0481,	57.000,	22.000,	4.300,	30.000,	27.600,	4.500,	69.930,	29.999

1,	6.70011,	-0.004842,	-0.003600,	277.143,	70.460
2,	6.70011,	-0.006334,	-0.000035,	277.142,	0.555
3,	6.70011,	-0.007010,	0.000538,	277.139,	0.500
4,	6.70011,	-0.005980,	0.000252,	277.135,	0.525
5,	6.70011,	-0.006780,	0.000592,	277.134,	0.500
6,	6.70011,	-0.006769,	-0.000356,	277.132,	0.500
7,	6.70011,	-0.007014,	-0.000028,	277.130,	0.500
8,	6.70011,	-0.005683,	0.000080,	277.127,	0.550
9,	6.70011,	-0.006640,	0.000269,	277.125,	0.550
10,	6.70011,	-0.006519,	-0.000681,	277.123,	0.550
11,	6.70011,	-0.007009,	0.000349,	277.118,	0.500
12,	6.70011,	-0.005728,	-0.000132,	277.117,	0.495
13,	6.70011,	-0.005959,	-0.000978,	277.115,	0.505
14,	6.70011,	-0.006597,	-0.000541,	277.114,	0.500
15,	6.70011,	-0.006746,	-0.000321,	277.110,	0.550
16,	6.70011,	-0.006454,	-0.001002,	277.107,	0.500
17,	6.70011,	-0.007398,	0.000551,	277.106,	0.500
18,	6.70011,	-0.006426,	0.000120,	277.101,	0.500
19,	6.70011,	-0.006280,	0.000877,	277.100,	0.500
20,	6.70011,	-0.006909,	0.001607,	277.098,	0.500
21,	6.70011,	-0.007160,	-0.000474,	277.097,	0.550
22,	6.70011,	-0.006575,	-0.000149,	277.092,	0.550
23,	6.70011,	-0.007142,	-0.000235,	277.092,	0.550
24,	6.70011,	-0.007145,	-0.000690,	277.087,	0.550
25,	6.70011,	-0.006734,	-0.001082,	277.085,	0.545
26,	6.70011,	-0.007301,	0.001129,	277.083,	0.500
27,	6.70011,	-0.006369,	0.000342,	277.080,	0.505
28,	6.70011,	-0.007789,	0.000304,	277.077,	0.500
29,	6.70011,	-0.007073,	-0.001314,	277.075,	0.505
30,	6.70011,	-0.006702,	-0.001049,	277.073,	0.545
31,	6.70011,	-0.006163,	0.000894,	277.070,	0.500
32,	6.70011,	-0.006736,	-0.000812,	277.068,	0.500
33,	6.70011,	-0.007146,	0.000523,	277.066,	0.500
34,	6.70011,	-0.007652,	0.000784,	277.063,	0.505
35,	6.70011,	-0.006158,	-0.001049,	277.061,	0.505
36,	6.70011,	-0.006927,	-0.000229,	277.059,	0.550
37,	6.70011,	-0.006650,	-0.000864,	277.056,	0.550
38,	6.70011,	-0.006328,	-0.000528,	277.052,	0.545
39,	6.70011,	-0.006125,	0.000836,	277.051,	0.500
40,	6.70011,	-0.007178,	0.000142,	277.050,	0.505
41,	6.70011,	-0.006717,	0.000032,	277.046,	0.500
42,	6.70011,	-0.006019,	-0.000446,	277.043,	0.500
43,	6.70011,	-0.007267,	0.000127,	277.041,	0.550
44,	6.70011,	-0.007232,	-0.000463,	277.037,	0.500
45,	6.70011,	-0.006258,	-0.000612,	277.036,	0.500
46,	6.70011,	-0.006595,	-0.000453,	277.035,	0.500
47,	6.70011,	-0.006795,	-0.000181,	277.032,	0.500
48,	6.70011,	-0.006679,	-0.000257,	277.030,	0.495
49,	6.70011,	-0.006917,	0.000049,	277.027,	0.555
50,	6.70011,	-0.006382,	-0.000397,	277.026,	0.545
51,	6.70011,	-0.006494,	-0.000685,	277.021,	0.555
52,	6.70011,	-0.005800,	0.000890,	277.020,	0.550
53,	6.70011,	-0.006371,	-0.000705,	277.018,	0.500
54,	6.70011,	-0.006805,	0.000342,	277.016,	0.495
55,	6.70011,	-0.007115,	0.000166,	277.013,	0.505
56,	6.70011,	-0.006369,	0.000095,	277.011,	0.500
57,	6.70011,	-0.006974,	0.000398,	277.009,	0.550
58,	6.70011,	-0.006252,	0.000767,	277.005,	0.500
59,	6.70011,	-0.006084,	0.000726,	277.003,	0.495
60,	6.70011,	-0.007034,	-0.000129,	277.001,	0.505
61,	6.70011,	-0.006304,	0.001114,	277.000,	0.495
62,	6.70011,	-0.006128,	-0.001159,	276.996,	0.550
63,	6.70011,	-0.007118,	0.000390,	276.994,	0.505
64,	6.70011,	-0.006847,	0.000594,	276.993,	0.500
65,	6.70011,	-0.007417,	0.000573,	276.991,	0.500
66,	6.70011,	-0.006702,	-0.000842,	276.987,	0.500
67,	6.70011,	-0.005791,	0.000788,	276.985,	0.500
68,	6.70011,	-0.006904,	-0.000013,	276.983,	0.550
69,	6.70011,	-0.006614,	-0.001019,	276.979,	0.545
70,	6.70011,	-0.006320,	0.000034,	276.977,	0.550
71,	6.70011,	-0.007248,	0.000116,	276.976,	0.555
72,	6.70011,	-0.006335,	-0.000347,	276.972,	0.500
73,	6.70011,	-0.006465,	0.000887,	276.971,	0.500
74,	6.70011,	-0.005940,	0.000737,	276.968,	0.500
75,	6.70011,	-0.006592,	0.000077,	276.966,	0.500
76,	6.70011,	-0.007033,	-0.000097,	276.963,	0.550
77,	6.70011,	-0.006379,	0.001338,	276.960,	0.500
78,	6.70011,	-0.006974,	-0.000864,	276.958,	0.500
79,	6.70011,	-0.007321,	-0.000758,	276.955,	0.500
80,	6.70011,	-0.006665,	0.000952,	276.953,	0.500
81,	6.70011,	-0.006325,	-0.000347,	276.952,	0.495
82,	6.70011,	-0.006431,	-0.001224,	276.951,	0.555
83,	6.70011,	-0.006142,	-0.000752,	276.946,	0.500
84,	6.70011,	-0.007298,	-0.000453,	276.945,	0.500
85,	6.70011,	-0.007316,	0.001419,	276.943,	0.500
86,	6.70011,	-0.006337,	0.000196,	276.940,	0.500
87,	6.70011,	-0.007210,	0.000157,	276.937,	0.505
88,	6.70011,	-0.006651,	-0.001088,	276.935,	0.550
89,	6.70011,	-0.006842,	-0.000920,	276.933,	0.545
90,	6.70011,	-0.006165,	-0.000562,	276.930,	0.500
91,	6.70011,	-0.007495,	-0.000621,	276.928,	0.505
92,	6.70011,	-0.006980,	-0.000524,	276.926,	0.500
93,	6.70011,	-0.006392,	-0.000336,	276.924,	0.500
94,	6.70011,	-0.007125,	0.000435,	276.920,	0.550
95,	6.70011,	-0.006176,	-0.000037,	276.919,	0.500
96,	6.70011,	-0.007067,	0.000243,	276.917,	0.495
97,	6.70011,	-0.006724,	-0.000621,	276.913,	0.505
98,	6.70011,	-0.006500,	0.000840,	276.912,	0.500
99,	6.70011,	-0.007108,	0.000409,	276.910,	0.495
100,	6.70011,	-0.007234,	-0.000942,	276.908,	0.550
