Num, Lmd, sig,    mon,    Ring,  sec
#lmd,   E,  HOYAX,  Y,  Smpl,  Det, AGC X, Y, Smpl, Det
#6.50006,	190.7432,	57.000,	22.000,	4.300,	30.000,	0.000,	-76.000,	-0.068,	-0.346

1,	6.50006,	8.667450,	-0.002327,	286.429,	135.895
2,	6.50006,	8.666920,	-0.000528,	286.426,	0.555
3,	6.50006,	8.666041,	0.000321,	286.424,	0.505
4,	6.50006,	8.666911,	-0.000509,	286.422,	0.505
5,	6.50006,	8.666006,	0.000846,	286.419,	0.500
6,	6.50006,	8.667340,	-0.000351,	286.416,	0.510
7,	6.50006,	8.666727,	-0.000920,	286.414,	0.555
8,	6.50006,	8.666688,	0.000366,	286.412,	0.505
9,	6.50006,	8.667392,	0.000250,	286.409,	0.505
10,	6.50006,	8.665989,	-0.001478,	286.406,	0.500
11,	6.50006,	8.666206,	-0.000420,	286.404,	0.510
12,	6.50006,	8.665896,	0.000211,	286.400,	0.555
13,	6.50006,	8.666492,	-0.000440,	286.397,	0.505
14,	6.50006,	8.666253,	0.000745,	286.395,	0.500
15,	6.50006,	8.664577,	-0.000144,	286.393,	0.510
16,	6.50006,	8.666426,	-0.000664,	286.388,	0.505
17,	6.50010,	8.667753,	0.000047,	286.386,	0.550
18,	6.50010,	8.665722,	0.000661,	286.385,	0.505
19,	6.50006,	8.666554,	-0.000890,	286.380,	0.505
20,	6.50006,	8.663174,	-0.000761,	286.379,	0.505
21,	6.50010,	8.665797,	-0.000582,	286.377,	0.505
22,	6.50010,	8.665122,	-0.000310,	286.375,	0.505
23,	6.50006,	8.661887,	0.000232,	286.371,	0.555
24,	6.50006,	8.665858,	-0.000830,	286.369,	0.505
25,	6.50010,	8.663850,	0.000118,	286.366,	0.505
26,	6.50006,	8.662584,	0.000607,	286.363,	0.505
27,	6.50006,	8.663202,	0.000118,	286.361,	0.505
28,	6.50006,	8.663071,	0.001116,	286.359,	0.505
29,	6.50010,	8.663411,	0.001215,	286.357,	0.550
30,	6.50010,	8.662141,	-0.000381,	286.354,	0.560
31,	6.50006,	8.662370,	-0.000058,	286.352,	0.505
32,	6.50006,	8.660824,	-0.001015,	286.349,	0.505
33,	6.50006,	8.660972,	0.000170,	286.345,	0.505
34,	6.50006,	8.662340,	-0.000631,	286.342,	0.505
35,	6.50006,	8.662175,	-0.000998,	286.341,	0.505
36,	6.50006,	8.660455,	-0.000521,	286.338,	0.555
37,	6.50010,	8.659116,	-0.000420,	286.334,	0.555
38,	6.50010,	8.661322,	0.000467,	286.332,	0.505
39,	6.50006,	8.660279,	-0.000496,	286.331,	0.505
40,	6.50010,	8.657609,	-0.000623,	286.326,	0.505
41,	6.50006,	8.658305,	-0.001282,	286.324,	0.505
42,	6.50006,	8.660523,	-0.000418,	286.323,	0.506
43,	6.50010,	8.658154,	0.001747,	286.319,	0.555
44,	6.50006,	8.658525,	-0.001194,	286.316,	0.555
45,	6.50006,	8.658714,	-0.000272,	286.315,	0.555
46,	6.50006,	8.657908,	-0.000371,	286.310,	0.505
47,	6.50006,	8.656969,	0.000276,	286.308,	0.500
48,	6.50010,	8.655902,	0.000101,	286.306,	0.510
49,	6.50010,	8.657814,	-0.000453,	286.304,	0.505
50,	6.50006,	8.653909,	0.001159,	286.299,	0.555
51,	6.50010,	8.657690,	0.000573,	286.298,	0.505
52,	6.50010,	8.654757,	-0.000101,	286.297,	0.505
53,	6.50006,	8.656178,	-0.000192,	286.293,	0.505
54,	6.50006,	8.654446,	-0.000250,	286.290,	0.505
55,	6.50006,	8.656349,	0.000017,	286.288,	0.560
56,	6.50010,	8.655671,	0.000226,	286.285,	0.505
57,	6.50010,	8.654853,	0.000069,	286.283,	0.505
58,	6.50006,	8.655825,	-0.000002,	286.281,	0.505
59,	6.50006,	8.653221,	0.000465,	286.278,	0.505
60,	6.50006,	8.654985,	-0.001288,	286.275,	0.550
61,	6.50010,	8.653056,	-0.000577,	286.273,	0.510
62,	6.50010,	8.652076,	-0.000487,	286.270,	0.505
63,	6.50006,	8.653504,	0.000390,	286.266,	0.505
64,	6.50006,	8.653785,	-0.000235,	286.263,	0.505
65,	6.50010,	8.650529,	-0.000901,	286.261,	0.555
66,	6.50006,	8.651764,	0.000118,	286.260,	0.555
67,	6.50010,	8.653828,	-0.000237,	286.255,	0.505
68,	6.50010,	8.652841,	0.000795,	286.253,	0.505
69,	6.50010,	8.649928,	-0.001153,	286.251,	0.505
70,	6.50010,	8.651020,	0.000067,	286.248,	0.505
71,	6.50010,	8.652627,	0.000838,	286.245,	0.555
72,	6.50010,	8.648546,	-0.000567,	286.243,	0.505
73,	6.50006,	8.652820,	0.000168,	286.240,	0.505
74,	6.50006,	8.648372,	-0.000371,	286.238,	0.505
75,	6.50010,	8.650936,	-0.000343,	286.235,	0.505
76,	6.50010,	8.649526,	-0.000472,	286.233,	0.505
77,	6.50006,	8.648105,	-0.000457,	286.229,	0.555
78,	6.50010,	8.649891,	0.000571,	286.227,	0.555
79,	6.50010,	8.647572,	0.001079,	286.225,	0.505
80,	6.50010,	8.648184,	-0.000069,	286.221,	0.505
81,	6.50010,	8.648064,	0.001004,	286.220,	0.505
82,	6.50010,	8.646890,	0.000036,	286.216,	0.505
83,	6.50010,	8.647786,	0.000187,	286.215,	0.555
84,	6.50010,	8.648739,	0.000631,	286.210,	0.505
85,	6.50006,	8.648891,	0.000646,	286.209,	0.505
86,	6.50006,	8.649454,	0.000232,	286.207,	0.505
87,	6.50006,	8.646229,	0.000260,	286.204,	0.505
88,	6.50010,	8.649359,	0.000377,	286.200,	0.555
89,	6.50010,	8.646924,	-0.000476,	286.199,	0.505
90,	6.50006,	8.646788,	0.000457,	286.196,	0.505
91,	6.50010,	8.648786,	0.000297,	286.192,	0.505
92,	6.50010,	8.647466,	-0.000920,	286.191,	0.505
93,	6.50010,	8.647296,	-0.000157,	286.188,	0.505
94,	6.50010,	8.645298,	-0.000735,	286.185,	0.555
95,	6.50010,	8.647380,	0.000301,	286.184,	0.555
96,	6.50010,	8.649743,	-0.000338,	286.181,	0.550
97,	6.50010,	8.647524,	-0.000377,	286.177,	0.505
98,	6.50010,	8.648628,	-0.000472,	286.175,	0.510
99,	6.50010,	8.648798,	0.000978,	286.172,	0.505
100,	6.50010,	8.649064,	0.000426,	286.171,	0.505
