Smpl, Det, sig,    mon,    Ring,  sec
#lmd,   E,  HOYAX,  Y,  Smpl,  Det, AGC X, Y, Smpl, Det, ppsSmpl, ppsDet
#6.60016,	187.8504,	57.000,	22.000,	4.300,	30.000,	2.400,	4.000,	69.930,	139.651,100,100

69.872,	139.540,	-0.002240,	-0.000552,	268.747,	37.535
69.970,	139.738,	-0.003249,	0.000536,	268.744,	0.545
70.060,	139.914,	-0.002720,	0.002660,	268.741,	0.495
70.146,	140.090,	-0.002636,	0.002247,	268.738,	0.490
70.236,	140.270,	-0.002869,	0.002081,	268.737,	0.495
70.326,	140.447,	-0.002436,	0.002617,	268.735,	0.495
70.412,	140.627,	-0.003042,	0.002951,	268.734,	0.500
70.510,	140.821,	-0.004025,	0.002369,	268.730,	0.535
70.600,	140.998,	-0.004645,	0.001622,	268.727,	0.495
70.690,	141.178,	-0.004777,	0.003005,	268.727,	0.495
70.776,	141.354,	-0.005008,	0.002647,	268.723,	0.490
70.866,	141.530,	-0.004328,	0.002275,	268.721,	0.495
70.963,	141.725,	-0.004330,	0.001861,	268.719,	0.540
71.053,	141.905,	-0.003414,	0.002292,	268.717,	0.495
71.140,	142.081,	-0.004283,	0.001682,	268.714,	0.490
71.230,	142.258,	-0.002973,	0.002188,	268.712,	0.495
71.320,	142.438,	-0.003728,	0.002255,	268.710,	0.500
71.410,	142.614,	-0.003354,	0.001939,	268.709,	0.485
71.507,	142.808,	-0.003541,	0.002505,	268.706,	0.545
71.593,	142.988,	-0.003435,	0.001650,	268.704,	0.495
71.683,	143.165,	-0.003338,	0.002432,	268.702,	0.495
71.773,	143.341,	-0.004586,	0.001682,	268.700,	0.495
71.860,	143.521,	-0.004450,	0.002992,	268.699,	0.490
71.960,	143.716,	-0.004263,	0.001656,	268.696,	0.540
72.047,	143.892,	-0.004804,	0.002699,	268.694,	0.495
72.137,	144.072,	-0.005237,	0.001422,	268.692,	0.500
72.227,	144.248,	-0.004286,	0.002854,	268.688,	0.490
72.313,	144.428,	-0.004401,	0.003309,	268.686,	0.495
72.410,	144.623,	-0.005117,	0.001829,	268.685,	0.540
72.500,	144.803,	-0.005323,	0.002667,	268.682,	0.500
72.590,	144.979,	-0.005028,	0.001872,	268.679,	0.490
72.680,	145.159,	-0.004820,	0.002324,	268.678,	0.500
72.767,	145.336,	-0.004164,	0.002059,	268.676,	0.490
72.868,	145.534,	-0.005105,	0.001756,	268.674,	0.550
72.954,	145.710,	-0.004211,	0.002669,	268.671,	0.490
73.044,	145.886,	-0.003488,	0.004080,	268.669,	0.495
73.134,	146.063,	-0.003940,	0.002497,	268.667,	0.495
73.220,	146.243,	-0.004257,	0.002697,	268.665,	0.495
73.321,	146.437,	-0.004531,	0.001628,	268.661,	0.540
73.408,	146.614,	-0.003790,	0.002790,	268.661,	0.490
73.498,	146.794,	-0.004052,	0.002188,	268.659,	0.495
73.588,	146.970,	-0.004394,	0.002389,	268.655,	0.495
73.674,	147.150,	-0.003933,	0.002033,	268.653,	0.495
73.764,	147.326,	-0.004271,	0.002307,	268.653,	0.495
73.861,	147.521,	-0.005176,	0.002721,	268.650,	0.535
73.951,	147.701,	-0.004749,	0.002357,	268.647,	0.500
74.038,	147.877,	-0.006097,	0.002171,	268.644,	0.490
74.128,	148.057,	-0.005085,	0.002488,	268.642,	0.500
74.218,	148.234,	-0.005587,	0.001863,	268.640,	0.490
74.315,	148.432,	-0.005849,	0.002460,	268.637,	0.550
74.405,	148.604,	-0.005353,	0.002042,	268.635,	0.485
74.491,	148.784,	-0.005214,	0.002723,	268.634,	0.500
74.581,	148.961,	-0.004519,	0.003022,	268.633,	0.490
74.671,	149.141,	-0.004434,	0.001379,	268.628,	0.500
74.761,	149.317,	-0.004914,	0.002193,	268.626,	0.490
74.855,	149.512,	-0.004774,	0.001484,	268.625,	0.535
74.945,	149.692,	-0.004522,	0.002690,	268.623,	0.505
75.035,	149.868,	-0.009876,	0.002738,	268.619,	0.490
75.125,	150.044,	-0.003946,	0.002621,	268.617,	0.495
75.211,	150.224,	-0.003183,	0.003076,	268.616,	0.490
75.312,	150.419,	-0.003693,	0.002544,	268.614,	0.545
75.398,	150.595,	-0.003278,	0.002219,	268.611,	0.495
75.488,	150.775,	-0.003775,	0.001766,	268.609,	0.490
75.578,	150.955,	-0.004169,	0.002376,	268.606,	0.500
75.665,	151.132,	-0.003769,	0.003141,	268.604,	0.490
75.762,	151.326,	-0.005361,	0.002126,	268.602,	0.545
75.859,	151.520,	-0.005295,	0.001790,	268.600,	0.540
75.960,	151.718,	-0.005237,	0.002395,	268.598,	0.545
76.050,	151.895,	-0.005486,	0.002292,	268.594,	0.495
76.136,	152.075,	-0.004641,	0.002981,	268.593,	0.495
76.226,	152.251,	-0.004628,	0.002820,	268.592,	0.500
76.316,	152.431,	-0.004971,	0.001928,	268.590,	0.495
76.414,	152.626,	-0.005369,	0.001960,	268.586,	0.540
76.504,	152.806,	-0.004471,	0.002033,	268.583,	0.495
76.594,	152.986,	-0.003848,	0.001581,	268.582,	0.500
76.680,	153.162,	-0.004353,	0.001547,	268.579,	0.490
76.770,	153.338,	-0.003250,	0.002266,	268.577,	0.495
76.867,	153.533,	-0.003974,	0.002068,	268.575,	0.540
76.957,	153.709,	-0.003340,	0.002587,	268.573,	0.490
77.044,	153.889,	-0.001270,	0.002068,	268.570,	0.500
77.134,	154.066,	-0.000421,	0.001745,	268.569,	0.495
77.224,	154.246,	0.000158,	0.001904,	268.567,	0.495
77.321,	154.440,	0.000091,	0.001467,	268.565,	0.540
77.411,	154.616,	0.001079,	0.002624,	268.560,	0.490
77.501,	154.796,	0.000662,	0.002527,	268.559,	0.500
77.587,	154.976,	0.000320,	0.002036,	268.557,	0.500
77.677,	155.153,	-0.000794,	0.002434,	268.555,	0.490
77.774,	155.347,	-0.000944,	0.001553,	268.551,	0.540
77.864,	155.527,	0.000202,	0.001665,	268.551,	0.500
77.951,	155.704,	-0.000503,	0.001999,	268.549,	0.485
78.041,	155.884,	-0.000131,	0.001945,	268.546,	0.500
78.131,	156.060,	-0.000895,	0.003160,	268.544,	0.495
78.228,	156.254,	-0.001441,	0.002492,	268.542,	0.540
78.318,	156.434,	-0.000998,	0.003298,	268.540,	0.495
78.404,	156.611,	-0.001459,	0.001824,	268.537,	0.495
78.494,	156.787,	-0.002700,	0.002662,	268.535,	0.490
78.584,	156.967,	-0.002920,	0.002742,	268.533,	0.500
78.682,	157.162,	-0.003580,	0.002824,	268.531,	0.540
78.772,	157.338,	-0.003747,	0.002955,	268.528,	0.495
78.858,	157.518,	-0.002891,	0.002236,	268.526,	0.495
78.948,	157.694,	-0.002597,	0.001762,	268.524,	0.495
79.038,	157.874,	-0.002065,	0.002531,	268.523,	0.495
79.135,	158.069,	-0.001284,	0.001758,	268.520,	0.540
79.225,	158.249,	0.000130,	0.002309,	268.518,	0.500
79.312,	158.425,	0.001504,	0.001919,	268.517,	0.490
79.402,	158.605,	0.002279,	0.002897,	268.515,	0.500
79.492,	158.782,	0.003769,	0.003279,	268.512,	0.485
79.589,	158.976,	0.002368,	0.001549,	268.509,	0.545
79.679,	159.152,	0.003166,	0.002665,	268.507,	0.495
79.765,	159.332,	0.005102,	0.003173,	268.505,	0.495
79.855,	159.509,	0.006340,	0.001404,	268.502,	0.495
79.945,	159.689,	0.006643,	0.002973,	268.500,	0.490
80.035,	159.865,	0.009182,	0.001626,	268.498,	0.495
80.132,	160.060,	0.011453,	0.001051,	268.497,	0.545
80.222,	160.240,	0.015202,	0.002701,	268.493,	0.495
80.309,	160.420,	0.017298,	0.002152,	268.492,	0.500
80.399,	160.596,	0.018421,	0.002895,	268.490,	0.490
80.489,	160.772,	0.016283,	0.003559,	268.488,	0.490
80.586,	160.970,	0.014944,	0.002010,	268.484,	0.550
80.672,	161.147,	0.016621,	0.001262,	268.482,	0.485
80.762,	161.327,	0.018227,	0.002245,	268.481,	0.505
80.852,	161.503,	0.019915,	0.002219,	268.479,	0.485
80.942,	161.680,	0.020284,	0.003203,	268.475,	0.495
81.040,	161.874,	0.021720,	0.002533,	268.473,	0.540
81.126,	162.050,	0.025375,	0.002193,	268.472,	0.490
81.216,	162.230,	0.027042,	0.001620,	268.469,	0.500
81.306,	162.407,	0.026093,	0.002223,	268.467,	0.495
81.392,	162.587,	0.026359,	0.002402,	268.465,	0.495
81.490,	162.781,	0.024518,	0.001331,	268.462,	0.540
81.580,	162.961,	0.023107,	0.002837,	268.460,	0.495
81.670,	163.138,	0.018332,	0.002380,	268.458,	0.495
81.760,	163.314,	0.019162,	0.001379,	268.457,	0.495
81.846,	163.494,	0.019227,	0.002665,	268.453,	0.490
81.943,	163.685,	0.015951,	0.001618,	268.451,	0.540
82.033,	163.865,	0.019323,	0.000437,	268.449,	0.495
82.123,	164.041,	0.020664,	0.003696,	268.448,	0.495
82.210,	164.221,	0.022110,	0.002001,	268.446,	0.495
82.300,	164.398,	0.026139,	0.003143,	268.444,	0.495
82.397,	164.592,	0.024650,	0.002357,	268.440,	0.535
82.487,	164.772,	0.023238,	0.002354,	268.438,	0.495
82.573,	164.948,	0.022498,	0.001857,	268.437,	0.490
82.663,	165.125,	0.021739,	0.002591,	268.433,	0.495
82.753,	165.305,	0.021637,	0.003675,	268.431,	0.500
82.843,	165.481,	0.025134,	0.002565,	268.429,	0.490
82.940,	165.679,	0.028041,	0.001428,	268.428,	0.545
83.027,	165.856,	0.033444,	0.003464,	268.424,	0.495
83.117,	166.032,	0.040088,	0.001503,	268.423,	0.495
83.207,	166.212,	0.015386,	0.002570,	268.421,	0.495
83.297,	166.388,	0.013458,	0.002550,	268.419,	0.490
83.394,	166.583,	0.014916,	0.001566,	268.415,	0.545
83.480,	166.763,	0.015695,	0.002410,	268.415,	0.495
83.570,	166.939,	0.014992,	0.001706,	268.411,	0.490
83.660,	167.119,	0.012168,	0.002503,	268.410,	0.495
83.747,	167.296,	-0.005805,	0.002316,	268.407,	0.495
83.844,	167.490,	-0.006936,	0.003024,	268.405,	0.535
83.934,	167.670,	-0.005834,	0.002813,	268.403,	0.500
84.024,	167.843,	-0.006460,	0.001820,	268.400,	0.490
84.114,	168.023,	0.005896,	0.001544,	268.398,	0.500
84.200,	168.199,	-0.005620,	0.002525,	268.395,	0.490
84.298,	168.397,	-0.007341,	0.002492,	268.395,	0.545
84.388,	168.574,	-0.005918,	0.002464,	268.391,	0.495
84.478,	168.754,	-0.006142,	0.002602,	268.389,	0.495
84.568,	168.930,	0.036515,	0.001865,	268.388,	0.490
84.654,	169.110,	0.041491,	0.002064,	268.385,	0.500
84.751,	169.304,	0.041824,	0.001689,	268.382,	0.540
84.841,	169.484,	0.105399,	0.002109,	268.380,	0.495
84.931,	169.661,	0.114004,	0.001618,	268.377,	0.495
85.021,	169.837,	0.123960,	0.003804,	268.377,	0.490
85.108,	170.017,	0.141056,	0.003257,	268.374,	0.495
85.205,	170.212,	0.158262,	0.002223,	268.371,	0.540
85.295,	170.392,	0.165423,	0.002742,	268.370,	0.500
85.385,	170.564,	-0.006168,	0.002208,	268.367,	0.490
85.475,	170.748,	-0.006015,	0.003328,	268.364,	0.500
85.561,	170.921,	-0.005897,	0.002718,	268.363,	0.490
85.658,	171.115,	-0.006652,	0.001781,	268.361,	0.540
85.748,	171.295,	-0.007149,	0.001525,	268.359,	0.495
85.838,	171.472,	-0.006442,	0.002561,	268.356,	0.490
85.925,	171.652,	-0.007313,	0.001934,	268.353,	0.500
86.015,	171.828,	-0.006653,	0.004295,	268.352,	0.490
86.112,	172.022,	-0.006596,	0.002497,	268.349,	0.540
86.202,	172.202,	-0.005905,	0.002714,	268.346,	0.495
86.292,	172.382,	-0.006692,	0.001921,	268.345,	0.505
86.378,	172.559,	-0.006632,	0.002712,	268.343,	0.490
86.468,	172.735,	-0.006381,	0.003115,	268.341,	0.490
86.566,	172.933,	-0.007236,	0.002792,	268.337,	0.545
86.656,	173.110,	-0.006975,	0.002550,	268.336,	0.495
86.746,	173.286,	-0.006216,	0.001042,	268.334,	0.495
86.832,	173.466,	-0.005327,	0.001824,	268.331,	0.500
86.922,	173.642,	-0.006780,	0.001607,	268.329,	0.490
87.019,	173.837,	-0.006794,	0.002417,	268.328,	0.535
87.109,	174.017,	-0.006516,	0.002113,	268.327,	0.505
87.199,	174.193,	-0.006773,	0.002531,	268.323,	0.485
87.286,	174.373,	-0.005337,	0.003408,	268.321,	0.500
87.376,	174.550,	-0.006448,	0.003233,	268.319,	0.490
87.473,	174.748,	-0.006903,	0.002326,	268.317,	0.550
87.563,	174.924,	-0.005414,	0.001622,	268.314,	0.490
87.653,	175.100,	-0.004696,	0.002023,	268.311,	0.490
87.739,	175.277,	-0.002464,	0.002201,	268.309,	0.495
87.829,	175.457,	-0.005480,	0.002445,	268.307,	0.495
87.919,	175.637,	-0.005723,	0.002188,	268.305,	0.500
88.016,	175.831,	-0.006735,	0.002654,	268.302,	0.545
88.106,	176.011,	-0.006141,	0.003270,	268.301,	0.490
88.193,	176.188,	-0.006314,	0.002768,	268.300,	0.495
88.283,	176.364,	-0.006332,	0.002061,	268.295,	0.495
88.373,	176.544,	-0.005040,	0.002029,	268.293,	0.490
88.470,	176.738,	-0.003864,	0.001329,	268.291,	0.550
88.560,	176.915,	-0.004480,	0.002042,	268.287,	0.485
88.646,	177.095,	-0.004394,	0.002749,	268.286,	0.500
88.736,	177.271,	-0.004158,	0.001835,	268.284,	0.490
88.826,	177.448,	-0.004773,	0.002540,	268.283,	0.495
88.924,	177.642,	-0.004484,	0.001529,	268.281,	0.540
89.010,	177.822,	-0.005108,	0.002809,	268.276,	0.490
89.100,	177.998,	-0.005478,	0.002473,	268.276,	0.500
89.190,	178.175,	-0.005481,	0.002094,	268.274,	0.490
89.276,	178.355,	-0.004877,	0.001090,	268.271,	0.495
89.374,	178.549,	-0.005997,	0.002055,	268.269,	0.540
89.464,	178.726,	-0.006459,	0.002102,	268.266,	0.490
89.554,	178.906,	-0.005670,	0.003671,	268.266,	0.500
89.640,	179.082,	-0.005627,	0.002729,	268.262,	0.490
89.730,	179.262,	-0.006838,	0.001794,	268.258,	0.500
89.827,	179.453,	-0.007760,	0.002357,	268.257,	0.530
89.917,	179.629,	-0.008596,	0.001463,	268.256,	0.495
