Num, Lmd, sig,    mon,    Ring,  sec
#lmd,   E,  HOYAX,  Y,  Smpl,  Det, AGC X, Y, Smpl, Det
#6.70015,	185.0470,	57.000,	22.000,	4.300,	30.000,	0.000,	-76.000,	-0.068,	-0.346

1,	6.70015,	7.219819,	-0.003175,	265.843,	121.080
2,	6.70015,	7.217351,	-0.000375,	265.842,	0.555
3,	6.70015,	7.214743,	0.000752,	265.837,	0.500
4,	6.70015,	7.216341,	0.000706,	265.836,	0.505
5,	6.70015,	7.216806,	-0.001103,	265.835,	0.500
6,	6.70015,	7.217246,	-0.001299,	265.831,	0.505
7,	6.70015,	7.217888,	0.000198,	265.829,	0.500
8,	6.70015,	7.216230,	-0.000198,	265.828,	0.550
9,	6.70015,	7.214448,	0.000301,	265.826,	0.550
10,	6.70015,	7.216411,	-0.000474,	265.822,	0.505
11,	6.70015,	7.216213,	-0.000371,	265.821,	0.495
12,	6.70015,	7.214168,	-0.000252,	265.819,	0.500
13,	6.70015,	7.216006,	0.000510,	265.816,	0.500
14,	6.70015,	7.214266,	-0.000433,	265.812,	0.555
15,	6.70015,	7.214678,	0.000416,	265.811,	0.500
16,	6.70015,	7.213702,	-0.000905,	265.809,	0.495
17,	6.70015,	7.216736,	0.000110,	265.807,	0.500
18,	6.70015,	7.213449,	0.000549,	265.804,	0.500
19,	6.70015,	7.213850,	0.000316,	265.803,	0.505
20,	6.70015,	7.215057,	-0.000308,	265.802,	0.545
21,	6.70015,	7.214489,	-0.000097,	265.798,	0.550
22,	6.70015,	7.214001,	0.000151,	265.797,	0.550
23,	6.70015,	7.214636,	-0.000890,	265.793,	0.550
24,	6.70015,	7.213905,	0.000187,	265.791,	0.550
25,	6.70015,	7.212638,	0.000334,	265.791,	0.505
26,	6.70015,	7.213859,	0.000024,	265.785,	0.510
27,	6.70015,	7.210764,	-0.000017,	265.784,	0.500
28,	6.70015,	7.214465,	0.000784,	265.783,	0.505
29,	6.70015,	7.214316,	-0.001640,	265.780,	0.545
30,	6.70015,	7.214215,	-0.000506,	265.776,	0.550
31,	6.70015,	7.213946,	-0.000151,	265.775,	0.550
32,	6.70015,	7.212893,	-0.000851,	265.773,	0.500
33,	6.70015,	7.214438,	0.000474,	265.769,	0.500
34,	6.70015,	7.213771,	0.001355,	265.768,	0.500
35,	6.70015,	7.212213,	-0.000043,	265.767,	0.500
36,	6.70015,	7.212890,	-0.000317,	265.765,	0.550
37,	6.70015,	7.213319,	-0.000026,	265.762,	0.550
38,	6.70015,	7.213171,	0.000185,	265.759,	0.505
39,	6.70015,	7.211822,	0.000064,	265.758,	0.500
40,	6.70015,	7.213539,	-0.000328,	265.753,	0.505
41,	6.70015,	7.212642,	0.000463,	265.753,	0.505
42,	6.70015,	7.212208,	-0.000741,	265.751,	0.495
43,	6.70015,	7.209147,	0.000271,	265.749,	0.555
44,	6.70015,	7.210598,	-0.000690,	265.745,	0.500
45,	6.70015,	7.211378,	0.000153,	265.744,	0.510
46,	6.70015,	7.211915,	-0.000982,	265.742,	0.500
47,	6.70015,	7.208895,	-0.000970,	265.740,	0.505
48,	6.70015,	7.210777,	-0.000873,	265.737,	0.550
49,	6.70015,	7.210866,	-0.000134,	265.735,	0.550
50,	6.70015,	7.208024,	0.000646,	265.731,	0.505
51,	6.70015,	7.207403,	0.000254,	265.730,	0.495
52,	6.70015,	7.209470,	0.000377,	265.728,	0.500
53,	6.70015,	7.209361,	0.000276,	265.727,	0.505
54,	6.70015,	7.208655,	-0.000907,	265.723,	0.555
55,	6.70015,	7.208584,	0.000170,	265.721,	0.495
56,	6.70015,	7.207621,	0.001208,	265.720,	0.500
57,	6.70015,	7.206757,	0.000665,	265.716,	0.500
58,	6.70015,	7.208739,	0.000719,	265.713,	0.505
59,	6.70015,	7.206896,	-0.000313,	265.713,	0.500
60,	6.70015,	7.207578,	0.000351,	265.712,	0.550
61,	6.70015,	7.203692,	-0.000168,	265.708,	0.550
62,	6.70015,	7.203787,	-0.000013,	265.706,	0.550
63,	6.70015,	7.203807,	-0.000313,	265.705,	0.500
64,	6.70015,	7.205899,	-0.000640,	265.701,	0.500
65,	6.70015,	7.204632,	-0.000472,	265.699,	0.500
66,	6.70015,	7.207148,	-0.000259,	265.697,	0.500
67,	6.70015,	7.203675,	-0.000963,	265.696,	0.550
68,	6.70015,	7.202873,	0.000702,	265.692,	0.500
69,	6.70015,	7.203675,	0.000370,	265.691,	0.505
70,	6.70015,	7.205245,	0.000034,	265.689,	0.500
71,	6.70015,	7.204315,	0.000739,	265.689,	0.500
72,	6.70015,	7.204385,	-0.000670,	265.684,	0.555
73,	6.70015,	7.201549,	-0.000590,	265.682,	0.550
74,	6.70015,	7.200740,	-0.000659,	265.680,	0.545
75,	6.70015,	7.202542,	-0.000269,	265.677,	0.550
76,	6.70015,	7.204312,	-0.001086,	265.676,	0.500
77,	6.70015,	7.201355,	0.000090,	265.673,	0.500
78,	6.70015,	7.201898,	-0.000845,	265.671,	0.505
79,	6.70015,	7.202505,	-0.000056,	265.668,	0.500
80,	6.70015,	7.202624,	-0.000285,	265.667,	0.550
81,	6.70015,	7.201948,	0.000545,	265.665,	0.550
82,	6.70015,	7.202289,	0.000170,	265.662,	0.550
83,	6.70015,	7.199628,	-0.000397,	265.660,	0.550
84,	6.70015,	7.198750,	0.000034,	265.656,	0.555
85,	6.70015,	7.201893,	-0.000356,	265.655,	0.550
86,	6.70015,	7.200043,	0.000039,	265.652,	0.505
87,	6.70015,	7.200714,	0.000657,	265.650,	0.500
88,	6.70015,	7.200725,	0.000024,	265.648,	0.505
89,	6.70015,	7.199107,	0.000504,	265.647,	0.500
90,	6.70015,	7.202750,	-0.000254,	265.644,	0.555
91,	6.70015,	7.200790,	0.000151,	265.642,	0.545
92,	6.70015,	7.200069,	-0.000384,	265.640,	0.550
93,	6.70015,	7.199727,	-0.000134,	265.636,	0.505
94,	6.70015,	7.202247,	-0.000196,	265.634,	0.500
95,	6.70015,	7.200295,	-0.001066,	265.633,	0.505
96,	6.70015,	7.199630,	0.000338,	265.630,	0.500
97,	6.70015,	7.199863,	-0.000405,	265.628,	0.500
98,	6.70015,	7.197422,	-0.000802,	265.626,	0.550
99,	6.70015,	7.200053,	0.000306,	265.625,	0.500
100,	6.70015,	7.200070,	0.000198,	265.621,	0.500
