Num, Lmd, sig,    mon,    Ring,  sec
#lmd,   E,  HOYAX,  Y,  Smpl,  Det, AGC X, Y, Smpl, Det
#6.55011,	189.2857,	57.000,	22.000,	4.300,	30.000,	27.600,	4.500,	69.930,	29.999

1,	6.55011,	-0.004683,	-0.003150,	283.587,	70.490
2,	6.55011,	-0.006827,	-0.000013,	283.586,	0.550
3,	6.55011,	-0.006602,	-0.000274,	283.581,	0.550
4,	6.55011,	-0.006682,	-0.000002,	283.579,	0.550
5,	6.55011,	-0.005532,	-0.000140,	283.575,	0.500
6,	6.55011,	-0.006736,	0.000140,	283.573,	0.500
7,	6.55011,	-0.006208,	-0.000605,	283.572,	0.500
8,	6.55011,	-0.005974,	0.001118,	283.570,	0.500
9,	6.55011,	-0.006536,	-0.000440,	283.566,	0.545
10,	6.55011,	-0.006472,	-0.000493,	283.565,	0.500
11,	6.55011,	-0.006676,	0.000099,	283.563,	0.505
12,	6.55011,	-0.006189,	0.001633,	283.560,	0.500
13,	6.55011,	-0.006547,	-0.000297,	283.555,	0.500
14,	6.55011,	-0.006547,	-0.000597,	283.554,	0.500
15,	6.55011,	-0.006607,	-0.000989,	283.551,	0.550
16,	6.55011,	-0.006202,	0.000459,	283.548,	0.500
17,	6.55011,	-0.006774,	-0.000713,	283.546,	0.500
18,	6.55011,	-0.007122,	0.000545,	283.544,	0.505
19,	6.55011,	-0.006593,	-0.000110,	283.542,	0.500
20,	6.55011,	-0.006060,	0.001198,	283.540,	0.500
21,	6.55011,	-0.006377,	-0.000664,	283.537,	0.545
22,	6.55011,	-0.006529,	0.001230,	283.536,	0.555
23,	6.55011,	-0.007175,	-0.001000,	283.532,	0.500
24,	6.55011,	-0.006981,	-0.000097,	283.530,	0.505
25,	6.55011,	-0.006886,	0.000844,	283.527,	0.505
26,	6.55011,	-0.006311,	0.000052,	283.526,	0.500
27,	6.55011,	-0.006562,	0.000340,	283.523,	0.500
28,	6.55011,	-0.007316,	-0.000088,	283.518,	0.550
29,	6.55011,	-0.007128,	-0.000198,	283.517,	0.505
30,	6.55011,	-0.006934,	-0.000718,	283.515,	0.505
31,	6.55011,	-0.006123,	-0.001523,	283.512,	0.500
32,	6.55011,	-0.006007,	-0.000683,	283.509,	0.500
33,	6.55011,	-0.006255,	-0.000715,	283.508,	0.550
34,	6.55011,	-0.006644,	0.000493,	283.503,	0.505
35,	6.55011,	-0.006519,	0.000534,	283.501,	0.505
36,	6.55011,	-0.006963,	-0.000580,	283.499,	0.505
37,	6.55011,	-0.007197,	-0.000050,	283.497,	0.505
38,	6.55011,	-0.006806,	-0.001112,	283.493,	0.550
39,	6.55011,	-0.006205,	-0.001062,	283.491,	0.505
40,	6.55011,	-0.006135,	-0.000664,	283.489,	0.495
41,	6.55011,	-0.006527,	0.000164,	283.484,	0.500
42,	6.55011,	-0.006834,	-0.000780,	283.483,	0.505
43,	6.55011,	-0.005991,	0.001103,	283.482,	0.550
44,	6.55011,	-0.006697,	0.000034,	283.479,	0.550
45,	6.55011,	-0.006900,	-0.000789,	283.475,	0.550
46,	6.55011,	-0.006153,	0.000032,	283.473,	0.555
47,	6.55011,	-0.007121,	-0.000088,	283.468,	0.505
48,	6.55011,	-0.006775,	0.001055,	283.467,	0.505
49,	6.55011,	-0.006678,	-0.000207,	283.465,	0.505
50,	6.55011,	-0.006874,	-0.001663,	283.463,	0.505
51,	6.55011,	-0.006725,	-0.000263,	283.460,	0.555
52,	6.55011,	-0.006774,	0.000064,	283.457,	0.505
53,	6.55011,	-0.007077,	0.000689,	283.455,	0.505
54,	6.55011,	-0.006695,	-0.000517,	283.453,	0.505
55,	6.55011,	-0.005881,	-0.000304,	283.449,	0.505
56,	6.55011,	-0.006187,	-0.000104,	283.448,	0.550
57,	6.55011,	-0.006108,	0.000161,	283.445,	0.550
58,	6.55011,	-0.007326,	0.000284,	283.442,	0.505
59,	6.55011,	-0.007315,	-0.000970,	283.440,	0.505
60,	6.55011,	-0.006076,	-0.000793,	283.438,	0.505
61,	6.55011,	-0.007073,	-0.000690,	283.433,	0.505
62,	6.55011,	-0.006809,	-0.000336,	283.431,	0.500
63,	6.55011,	-0.006419,	-0.001465,	283.430,	0.555
64,	6.55011,	-0.006572,	-0.001265,	283.428,	0.555
65,	6.55011,	-0.006798,	0.001303,	283.423,	0.550
66,	6.55011,	-0.006825,	0.000370,	283.422,	0.505
67,	6.55011,	-0.006736,	-0.000470,	283.421,	0.505
68,	6.55011,	-0.006310,	-0.000709,	283.416,	0.500
69,	6.55011,	-0.006099,	0.000011,	283.414,	0.505
70,	6.55011,	-0.006351,	-0.000530,	283.412,	0.550
71,	6.55011,	-0.006738,	-0.000468,	283.410,	0.550
72,	6.55011,	-0.007190,	-0.000580,	283.406,	0.550
73,	6.55011,	-0.006484,	0.000157,	283.404,	0.550
74,	6.55011,	-0.006640,	-0.000013,	283.401,	0.505
75,	6.55011,	-0.006945,	0.000224,	283.397,	0.505
76,	6.55011,	-0.007240,	-0.000017,	283.397,	0.505
77,	6.55011,	-0.006857,	-0.000157,	283.394,	0.505
78,	6.55011,	-0.006875,	-0.000020,	283.392,	0.550
79,	6.55011,	-0.007016,	-0.000280,	283.389,	0.550
80,	6.55011,	-0.007213,	0.000276,	283.386,	0.510
81,	6.55011,	-0.006466,	0.000123,	283.384,	0.505
82,	6.55011,	-0.006067,	-0.000004,	283.382,	0.505
83,	6.55011,	-0.006433,	-0.000095,	283.379,	0.505
84,	6.55011,	-0.006525,	0.000170,	283.376,	0.555
85,	6.55011,	-0.006900,	0.000525,	283.373,	0.505
86,	6.55011,	-0.007445,	-0.000903,	283.372,	0.505
87,	6.55011,	-0.005867,	-0.000830,	283.368,	0.505
88,	6.55011,	-0.007245,	-0.000769,	283.366,	0.505
89,	6.55011,	-0.005797,	-0.000903,	283.363,	0.555
90,	6.55011,	-0.006545,	0.000077,	283.362,	0.555
91,	6.55011,	-0.006890,	-0.000967,	283.358,	0.505
92,	6.55011,	-0.006560,	-0.000952,	283.356,	0.505
93,	6.55011,	-0.005790,	0.000112,	283.355,	0.505
94,	6.55011,	-0.005820,	0.000110,	283.351,	0.505
95,	6.55011,	-0.007157,	-0.000651,	283.349,	0.550
96,	6.55011,	-0.006617,	-0.000198,	283.346,	0.550
97,	6.55011,	-0.006591,	-0.000662,	283.343,	0.505
98,	6.55011,	-0.006677,	0.000256,	283.340,	0.505
99,	6.55011,	-0.006413,	0.000127,	283.339,	0.505
100,	6.55011,	-0.006680,	-0.000035,	283.336,	0.505
