Smpl, Det, sig,    mon,    Ring,  sec
#lmd,   E,  HOYAX,  Y,  Smpl,  Det, AGC X, Y, Smpl, Det, ppsSmpl, ppsDet
#6.75016,	183.6760,	57.000,	22.000,	4.300,	30.000,	2.400,	4.000,	69.930,	139.651,100,100

69.869,	139.540,	-0.003179,	-0.000799,	263.118,	37.515
69.966,	139.734,	-0.003986,	0.001439,	263.114,	0.540
70.056,	139.914,	-0.003090,	0.003184,	263.112,	0.500
70.146,	140.090,	-0.004204,	0.001338,	263.110,	0.490
70.236,	140.267,	-0.003724,	0.002199,	263.107,	0.495
70.322,	140.447,	-0.003631,	0.001124,	263.105,	0.495
70.423,	140.645,	-0.005074,	0.001262,	263.104,	0.550
70.510,	140.821,	-0.004193,	0.002983,	263.103,	0.490
70.600,	140.998,	-0.004661,	0.002163,	263.097,	0.500
70.690,	141.178,	-0.005499,	0.002667,	263.096,	0.490
70.776,	141.354,	-0.005239,	0.002527,	263.095,	0.490
70.877,	141.548,	-0.006659,	0.001887,	263.094,	0.550
70.963,	141.725,	-0.004752,	0.002374,	263.089,	0.490
71.053,	141.905,	-0.005096,	0.002023,	263.089,	0.500
71.143,	142.085,	-0.004928,	0.002150,	263.087,	0.490
71.233,	142.261,	-0.005269,	0.000816,	263.085,	0.495
71.330,	142.459,	-0.005435,	0.002684,	263.081,	0.545
71.420,	142.636,	-0.005088,	0.002372,	263.079,	0.490
71.507,	142.816,	-0.005339,	0.002406,	263.077,	0.500
71.597,	142.992,	-0.004932,	0.002740,	263.076,	0.495
71.687,	143.172,	-0.005471,	0.002023,	263.074,	0.500
71.777,	143.348,	-0.005103,	0.001846,	263.071,	0.490
71.874,	143.543,	-0.004927,	0.001521,	263.068,	0.540
71.960,	143.723,	-0.004884,	0.002417,	263.067,	0.500
72.050,	143.899,	-0.005705,	0.002703,	263.064,	0.490
72.140,	144.079,	-0.004885,	0.003024,	263.062,	0.500
72.230,	144.256,	-0.005686,	0.002402,	263.060,	0.490
72.328,	144.450,	-0.006086,	0.001572,	263.057,	0.540
72.414,	144.630,	-0.005124,	0.002249,	263.055,	0.495
72.504,	144.806,	-0.005951,	0.002727,	263.054,	0.495
72.594,	144.986,	-0.005992,	0.003664,	263.052,	0.495
72.684,	145.166,	-0.006425,	0.002658,	263.050,	0.500
72.781,	145.357,	-0.006358,	0.001626,	263.046,	0.535
72.871,	145.537,	-0.005602,	0.001594,	263.046,	0.505
72.958,	145.717,	-0.005302,	0.001693,	263.044,	0.490
73.048,	145.894,	-0.005747,	0.002253,	263.041,	0.500
73.138,	146.070,	-0.005421,	0.002757,	263.039,	0.490
73.235,	146.268,	-0.005614,	0.002830,	263.037,	0.540
73.325,	146.444,	-0.005671,	0.002264,	263.036,	0.495
73.411,	146.624,	-0.005561,	0.002802,	263.033,	0.495
73.501,	146.801,	-0.004835,	0.003976,	263.030,	0.495
73.591,	146.981,	-0.005150,	0.003688,	263.029,	0.500
73.681,	147.157,	-0.005689,	0.002546,	263.027,	0.490
73.778,	147.355,	-0.006185,	0.001023,	263.024,	0.545
73.865,	147.532,	-0.005862,	0.002072,	263.021,	0.490
73.955,	147.712,	-0.005835,	0.001583,	263.020,	0.500
74.045,	147.888,	-0.005677,	0.002453,	263.019,	0.495
74.135,	148.068,	-0.005202,	0.001889,	263.016,	0.500
74.232,	148.262,	-0.006072,	0.002188,	263.015,	0.535
74.322,	148.439,	-0.005266,	0.003235,	263.012,	0.500
74.408,	148.619,	-0.005848,	0.001964,	263.009,	0.490
74.498,	148.799,	-0.005662,	0.001982,	263.007,	0.500
74.588,	148.975,	-0.005984,	0.001848,	263.006,	0.490
74.686,	149.173,	-0.006546,	0.001547,	263.004,	0.550
74.776,	149.350,	-0.005767,	0.002593,	263.000,	0.490
74.866,	149.530,	-0.006102,	0.002927,	262.999,	0.500
74.952,	149.702,	-0.005432,	0.002469,	262.998,	0.490
75.042,	149.882,	-0.006552,	0.003464,	262.995,	0.500
75.139,	150.077,	-0.006912,	0.000989,	262.992,	0.535
75.229,	150.257,	-0.005615,	0.003563,	262.991,	0.500
75.319,	150.433,	-0.006017,	0.002710,	262.990,	0.490
75.406,	150.610,	-0.005564,	0.003087,	262.988,	0.495
75.496,	150.790,	-0.005743,	0.002072,	262.984,	0.495
75.593,	150.984,	-0.006017,	0.001687,	262.983,	0.535
75.683,	151.164,	-0.006082,	0.002518,	262.980,	0.505
75.769,	151.340,	-0.005590,	0.002731,	262.978,	0.490
75.859,	151.520,	-0.005058,	0.002874,	262.976,	0.500
75.949,	151.697,	-0.005526,	0.001157,	262.974,	0.490
76.039,	151.877,	-0.004999,	0.002617,	262.973,	0.495
76.136,	152.071,	-0.006571,	0.001376,	262.971,	0.545
76.226,	152.251,	-0.005343,	0.002729,	262.967,	0.495
76.316,	152.428,	-0.005575,	0.001260,	262.965,	0.500
76.403,	152.608,	-0.005524,	0.001878,	262.963,	0.490
76.493,	152.784,	-0.005546,	0.002522,	262.962,	0.490
76.590,	152.978,	-0.006423,	0.001908,	262.960,	0.550
76.680,	153.155,	-0.006206,	0.002104,	262.958,	0.485
76.770,	153.335,	-0.006639,	0.002158,	262.957,	0.500
76.856,	153.511,	-0.007306,	0.002531,	262.952,	0.495
76.946,	153.691,	-0.007276,	0.002721,	262.950,	0.495
77.036,	153.868,	-0.006508,	0.002835,	262.949,	0.495
77.134,	154.066,	-0.008151,	0.001213,	262.947,	0.545
77.224,	154.242,	-0.007161,	0.002406,	262.945,	0.495
77.310,	154.422,	-0.006682,	0.003123,	262.943,	0.495
77.400,	154.598,	-0.006463,	0.001764,	262.941,	0.495
77.490,	154.778,	-0.005455,	0.002744,	262.940,	0.495
77.587,	154.973,	-0.005653,	0.001831,	262.937,	0.540
77.677,	155.153,	-0.004947,	0.003085,	262.935,	0.495
77.764,	155.329,	-0.005379,	0.002794,	262.933,	0.495
77.854,	155.509,	-0.005896,	0.003039,	262.932,	0.500
77.944,	155.686,	-0.005229,	0.002111,	262.928,	0.490
78.034,	155.866,	-0.004599,	0.002501,	262.927,	0.500
78.131,	156.060,	-0.005188,	0.001777,	262.924,	0.535
78.217,	156.236,	-0.004541,	0.002064,	262.923,	0.495
78.307,	156.413,	-0.005552,	0.003276,	262.920,	0.495
78.397,	156.593,	-0.004891,	0.002973,	262.918,	0.495
78.487,	156.769,	-0.005290,	0.002154,	262.917,	0.495
78.584,	156.964,	-0.005046,	0.001717,	262.915,	0.535
78.671,	157.144,	-0.005626,	0.001387,	262.912,	0.500
78.761,	157.320,	-0.004512,	0.002598,	262.911,	0.490
78.851,	157.500,	-0.004858,	0.003681,	262.908,	0.500
78.941,	157.680,	-0.004674,	0.003330,	262.906,	0.500
79.038,	157.874,	-0.006512,	0.002600,	262.903,	0.540
79.128,	158.054,	-0.004483,	0.002477,	262.902,	0.500
79.218,	158.231,	-0.005003,	0.001844,	262.900,	0.490
79.304,	158.411,	-0.005978,	0.002839,	262.896,	0.500
79.394,	158.587,	-0.004909,	0.002522,	262.895,	0.490
79.492,	158.785,	-0.006535,	0.001674,	262.893,	0.550
79.589,	158.980,	-0.006063,	0.002083,	262.892,	0.540
79.679,	159.156,	-0.006033,	0.002561,	262.889,	0.490
79.769,	159.336,	-0.005306,	0.002886,	262.886,	0.495
79.859,	159.512,	-0.005897,	0.001254,	262.884,	0.495
79.945,	159.689,	-0.006330,	0.002699,	262.883,	0.495
80.042,	159.887,	-0.005762,	0.001870,	262.880,	0.545
80.132,	160.067,	-0.005792,	0.003046,	262.878,	0.500
80.222,	160.243,	-0.006089,	0.002671,	262.875,	0.490
80.312,	160.420,	-0.005905,	0.002955,	262.872,	0.495
80.402,	160.603,	-0.005408,	0.002404,	262.872,	0.500
80.500,	160.794,	-0.006464,	0.001906,	262.870,	0.540
80.586,	160.974,	-0.005369,	0.002841,	262.868,	0.495
80.676,	161.150,	-0.004809,	0.002053,	262.865,	0.495
80.766,	161.330,	-0.004303,	0.002389,	262.864,	0.495
80.856,	161.507,	-0.005089,	0.002171,	262.862,	0.495
80.953,	161.701,	-0.005026,	0.002925,	262.860,	0.540
81.050,	161.899,	-0.004807,	0.000487,	262.857,	0.540
81.137,	162.076,	-0.004829,	0.003126,	262.855,	0.495
81.227,	162.256,	-0.004699,	0.003606,	262.853,	0.500
81.317,	162.436,	-0.004373,	0.003546,	262.850,	0.500
81.407,	162.612,	-0.004159,	0.001932,	262.848,	0.490
81.497,	162.792,	-0.004334,	0.002372,	262.847,	0.500
81.594,	162.986,	-0.004991,	0.001180,	262.845,	0.540
81.680,	163.163,	-0.004559,	0.003261,	262.842,	0.490
81.770,	163.343,	-0.003992,	0.001857,	262.840,	0.495
81.860,	163.523,	-0.004547,	0.002352,	262.839,	0.505
81.950,	163.699,	-0.004975,	0.002163,	262.837,	0.490
82.048,	163.897,	-0.004876,	0.001314,	262.834,	0.550
82.145,	164.092,	-0.004432,	0.001671,	262.832,	0.540
82.242,	164.286,	-0.003964,	0.002188,	262.831,	0.540
82.332,	164.462,	-0.004063,	0.002486,	262.828,	0.495
82.422,	164.642,	-0.004588,	0.003188,	262.825,	0.495
82.512,	164.819,	-0.004455,	0.002600,	262.824,	0.495
82.602,	164.999,	-0.005552,	0.001820,	262.823,	0.500
82.699,	165.193,	-0.005496,	0.002757,	262.818,	0.540
82.786,	165.373,	-0.005037,	0.003694,	262.817,	0.495
82.876,	165.550,	-0.005498,	0.003085,	262.815,	0.495
82.966,	165.730,	-0.005986,	0.002240,	262.813,	0.495
83.056,	165.906,	-0.005669,	0.002048,	262.809,	0.495
83.153,	166.104,	-0.005896,	0.002393,	262.808,	0.545
83.243,	166.280,	-0.005992,	0.002850,	262.807,	0.495
83.329,	166.460,	-0.006333,	0.002917,	262.805,	0.495
83.419,	166.640,	-0.005961,	0.002805,	262.802,	0.495
83.509,	166.817,	-0.006579,	0.002279,	262.800,	0.495
83.606,	167.011,	-0.007185,	0.002736,	262.797,	0.545
83.704,	167.209,	-0.006981,	0.002262,	262.794,	0.545
83.801,	167.404,	-0.006445,	0.001648,	262.793,	0.540
83.891,	167.584,	-0.007462,	0.002662,	262.791,	0.500
83.981,	167.760,	-0.005960,	0.001381,	262.789,	0.490
84.071,	167.940,	-0.006091,	0.003087,	262.787,	0.495
84.161,	168.116,	-0.006206,	0.002079,	262.785,	0.500
84.258,	168.314,	-0.007464,	0.001066,	262.784,	0.540
84.348,	168.491,	-0.007035,	0.003035,	262.781,	0.495
84.434,	168.671,	-0.008171,	0.003397,	262.778,	0.495
84.524,	168.847,	-0.007701,	0.002861,	262.776,	0.495
84.614,	169.024,	-0.005901,	0.002576,	262.775,	0.495
84.701,	169.204,	-0.005685,	0.002574,	262.773,	0.495
84.802,	169.398,	-0.005214,	0.002029,	262.769,	0.545
84.888,	169.578,	-0.005197,	0.003108,	262.767,	0.500
84.978,	169.754,	-0.004782,	0.001872,	262.766,	0.490
85.068,	169.934,	-0.004471,	0.002774,	262.763,	0.500
85.158,	170.111,	-0.003968,	0.002333,	262.761,	0.490
85.255,	170.309,	-0.004473,	0.002617,	262.759,	0.545
85.345,	170.485,	-0.005440,	0.002906,	262.758,	0.495
85.435,	170.665,	-0.006549,	0.001801,	262.753,	0.495
85.522,	170.842,	-0.006812,	0.002307,	262.753,	0.495
85.612,	171.022,	-0.007017,	0.003653,	262.751,	0.495
85.702,	171.198,	-0.006533,	0.001870,	262.749,	0.495
85.799,	171.396,	-0.007044,	0.002484,	262.746,	0.545
85.889,	171.572,	-0.007560,	0.001613,	262.745,	0.495
85.975,	171.752,	-0.006549,	0.002688,	262.743,	0.500
86.065,	171.929,	-0.006961,	0.002906,	262.740,	0.490
86.155,	172.109,	-0.005855,	0.001952,	262.738,	0.500
86.252,	172.307,	-0.006337,	0.001913,	262.736,	0.545
86.342,	172.483,	-0.007137,	0.002749,	262.734,	0.490
86.432,	172.663,	-0.005836,	0.002802,	262.731,	0.500
86.519,	172.840,	-0.006822,	0.002462,	262.728,	0.490
86.609,	173.020,	-0.006658,	0.002400,	262.727,	0.500
86.706,	173.214,	-0.006827,	0.002214,	262.725,	0.540
86.796,	173.394,	-0.006769,	0.002374,	262.722,	0.495
86.886,	173.570,	-0.006147,	0.001880,	262.721,	0.495
86.976,	173.750,	-0.006334,	0.002932,	262.720,	0.495
87.062,	173.927,	-0.008124,	0.002083,	262.717,	0.495
87.163,	174.121,	-0.006973,	0.001760,	262.713,	0.540
87.250,	174.301,	-0.005834,	0.003035,	262.712,	0.500
87.340,	174.481,	-0.005712,	0.001663,	262.711,	0.500
87.430,	174.658,	-0.005431,	0.002800,	262.709,	0.490
87.520,	174.838,	-0.005890,	0.002983,	262.705,	0.500
87.606,	175.014,	-0.005032,	0.001592,	262.705,	0.490
87.707,	175.212,	-0.003291,	0.001506,	262.703,	0.550
87.793,	175.388,	-0.005614,	0.002766,	262.701,	0.490
87.883,	175.568,	-0.005505,	0.002357,	262.698,	0.495
87.973,	175.745,	-0.005194,	0.001805,	262.695,	0.495
88.063,	175.925,	-0.006089,	0.002882,	262.693,	0.500
88.160,	176.119,	-0.007018,	0.002083,	262.693,	0.540
88.250,	176.299,	-0.005677,	0.001456,	262.689,	0.500
88.337,	176.476,	-0.005324,	0.003296,	262.687,	0.490
88.427,	176.652,	-0.004211,	0.002070,	262.685,	0.495
88.517,	176.832,	-0.004271,	0.002036,	262.683,	0.500
88.607,	177.008,	-0.004626,	0.002699,	262.680,	0.490
88.704,	177.206,	-0.005691,	0.002673,	262.678,	0.550
88.794,	177.383,	-0.005002,	0.002277,	262.677,	0.490
88.884,	177.563,	-0.004307,	0.002113,	262.673,	0.500
88.970,	177.739,	-0.004734,	0.002402,	262.671,	0.490
89.060,	177.919,	-0.004732,	0.001587,	262.671,	0.495
89.158,	178.114,	-0.006687,	0.001773,	262.669,	0.540
89.248,	178.294,	-0.005986,	0.001788,	262.666,	0.505
89.338,	178.474,	-0.005887,	0.002766,	262.664,	0.495
89.424,	178.650,	-0.006612,	0.002393,	262.662,	0.495
89.514,	178.830,	-0.005861,	0.002400,	262.661,	0.495
89.611,	179.024,	-0.006106,	0.002990,	262.658,	0.545
89.701,	179.201,	-0.006017,	0.004127,	262.656,	0.490
89.791,	179.381,	-0.005767,	0.002296,	262.653,	0.495
89.881,	179.561,	-0.007304,	0.002307,	262.653,	0.500
