Smpl, Det, sig,    mon,    Ring,  sec
#lmd,   E,  HOYAX,  Y,  Smpl,  Det, AGC X, Y, Smpl, Det, ppsSmpl, ppsDet
#6.60012,	187.8515,	57.000,	22.000,	4.300,	30.000,	52.600,	5.000,	69.930,	139.651,100,100

69.880,	139.554,	0.019920,	-0.000963,	287.673,	37.540
69.977,	139.752,	0.020067,	0.002874,	287.672,	0.550
70.067,	139.928,	0.023395,	0.003341,	287.667,	0.490
70.157,	140.112,	0.024601,	0.002930,	287.665,	0.500
70.243,	140.288,	0.025304,	0.002509,	287.663,	0.490
70.333,	140.468,	0.026065,	0.003063,	287.661,	0.500
70.434,	140.663,	0.023796,	0.002357,	287.657,	0.550
70.520,	140.843,	0.021099,	0.001977,	287.655,	0.495
70.610,	141.023,	0.019248,	0.002520,	287.652,	0.500
70.704,	141.203,	0.015954,	0.002283,	287.651,	0.500
70.794,	141.383,	0.013440,	0.001786,	287.647,	0.505
70.891,	141.577,	0.010491,	0.001833,	287.644,	0.535
71.003,	141.804,	0.008170,	0.000336,	287.639,	0.630
71.100,	141.998,	0.008337,	0.001943,	287.638,	0.540
71.197,	142.196,	0.012934,	0.001954,	287.637,	0.550
71.298,	142.391,	0.018730,	0.001790,	287.632,	0.540
71.384,	142.571,	0.027988,	0.002372,	287.631,	0.500
71.474,	142.751,	0.040432,	0.002525,	287.628,	0.495
71.564,	142.927,	0.056006,	0.003498,	287.628,	0.500
71.654,	143.107,	0.075637,	0.001924,	287.623,	0.500
71.752,	143.302,	0.100108,	0.001189,	287.620,	0.540
71.842,	143.482,	0.126790,	0.002805,	287.618,	0.495
71.932,	143.662,	0.154766,	0.002428,	287.616,	0.500
72.022,	143.838,	0.186943,	0.003431,	287.612,	0.495
72.112,	144.018,	0.218514,	0.002329,	287.610,	0.500
72.209,	144.212,	0.256165,	0.001988,	287.608,	0.535
72.299,	144.392,	0.291012,	0.002158,	287.604,	0.505
72.385,	144.572,	0.325383,	0.002910,	287.602,	0.495
72.479,	144.756,	0.359304,	0.003095,	287.601,	0.505
72.569,	144.932,	0.390198,	0.001781,	287.599,	0.495
72.666,	145.130,	0.421958,	0.001385,	287.595,	0.550
72.752,	145.307,	0.448825,	0.002490,	287.592,	0.490
72.846,	145.490,	0.472318,	0.002117,	287.590,	0.505
72.936,	145.667,	0.491238,	0.002217,	287.588,	0.500
73.026,	145.847,	0.507704,	0.001766,	287.584,	0.500
73.123,	146.041,	0.519415,	0.001491,	287.581,	0.540
73.220,	146.239,	0.527156,	0.001947,	287.579,	0.550
73.310,	146.419,	0.529384,	0.002790,	287.576,	0.500
73.400,	146.599,	0.527769,	0.000939,	287.574,	0.500
73.490,	146.776,	0.521691,	0.003046,	287.572,	0.490
73.580,	146.959,	0.511414,	0.002160,	287.570,	0.505
73.678,	147.154,	0.496307,	0.002268,	287.565,	0.540
73.768,	147.334,	0.478676,	0.001027,	287.563,	0.495
73.858,	147.514,	0.460478,	0.003227,	287.561,	0.500
73.948,	147.690,	0.437033,	0.001555,	287.559,	0.500
74.038,	147.870,	0.412499,	0.002385,	287.554,	0.495
74.135,	148.068,	0.383388,	0.001708,	287.553,	0.550
74.221,	148.244,	0.356774,	0.003550,	287.550,	0.490
74.315,	148.424,	0.327602,	0.001833,	287.546,	0.500
74.401,	148.604,	0.299280,	0.003884,	287.545,	0.500
74.491,	148.781,	0.271794,	0.002886,	287.543,	0.490
74.588,	148.979,	0.239366,	0.002400,	287.541,	0.550
74.678,	149.155,	0.212975,	0.003490,	287.537,	0.490
74.768,	149.335,	0.186943,	0.002324,	287.535,	0.500
74.858,	149.512,	0.162344,	0.003352,	287.532,	0.490
74.948,	149.692,	0.139793,	0.002837,	287.531,	0.500
75.046,	149.890,	0.115951,	0.001269,	287.527,	0.555
75.143,	150.084,	0.095508,	0.001133,	287.524,	0.540
75.233,	150.264,	0.080072,	0.002802,	287.523,	0.495
75.323,	150.444,	0.063664,	0.002423,	287.519,	0.500
75.413,	150.620,	0.053090,	0.002033,	287.517,	0.490
75.503,	150.800,	0.043010,	0.002867,	287.515,	0.505
75.600,	150.995,	0.032363,	0.002798,	287.512,	0.535
75.686,	151.175,	0.027648,	0.002781,	287.508,	0.505
75.776,	151.355,	0.022534,	0.001788,	287.506,	0.495
75.866,	151.531,	0.018995,	0.002656,	287.504,	0.495
75.956,	151.711,	0.016960,	0.002792,	287.502,	0.495
76.054,	151.906,	0.015042,	0.002899,	287.498,	0.540
76.144,	152.086,	0.014479,	0.002260,	287.495,	0.495
76.234,	152.262,	0.015240,	0.001618,	287.493,	0.495
76.320,	152.442,	0.016356,	0.003132,	287.492,	0.500
76.410,	152.618,	0.016742,	0.002507,	287.489,	0.495
76.500,	152.798,	0.017920,	0.002680,	287.486,	0.500
76.597,	152.993,	0.018549,	0.002033,	287.485,	0.535
76.687,	153.169,	0.020235,	0.003571,	287.480,	0.495
76.774,	153.349,	0.020806,	0.002154,	287.478,	0.495
76.864,	153.529,	0.021258,	0.002902,	287.476,	0.500
76.954,	153.706,	0.020804,	0.002376,	287.473,	0.490
77.051,	153.904,	0.020749,	0.001631,	287.472,	0.545
77.141,	154.080,	0.021718,	0.001906,	287.467,	0.495
77.231,	154.260,	0.019892,	0.002981,	287.467,	0.495
77.317,	154.436,	0.020351,	0.003294,	287.465,	0.495
77.407,	154.616,	0.018863,	0.003242,	287.462,	0.500
77.504,	154.811,	0.017599,	0.001430,	287.458,	0.540
77.594,	154.991,	0.016542,	0.001590,	287.457,	0.500
77.684,	155.167,	0.016255,	0.003358,	287.454,	0.490
77.774,	155.347,	0.013640,	0.002025,	287.450,	0.500
77.861,	155.524,	0.012660,	0.001549,	287.449,	0.490
77.962,	155.722,	0.010196,	0.002348,	287.446,	0.545
78.048,	155.898,	0.009263,	0.002415,	287.444,	0.495
78.138,	156.078,	0.007071,	0.002072,	287.440,	0.495
78.228,	156.254,	0.005621,	0.002609,	287.437,	0.500
78.318,	156.434,	0.006181,	0.000381,	287.437,	0.495
78.419,	156.636,	0.002572,	0.002410,	287.434,	0.560
78.523,	156.845,	0.001930,	0.001646,	287.430,	0.575
78.628,	157.050,	0.001233,	0.001098,	287.428,	0.580
78.714,	157.230,	0.001155,	0.001809,	287.424,	0.500
78.804,	157.410,	0.000718,	0.002505,	287.423,	0.495
78.894,	157.586,	0.000665,	0.002988,	287.421,	0.495
78.984,	157.766,	0.000067,	0.002115,	287.419,	0.495
79.081,	157.964,	-0.000525,	0.001307,	287.414,	0.545
79.171,	158.141,	0.000254,	0.002068,	287.412,	0.495
79.261,	158.321,	0.000197,	0.002979,	287.410,	0.500
79.351,	158.501,	0.000249,	0.002344,	287.407,	0.500
79.441,	158.677,	0.001170,	0.002434,	287.405,	0.490
79.538,	158.875,	0.001004,	0.002809,	287.403,	0.545
79.625,	159.052,	0.002558,	0.001764,	287.399,	0.495
79.718,	159.232,	0.001614,	0.002996,	287.396,	0.505
79.805,	159.412,	0.002281,	0.001747,	287.395,	0.495
79.895,	159.588,	0.002469,	0.002820,	287.391,	0.490
79.992,	159.782,	0.002745,	0.002339,	287.390,	0.545
80.082,	159.962,	0.002903,	0.003384,	287.386,	0.500
80.172,	160.142,	0.003775,	0.001977,	287.384,	0.495
80.262,	160.322,	0.004420,	0.001792,	287.383,	0.500
80.352,	160.499,	0.002996,	0.001833,	287.381,	0.495
80.442,	160.679,	0.003798,	0.002572,	287.376,	0.500
80.539,	160.873,	0.003658,	0.001012,	287.374,	0.540
80.626,	161.053,	0.003781,	0.001852,	287.373,	0.495
80.716,	161.230,	0.003425,	0.001622,	287.368,	0.495
80.806,	161.410,	0.003679,	0.001883,	287.366,	0.500
80.896,	161.590,	0.002569,	0.002598,	287.364,	0.500
80.993,	161.784,	0.002331,	0.002083,	287.363,	0.535
81.090,	161.978,	0.002476,	0.002079,	287.358,	0.540
81.191,	162.176,	0.001550,	0.001585,	287.357,	0.555
81.288,	162.374,	0.002296,	0.002438,	287.355,	0.545
81.385,	162.569,	0.000824,	0.001887,	287.351,	0.540
81.472,	162.745,	0.000534,	0.001551,	287.348,	0.490
81.562,	162.925,	0.000994,	0.002292,	287.346,	0.500
81.652,	163.102,	-0.000213,	0.002751,	287.344,	0.490
81.742,	163.282,	-0.000626,	0.001323,	287.339,	0.500
81.832,	163.458,	-0.001614,	0.002484,	287.338,	0.495
81.929,	163.652,	-0.001391,	0.001822,	287.336,	0.540
82.015,	163.832,	-0.001240,	0.002630,	287.332,	0.495
82.105,	164.009,	-0.001735,	0.001971,	287.330,	0.495
82.195,	164.189,	-0.002273,	0.002637,	287.328,	0.495
82.285,	164.365,	-0.002105,	0.002779,	287.326,	0.495
82.382,	164.563,	-0.002767,	0.001193,	287.322,	0.545
82.472,	164.740,	-0.002806,	0.003358,	287.320,	0.495
82.562,	164.920,	-0.004084,	0.001773,	287.318,	0.500
82.649,	165.096,	-0.003717,	0.001865,	287.317,	0.490
82.739,	165.280,	-0.004016,	0.000829,	287.313,	0.505
82.840,	165.478,	-0.004068,	0.002111,	287.310,	0.550
82.930,	165.658,	-0.003981,	0.002145,	287.308,	0.500
83.020,	165.838,	-0.004542,	0.002818,	287.306,	0.500
83.106,	166.014,	-0.005179,	0.003229,	287.302,	0.495
83.196,	166.194,	-0.008618,	0.000907,	287.300,	0.495
83.297,	166.392,	-0.006515,	0.001394,	287.297,	0.550
83.387,	166.568,	-0.004855,	0.002238,	287.293,	0.495
83.477,	166.748,	-0.005998,	0.002919,	287.292,	0.500
83.563,	166.925,	-0.005355,	0.002701,	287.290,	0.490
83.653,	167.105,	-0.005561,	0.001409,	287.287,	0.500
83.750,	167.299,	-0.006778,	0.001689,	287.285,	0.535
83.840,	167.479,	-0.005782,	0.002367,	287.283,	0.500
83.930,	167.656,	-0.005840,	0.002165,	287.279,	0.500
84.020,	167.836,	-0.005849,	0.002712,	287.277,	0.495
84.107,	168.016,	-0.005867,	0.002604,	287.273,	0.495
84.197,	168.192,	-0.006193,	0.003425,	287.271,	0.495
84.294,	168.390,	-0.005665,	0.001053,	287.269,	0.545
84.384,	168.566,	-0.005860,	0.002850,	287.267,	0.495
84.474,	168.746,	-0.005646,	0.001794,	287.263,	0.500
84.564,	168.926,	-0.005644,	0.003214,	287.262,	0.495
84.654,	169.103,	-0.004783,	0.002402,	287.260,	0.495
84.751,	169.301,	-0.005843,	0.001491,	287.258,	0.545
84.841,	169.477,	-0.003187,	0.001855,	287.252,	0.495
84.931,	169.657,	-0.002650,	0.002751,	287.251,	0.500
85.018,	169.834,	-0.001076,	0.002904,	287.249,	0.490
85.108,	170.014,	-0.002293,	0.002968,	287.246,	0.500
85.205,	170.208,	-0.002773,	0.001779,	287.243,	0.540
85.295,	170.388,	-0.003996,	0.002734,	287.241,	0.495
85.385,	170.564,	-0.006801,	0.002413,	287.239,	0.495
85.475,	170.744,	-0.005787,	0.002365,	287.235,	0.500
85.565,	170.924,	-0.005640,	0.002762,	287.233,	0.500
85.662,	171.119,	-0.006826,	0.001880,	287.231,	0.540
85.748,	171.299,	-0.005732,	0.001775,	287.230,	0.495
85.838,	171.475,	-0.006525,	0.002781,	287.225,	0.495
85.928,	171.655,	-0.005770,	0.002800,	287.222,	0.500
86.018,	171.835,	-0.005293,	0.002320,	287.221,	0.495
86.116,	172.030,	-0.006555,	0.003061,	287.219,	0.545
86.206,	172.206,	-0.006293,	0.003192,	287.214,	0.490
86.292,	172.386,	-0.006726,	0.003242,	287.213,	0.500
86.382,	172.562,	-0.006057,	0.002630,	287.211,	0.490
86.472,	172.742,	-0.006073,	0.002936,	287.209,	0.495
86.569,	172.940,	-0.005910,	0.000978,	287.205,	0.550
86.659,	173.117,	-0.006048,	0.002081,	287.202,	0.495
86.749,	173.297,	-0.006180,	0.002443,	287.201,	0.500
86.839,	173.477,	-0.005804,	0.003037,	287.197,	0.495
86.929,	173.653,	-0.006471,	0.002811,	287.195,	0.495
87.026,	173.848,	-0.006996,	0.001837,	287.193,	0.540
87.113,	174.028,	-0.007017,	0.001124,	287.191,	0.495
87.203,	174.204,	-0.007151,	0.002479,	287.187,	0.495
87.293,	174.384,	-0.005478,	0.002027,	287.184,	0.495
87.383,	174.564,	-0.006183,	0.002008,	287.183,	0.500
87.480,	174.758,	-0.006218,	0.001844,	287.181,	0.540
87.570,	174.935,	-0.006307,	0.002542,	287.178,	0.500
87.656,	175.115,	-0.005649,	0.001510,	287.175,	0.490
87.746,	175.291,	-0.005780,	0.002404,	287.173,	0.500
87.836,	175.471,	-0.005275,	0.002260,	287.172,	0.490
87.934,	175.666,	-0.005021,	0.001671,	287.166,	0.545
88.024,	175.842,	-0.004342,	0.001852,	287.164,	0.495
88.114,	176.026,	-0.006110,	0.002865,	287.163,	0.500
88.204,	176.202,	-0.005252,	0.002115,	287.160,	0.500
88.290,	176.382,	-0.005003,	0.002145,	287.155,	0.490
88.391,	176.576,	-0.006193,	0.001305,	287.153,	0.545
88.477,	176.756,	-0.005552,	0.003567,	287.152,	0.495
88.567,	176.933,	-0.005967,	0.002285,	287.148,	0.495
88.657,	177.113,	-0.005009,	0.002260,	287.145,	0.495
88.747,	177.293,	-0.004280,	0.002848,	287.143,	0.500
88.844,	177.487,	-0.005492,	0.001531,	287.142,	0.540
88.934,	177.667,	-0.005167,	0.001738,	287.138,	0.500
89.024,	177.844,	-0.005142,	0.001900,	287.135,	0.500
89.111,	178.024,	-0.004603,	0.001859,	287.134,	0.490
89.201,	178.204,	-0.005058,	0.003487,	287.131,	0.505
89.302,	178.402,	-0.005939,	0.002223,	287.127,	0.545
89.388,	178.578,	-0.004764,	0.002365,	287.125,	0.490
89.478,	178.758,	-0.004556,	0.000838,	287.123,	0.500
89.568,	178.934,	-0.005617,	0.002109,	287.121,	0.490
89.658,	179.114,	-0.005704,	0.003436,	287.116,	0.505
89.755,	179.309,	-0.006570,	0.000924,	287.115,	0.540
89.845,	179.489,	-0.005951,	0.002572,	287.113,	0.495
89.935,	179.669,	-0.007152,	0.002309,	287.108,	0.500
