Num, Lmd, sig,    mon,    Ring,  sec
#lmd,   E,  HOYAX,  Y,  Smpl,  Det, AGC X, Y, Smpl, Det
#6.75016,	183.6760,	57.000,	22.000,	4.300,	30.000,	-52.700,	13.300,	-0.068,	29.999

1,	6.75016,	-0.006347,	-0.003572,	241.845,	58.305
2,	6.75016,	-0.007143,	-0.000371,	241.844,	0.545
3,	6.75016,	-0.007883,	0.000144,	241.842,	0.505
4,	6.75016,	-0.008313,	-0.000886,	241.840,	0.505
5,	6.75016,	-0.007957,	0.000431,	241.838,	0.500
6,	6.75016,	-0.007282,	0.000879,	241.835,	0.500
7,	6.75016,	-0.006810,	-0.000832,	241.834,	0.500
8,	6.75016,	-0.007783,	0.000166,	241.833,	0.550
9,	6.75016,	-0.007383,	-0.001230,	241.831,	0.500
10,	6.75016,	-0.007816,	-0.000198,	241.828,	0.500
11,	6.75016,	-0.007227,	0.000008,	241.827,	0.495
12,	6.75016,	-0.008535,	0.000902,	241.826,	0.510
13,	6.75016,	-0.008236,	-0.000364,	241.823,	0.545
14,	6.75016,	-0.008063,	-0.000483,	241.821,	0.505
15,	6.75016,	-0.006967,	-0.000360,	241.820,	0.495
16,	6.75016,	-0.007520,	-0.000250,	241.818,	0.505
17,	6.75016,	-0.007801,	-0.000112,	241.816,	0.500
18,	6.75016,	-0.007945,	0.000271,	241.814,	0.500
19,	6.75016,	-0.007901,	-0.000149,	241.813,	0.550
20,	6.75016,	-0.008344,	0.000334,	241.812,	0.500
21,	6.75016,	-0.008341,	-0.000069,	241.809,	0.500
22,	6.75016,	-0.007475,	0.000803,	241.808,	0.500
23,	6.75016,	-0.008740,	0.000155,	241.807,	0.500
24,	6.75016,	-0.007549,	0.000028,	241.804,	0.500
25,	6.75016,	-0.008423,	0.000209,	241.801,	0.550
26,	6.75016,	-0.007083,	-0.001168,	241.800,	0.550
27,	6.75016,	-0.007262,	-0.000054,	241.799,	0.550
28,	6.75016,	-0.007689,	0.000319,	241.795,	0.500
29,	6.75016,	-0.007715,	-0.000481,	241.794,	0.500
30,	6.75016,	-0.007548,	-0.000401,	241.793,	0.500
31,	6.75016,	-0.007196,	0.000349,	241.791,	0.500
32,	6.75016,	-0.008939,	-0.000330,	241.788,	0.550
33,	6.75016,	-0.008193,	0.000642,	241.787,	0.500
34,	6.75016,	-0.007655,	0.000198,	241.785,	0.500
35,	6.75016,	-0.008297,	0.000508,	241.781,	0.495
36,	6.75016,	-0.007949,	0.000588,	241.781,	0.505
37,	6.75016,	-0.007938,	0.000946,	241.780,	0.500
38,	6.75016,	-0.007326,	0.000127,	241.778,	0.550
39,	6.75016,	-0.007529,	0.000258,	241.776,	0.500
40,	6.75016,	-0.007900,	-0.000377,	241.773,	0.500
41,	6.75016,	-0.008103,	0.000420,	241.773,	0.495
42,	6.75016,	-0.007438,	0.000562,	241.771,	0.505
43,	6.75016,	-0.008362,	-0.001189,	241.768,	0.550
44,	6.75016,	-0.007495,	-0.000504,	241.767,	0.500
45,	6.75016,	-0.007895,	-0.000616,	241.766,	0.500
46,	6.75016,	-0.007687,	0.000726,	241.763,	0.500
47,	6.75016,	-0.007746,	-0.000519,	241.762,	0.500
48,	6.75016,	-0.006935,	0.000599,	241.760,	0.550
49,	6.75016,	-0.007246,	0.000534,	241.757,	0.550
50,	6.75016,	-0.007775,	-0.000405,	241.756,	0.505
51,	6.75016,	-0.007889,	0.000179,	241.755,	0.505
52,	6.75016,	-0.007491,	-0.000614,	241.753,	0.495
53,	6.75016,	-0.007198,	0.000021,	241.750,	0.505
54,	6.75016,	-0.007904,	-0.000674,	241.749,	0.500
55,	6.75016,	-0.007341,	-0.000071,	241.747,	0.550
56,	6.75016,	-0.007981,	0.000704,	241.744,	0.545
57,	6.75016,	-0.008302,	-0.000054,	241.742,	0.555
58,	6.75016,	-0.007989,	-0.000104,	241.742,	0.550
59,	6.75016,	-0.008308,	-0.000084,	241.740,	0.500
60,	6.75016,	-0.007343,	-0.000058,	241.738,	0.500
61,	6.75016,	-0.007119,	0.000659,	241.737,	0.500
62,	6.75016,	-0.008267,	0.000069,	241.735,	0.500
63,	6.75016,	-0.008371,	0.000024,	241.731,	0.550
64,	6.75016,	-0.007452,	0.000375,	241.730,	0.500
65,	6.75016,	-0.007882,	0.000179,	241.730,	0.500
66,	6.75016,	-0.007965,	-0.000188,	241.725,	0.500
67,	6.75016,	-0.007720,	0.001204,	241.724,	0.500
68,	6.75016,	-0.007258,	0.001282,	241.723,	0.500
69,	6.75016,	-0.008011,	-0.000752,	241.721,	0.550
70,	6.75016,	-0.007651,	0.000426,	241.719,	0.500
71,	6.75016,	-0.007242,	0.000573,	241.718,	0.500
72,	6.75016,	-0.007364,	0.000607,	241.716,	0.500
73,	6.75016,	-0.007672,	0.001021,	241.716,	0.505
74,	6.75016,	-0.007862,	-0.000035,	241.712,	0.550
75,	6.75016,	-0.008534,	-0.000513,	241.710,	0.495
76,	6.75016,	-0.008048,	-0.000164,	241.708,	0.505
77,	6.75016,	-0.007927,	-0.000353,	241.706,	0.495
78,	6.75016,	-0.008294,	0.000269,	241.705,	0.505
79,	6.75016,	-0.007406,	-0.000580,	241.704,	0.550
80,	6.75016,	-0.007699,	0.001344,	241.702,	0.500
81,	6.75016,	-0.007831,	0.001305,	241.700,	0.500
82,	6.75016,	-0.007811,	0.000909,	241.699,	0.500
83,	6.75016,	-0.008020,	-0.000067,	241.697,	0.495
84,	6.75016,	-0.007763,	0.001213,	241.696,	0.555
85,	6.75016,	-0.008152,	-0.000763,	241.692,	0.550
86,	6.75016,	-0.008451,	0.000181,	241.692,	0.505
87,	6.75016,	-0.007979,	-0.000015,	241.689,	0.505
88,	6.75016,	-0.007766,	-0.000097,	241.687,	0.505
89,	6.75016,	-0.007808,	-0.000898,	241.685,	0.505
90,	6.75016,	-0.008373,	-0.000373,	241.683,	0.550
91,	6.75016,	-0.007732,	0.000327,	241.681,	0.550
92,	6.75016,	-0.008423,	-0.000898,	241.680,	0.500
93,	6.75016,	-0.007732,	-0.000235,	241.678,	0.500
94,	6.75016,	-0.007959,	0.001161,	241.675,	0.500
95,	6.75016,	-0.008357,	0.000704,	241.674,	0.495
96,	6.75016,	-0.008304,	-0.001237,	241.672,	0.550
97,	6.75016,	-0.007671,	-0.000134,	241.671,	0.505
98,	6.75016,	-0.008287,	-0.000030,	241.667,	0.500
99,	6.75016,	-0.007753,	0.000054,	241.666,	0.505
100,	6.75016,	-0.008029,	0.000515,	241.664,	0.500
