Num, Lmd, sig,    mon,    Ring,  sec
#lmd,   E,  HOYAX,  Y,  Smpl,  Det, AGC X, Y, Smpl, Det
#6.60012,	187.8515,	57.000,	22.000,	4.300,	30.000,	27.600,	4.500,	69.930,	29.999

1,	6.60012,	-0.004613,	-0.002964,	281.397,	70.445
2,	6.60012,	-0.006205,	-0.000778,	281.395,	0.555
3,	6.60012,	-0.007389,	0.000528,	281.389,	0.500
4,	6.60012,	-0.006596,	0.000170,	281.387,	0.500
5,	6.60012,	-0.006891,	0.001728,	281.386,	0.500
6,	6.60012,	-0.006221,	-0.001183,	281.385,	0.495
7,	6.60012,	-0.006798,	0.000448,	281.380,	0.550
8,	6.60012,	-0.007224,	0.000491,	281.378,	0.550
9,	6.60012,	-0.006190,	-0.000306,	281.376,	0.500
10,	6.60012,	-0.006559,	0.000450,	281.372,	0.505
11,	6.60012,	-0.006225,	-0.000319,	281.370,	0.495
12,	6.60012,	-0.005630,	0.000495,	281.368,	0.500
13,	6.60012,	-0.006011,	-0.000287,	281.366,	0.550
14,	6.60012,	-0.006241,	0.000116,	281.364,	0.550
15,	6.60012,	-0.006647,	-0.000642,	281.360,	0.550
16,	6.60012,	-0.006202,	-0.001222,	281.359,	0.505
17,	6.60012,	-0.006474,	0.000340,	281.355,	0.500
18,	6.60012,	-0.005855,	0.000349,	281.353,	0.500
19,	6.60012,	-0.006018,	-0.000769,	281.351,	0.495
20,	6.60016,	-0.006639,	-0.000649,	281.349,	0.555
21,	6.60012,	-0.005923,	0.000052,	281.345,	0.500
22,	6.60012,	-0.007406,	-0.000045,	281.344,	0.500
23,	6.60016,	-0.005899,	0.000879,	281.341,	0.500
24,	6.60012,	-0.006739,	-0.000203,	281.338,	0.495
25,	6.60012,	-0.007778,	-0.000231,	281.336,	0.505
26,	6.60016,	-0.006459,	-0.000478,	281.333,	0.550
27,	6.60012,	-0.006982,	-0.000980,	281.332,	0.505
28,	6.60012,	-0.006170,	-0.000562,	281.328,	0.500
29,	6.60012,	-0.006055,	0.001469,	281.325,	0.495
30,	6.60012,	-0.006757,	0.000095,	281.323,	0.505
31,	6.60012,	-0.006172,	0.000429,	281.322,	0.550
32,	6.60016,	-0.006776,	-0.000071,	281.319,	0.500
33,	6.60012,	-0.006428,	0.000329,	281.316,	0.500
34,	6.60012,	-0.007014,	-0.000216,	281.315,	0.495
35,	6.60012,	-0.006366,	0.000743,	281.312,	0.500
36,	6.60012,	-0.006572,	-0.000472,	281.308,	0.555
37,	6.60012,	-0.006275,	-0.000942,	281.306,	0.505
38,	6.60012,	-0.006182,	-0.000293,	281.304,	0.495
39,	6.60012,	-0.007097,	-0.000763,	281.302,	0.500
40,	6.60012,	-0.006663,	-0.000093,	281.299,	0.505
41,	6.60012,	-0.006534,	0.000110,	281.297,	0.500
42,	6.60012,	-0.006705,	0.000922,	281.294,	0.545
43,	6.60012,	-0.006445,	-0.000341,	281.291,	0.505
44,	6.60012,	-0.006869,	0.000299,	281.290,	0.500
45,	6.60012,	-0.006204,	-0.000511,	281.288,	0.495
46,	6.60012,	-0.006377,	-0.001010,	281.285,	0.500
47,	6.60012,	-0.005525,	0.000095,	281.282,	0.555
48,	6.60012,	-0.006418,	0.000489,	281.280,	0.500
49,	6.60012,	-0.006845,	-0.000827,	281.277,	0.495
50,	6.60016,	-0.007288,	-0.000209,	281.274,	0.505
51,	6.60016,	-0.007408,	-0.001138,	281.271,	0.495
52,	6.60012,	-0.006553,	-0.000241,	281.270,	0.555
53,	6.60012,	-0.006396,	0.000581,	281.266,	0.500
54,	6.60012,	-0.006175,	0.000603,	281.264,	0.495
55,	6.60012,	-0.007176,	-0.000640,	281.262,	0.500
56,	6.60012,	-0.007106,	-0.000926,	281.260,	0.505
57,	6.60012,	-0.007963,	0.000441,	281.257,	0.550
58,	6.60012,	-0.006642,	-0.001038,	281.255,	0.550
59,	6.60016,	-0.006694,	-0.000205,	281.253,	0.545
60,	6.60012,	-0.006572,	0.000017,	281.248,	0.505
61,	6.60012,	-0.006489,	-0.001321,	281.247,	0.495
62,	6.60012,	-0.006027,	0.000924,	281.246,	0.500
63,	6.60012,	-0.006645,	-0.000147,	281.242,	0.505
64,	6.60016,	-0.005767,	0.000075,	281.239,	0.550
65,	6.60012,	-0.006139,	-0.000086,	281.237,	0.500
66,	6.60012,	-0.005973,	-0.000435,	281.235,	0.495
67,	6.60016,	-0.006707,	0.000021,	281.232,	0.500
68,	6.60016,	-0.006645,	-0.000567,	281.230,	0.500
69,	6.60016,	-0.006666,	0.000874,	281.228,	0.555
70,	6.60012,	-0.006091,	0.000928,	281.227,	0.495
71,	6.60016,	-0.006561,	-0.000011,	281.222,	0.500
72,	6.60012,	-0.006715,	-0.000162,	281.220,	0.500
73,	6.60012,	-0.006011,	-0.000063,	281.219,	0.505
74,	6.60016,	-0.006911,	0.000196,	281.217,	0.550
75,	6.60016,	-0.006997,	0.000592,	281.212,	0.500
76,	6.60012,	-0.005961,	-0.000429,	281.210,	0.500
77,	6.60016,	-0.007112,	0.000062,	281.209,	0.500
78,	6.60016,	-0.006387,	-0.000364,	281.207,	0.500
79,	6.60016,	-0.006725,	-0.000457,	281.203,	0.545
80,	6.60012,	-0.005990,	0.000874,	281.200,	0.555
81,	6.60012,	-0.007442,	0.000265,	281.198,	0.500
82,	6.60012,	-0.006016,	-0.000349,	281.195,	0.500
83,	6.60016,	-0.006009,	0.001170,	281.193,	0.495
84,	6.60016,	-0.007293,	-0.000687,	281.191,	0.505
85,	6.60012,	-0.006152,	-0.000442,	281.188,	0.545
86,	6.60016,	-0.006766,	-0.000722,	281.186,	0.505
87,	6.60016,	-0.006566,	-0.000308,	281.183,	0.495
88,	6.60012,	-0.006775,	-0.000300,	281.182,	0.505
89,	6.60012,	-0.006512,	-0.000020,	281.177,	0.500
90,	6.60012,	-0.006763,	0.000008,	281.176,	0.550
91,	6.60012,	-0.006051,	0.001092,	281.175,	0.495
92,	6.60016,	-0.006187,	-0.000285,	281.170,	0.505
93,	6.60016,	-0.005941,	0.000170,	281.168,	0.495
94,	6.60016,	-0.006874,	0.000325,	281.166,	0.505
95,	6.60012,	-0.006433,	-0.000500,	281.165,	0.545
96,	6.60012,	-0.006664,	0.000299,	281.160,	0.550
97,	6.60012,	-0.006905,	-0.001771,	281.158,	0.555
98,	6.60012,	-0.005748,	-0.000360,	281.157,	0.500
99,	6.60016,	-0.006889,	-0.000084,	281.151,	0.500
100,	6.60012,	-0.006768,	0.000424,	281.150,	0.500
