Smpl, Det, sig,    mon,    Ring,  sec
#lmd,   E,  HOYAX,  Y,  Smpl,  Det, AGC X, Y, Smpl, Det, ppsSmpl, ppsDet
#6.70011,	185.0481,	57.000,	22.000,	4.300,	30.000,	27.600,	4.500,	69.930,	139.651,100,100

69.880,	139.554,	-0.003016,	0.000336,	276.735,	37.600
69.977,	139.748,	-0.005624,	0.002309,	276.732,	0.540
70.063,	139.928,	-0.003867,	0.002555,	276.728,	0.500
70.153,	140.105,	-0.004252,	0.002232,	276.726,	0.490
70.243,	140.281,	-0.003832,	0.003031,	276.725,	0.490
70.330,	140.461,	-0.002989,	0.002180,	276.723,	0.500
70.427,	140.656,	-0.002971,	0.000515,	276.718,	0.535
70.517,	140.832,	-0.002663,	0.001439,	276.718,	0.495
70.607,	141.008,	-0.002750,	0.002374,	276.716,	0.490
70.693,	141.185,	-0.002776,	0.002061,	276.715,	0.495
70.783,	141.365,	-0.002621,	0.003076,	276.712,	0.495
70.880,	141.559,	-0.001765,	0.001450,	276.708,	0.540
70.970,	141.739,	-0.002549,	0.001626,	276.705,	0.495
71.057,	141.916,	-0.002946,	0.002008,	276.704,	0.495
71.147,	142.092,	-0.003157,	0.002150,	276.700,	0.490
71.237,	142.272,	-0.002504,	0.002275,	276.698,	0.495
71.334,	142.466,	-0.003747,	0.000814,	276.696,	0.540
71.420,	142.643,	-0.003296,	0.003477,	276.695,	0.495
71.510,	142.823,	-0.003693,	0.001919,	276.691,	0.495
71.600,	142.999,	-0.004933,	0.002861,	276.689,	0.490
71.687,	143.176,	-0.005162,	0.003447,	276.687,	0.495
71.784,	143.370,	-0.005040,	0.001773,	276.686,	0.540
71.874,	143.550,	-0.004594,	0.002346,	276.682,	0.495
71.964,	143.726,	-0.003438,	0.003141,	276.680,	0.490
72.050,	143.903,	-0.004252,	0.002904,	276.679,	0.495
72.140,	144.083,	-0.003912,	0.002794,	276.677,	0.495
72.238,	144.274,	-0.004509,	0.002376,	276.673,	0.540
72.328,	144.454,	-0.003709,	0.001865,	276.672,	0.495
72.418,	144.634,	-0.003694,	0.002253,	276.669,	0.495
72.504,	144.806,	-0.004221,	0.002264,	276.668,	0.490
72.594,	144.986,	-0.002750,	0.002171,	276.664,	0.495
72.691,	145.181,	-0.003386,	0.001990,	276.663,	0.535
72.781,	145.361,	-0.002232,	0.001564,	276.660,	0.505
72.868,	145.537,	-0.001848,	0.002783,	276.656,	0.485
72.958,	145.714,	-0.001748,	0.002204,	276.655,	0.495
73.048,	145.890,	-0.001672,	0.002380,	276.653,	0.490
73.145,	146.084,	-0.001886,	0.001848,	276.651,	0.545
73.231,	146.264,	-0.001944,	0.001680,	276.647,	0.495
73.321,	146.441,	-0.001489,	0.001857,	276.645,	0.490
73.411,	146.621,	-0.002196,	0.002822,	276.643,	0.495
73.501,	146.797,	-0.002768,	0.000887,	276.641,	0.495
73.595,	146.992,	-0.003739,	0.002744,	276.638,	0.535
73.685,	147.172,	-0.003392,	0.002585,	276.637,	0.505
73.775,	147.348,	-0.003104,	0.002850,	276.634,	0.490
73.865,	147.524,	-0.003542,	0.001493,	276.633,	0.490
73.951,	147.704,	-0.003906,	0.002630,	276.631,	0.495
74.048,	147.895,	-0.004298,	0.001618,	276.627,	0.540
74.138,	148.075,	-0.004109,	0.002861,	276.624,	0.495
74.228,	148.252,	-0.004333,	0.003498,	276.623,	0.490
74.315,	148.432,	-0.003838,	0.001674,	276.620,	0.500
74.405,	148.608,	-0.005083,	0.001969,	276.617,	0.490
74.502,	148.802,	-0.006575,	0.002578,	276.615,	0.535
74.592,	148.982,	-0.005897,	0.002038,	276.614,	0.500
74.678,	149.159,	-0.004348,	0.002410,	276.610,	0.490
74.768,	149.335,	-0.003954,	0.001725,	276.607,	0.495
74.858,	149.515,	-0.003568,	0.003770,	276.606,	0.495
74.956,	149.706,	-0.004840,	0.001803,	276.605,	0.535
75.046,	149.886,	-0.003144,	0.001863,	276.600,	0.505
75.132,	150.062,	-0.002560,	0.001872,	276.598,	0.485
75.222,	150.242,	-0.001598,	0.003890,	276.597,	0.500
75.312,	150.419,	-0.001057,	0.002068,	276.594,	0.490
75.406,	150.613,	-0.001337,	0.001508,	276.591,	0.535
75.496,	150.793,	-0.001070,	0.001889,	276.590,	0.500
75.586,	150.970,	-0.000340,	0.002708,	276.587,	0.490
75.676,	151.146,	-0.000032,	0.002346,	276.586,	0.500
75.762,	151.322,	-0.000495,	0.001368,	276.582,	0.490
75.859,	151.517,	-0.000459,	0.002130,	276.581,	0.535
75.949,	151.697,	-0.000267,	0.002081,	276.578,	0.500
76.039,	151.873,	-0.000455,	0.003087,	276.574,	0.490
76.126,	152.053,	-0.000142,	0.001131,	276.572,	0.500
76.216,	152.230,	-0.000722,	0.001628,	276.572,	0.490
76.313,	152.424,	-0.001058,	0.001902,	276.569,	0.535
76.403,	152.600,	-0.000773,	0.002497,	276.565,	0.500
76.489,	152.780,	-0.000783,	0.002471,	276.563,	0.490
76.579,	152.957,	-0.001233,	0.003098,	276.561,	0.500
76.669,	153.133,	-0.002831,	0.003199,	276.560,	0.490
76.766,	153.328,	-0.003050,	0.001816,	276.556,	0.540
76.853,	153.508,	-0.003431,	0.002512,	276.554,	0.495
76.943,	153.684,	-0.003388,	0.002301,	276.553,	0.490
77.033,	153.864,	-0.003953,	0.002357,	276.551,	0.500
77.119,	154.040,	-0.004489,	0.002777,	276.549,	0.490
77.216,	154.235,	-0.004850,	0.001691,	276.545,	0.535
77.306,	154.411,	-0.003725,	0.001898,	276.543,	0.495
77.396,	154.591,	-0.003246,	0.001928,	276.541,	0.495
77.486,	154.768,	-0.003947,	0.002111,	276.537,	0.495
77.573,	154.944,	-0.003434,	0.002600,	276.535,	0.495
77.670,	155.142,	-0.003784,	0.001230,	276.534,	0.545
77.760,	155.318,	-0.002815,	0.002542,	276.532,	0.490
77.850,	155.498,	-0.002276,	0.001521,	276.527,	0.500
77.940,	155.675,	-0.001891,	0.002070,	276.525,	0.490
78.026,	155.855,	0.000134,	0.002652,	276.524,	0.500
78.127,	156.049,	-0.000459,	0.002346,	276.522,	0.540
78.214,	156.229,	0.001725,	0.002559,	276.519,	0.500
78.304,	156.406,	0.002109,	0.002156,	276.516,	0.490
78.394,	156.582,	0.002527,	0.003022,	276.515,	0.495
78.480,	156.762,	0.003977,	0.002415,	276.512,	0.495
78.570,	156.938,	0.004504,	0.003067,	276.510,	0.490
78.667,	157.133,	0.005009,	0.002557,	276.507,	0.545
78.757,	157.309,	0.006489,	0.002361,	276.505,	0.490
78.844,	157.489,	0.006872,	0.003587,	276.501,	0.495
78.934,	157.666,	0.007577,	0.003029,	276.500,	0.495
79.024,	157.842,	0.007401,	0.002257,	276.497,	0.490
79.121,	158.036,	0.006115,	0.002083,	276.495,	0.540
79.207,	158.216,	0.006990,	0.002714,	276.492,	0.495
79.297,	158.393,	0.007396,	0.001488,	276.490,	0.490
79.387,	158.573,	0.007411,	0.001885,	276.489,	0.500
79.474,	158.749,	0.006993,	0.002527,	276.486,	0.490
79.574,	158.944,	0.005786,	0.001885,	276.483,	0.545
79.661,	159.124,	0.006845,	0.001680,	276.480,	0.490
79.751,	159.300,	0.006012,	0.002441,	276.480,	0.500
79.841,	159.480,	0.004775,	0.003022,	276.476,	0.495
79.931,	159.656,	0.004316,	0.002955,	276.475,	0.490
80.028,	159.851,	0.003180,	0.001671,	276.472,	0.545
80.114,	160.031,	0.002439,	0.002100,	276.470,	0.495
80.204,	160.207,	0.002110,	0.002656,	276.468,	0.490
80.294,	160.387,	0.001275,	0.002572,	276.464,	0.505
80.381,	160.564,	-0.000605,	0.003242,	276.462,	0.485
80.482,	160.758,	0.000165,	0.001749,	276.461,	0.545
80.568,	160.938,	-0.000991,	0.003143,	276.458,	0.495
80.658,	161.114,	-0.001591,	0.002725,	276.456,	0.495
80.748,	161.294,	-0.001471,	0.001885,	276.454,	0.495
80.838,	161.471,	-0.002694,	0.003223,	276.452,	0.490
80.935,	161.665,	-0.003012,	0.001286,	276.450,	0.540
81.022,	161.845,	-0.002332,	0.003141,	276.447,	0.495
81.112,	162.022,	-0.003301,	0.001689,	276.444,	0.500
81.202,	162.198,	-0.003523,	0.002516,	276.442,	0.490
81.292,	162.378,	-0.003845,	0.002525,	276.441,	0.500
81.389,	162.572,	-0.002998,	0.002316,	276.437,	0.535
81.475,	162.752,	-0.002781,	0.002460,	276.435,	0.505
81.565,	162.929,	-0.001936,	0.002307,	276.433,	0.490
81.655,	163.109,	-0.001117,	0.002871,	276.430,	0.495
81.742,	163.285,	-0.000918,	0.002805,	276.428,	0.490
81.839,	163.480,	0.000289,	0.002163,	276.426,	0.535
81.929,	163.656,	0.002157,	0.001491,	276.424,	0.500
82.019,	163.836,	0.001993,	0.002723,	276.420,	0.490
82.105,	164.012,	0.003202,	0.002570,	276.419,	0.500
82.195,	164.189,	0.005420,	0.002555,	276.417,	0.490
82.285,	164.369,	0.006509,	0.001540,	276.414,	0.500
82.382,	164.563,	0.007399,	0.002434,	276.411,	0.540
82.472,	164.743,	0.009258,	0.002283,	276.409,	0.495
82.562,	164.920,	0.010210,	0.003141,	276.408,	0.495
82.649,	165.100,	0.012571,	0.001900,	276.406,	0.495
82.739,	165.276,	0.013063,	0.002828,	276.404,	0.495
82.836,	165.470,	0.014411,	0.002682,	276.400,	0.540
82.926,	165.650,	0.015787,	0.002430,	276.398,	0.495
83.016,	165.827,	0.017130,	0.002794,	276.397,	0.495
83.102,	166.007,	0.016773,	0.003524,	276.394,	0.495
83.192,	166.183,	0.001367,	0.001310,	276.392,	0.490
83.290,	166.381,	0.000085,	0.002361,	276.390,	0.550
83.380,	166.558,	0.000826,	0.002165,	276.389,	0.485
83.470,	166.734,	0.000129,	0.003123,	276.383,	0.500
83.556,	166.914,	0.000288,	0.002326,	276.381,	0.490
83.646,	167.090,	-0.001731,	0.002742,	276.380,	0.500
83.743,	167.285,	-0.006822,	0.002757,	276.378,	0.540
83.833,	167.465,	-0.006600,	0.002512,	276.374,	0.500
83.923,	167.641,	-0.005990,	0.002410,	276.372,	0.490
84.010,	167.821,	-0.006310,	0.003384,	276.369,	0.495
84.100,	167.998,	-0.003309,	0.001846,	276.367,	0.495
84.197,	168.192,	-0.007022,	0.001913,	276.364,	0.540
84.287,	168.372,	-0.007431,	0.002462,	276.362,	0.495
84.377,	168.548,	-0.007143,	0.002303,	276.360,	0.490
84.463,	168.728,	-0.006099,	0.003253,	276.357,	0.500
84.553,	168.905,	0.003303,	0.002878,	276.355,	0.490
84.650,	169.099,	0.003147,	0.002497,	276.353,	0.545
84.740,	169.279,	0.003558,	0.001977,	276.351,	0.495
84.827,	169.456,	0.024269,	0.002621,	276.346,	0.495
84.917,	169.632,	0.028654,	0.001796,	276.345,	0.490
85.007,	169.812,	0.029159,	0.002652,	276.343,	0.500
85.104,	170.006,	0.028169,	0.002275,	276.341,	0.540
85.194,	170.183,	0.028160,	0.002425,	276.338,	0.490
85.280,	170.363,	0.018447,	0.001719,	276.336,	0.500
85.370,	170.539,	-0.005843,	0.003035,	276.334,	0.485
85.460,	170.719,	-0.005755,	0.002656,	276.333,	0.505
85.558,	170.914,	-0.007026,	0.001144,	276.328,	0.535
85.648,	171.090,	-0.006153,	0.003574,	276.327,	0.495
85.734,	171.270,	-0.006529,	0.001458,	276.325,	0.495
85.824,	171.446,	-0.005997,	0.001812,	276.323,	0.495
85.914,	171.626,	-0.006144,	0.002471,	276.319,	0.495
86.011,	171.817,	-0.007087,	0.002807,	276.317,	0.535
86.101,	171.997,	-0.006786,	0.002658,	276.316,	0.500
86.188,	172.177,	-0.006212,	0.002499,	276.311,	0.500
86.278,	172.354,	-0.006438,	0.002665,	276.308,	0.490
86.368,	172.534,	-0.005746,	0.002703,	276.307,	0.495
86.458,	172.710,	-0.006755,	0.002387,	276.306,	0.495
86.555,	172.904,	-0.006281,	0.001801,	276.305,	0.540
86.641,	173.084,	-0.006351,	0.003731,	276.299,	0.500
86.731,	173.261,	-0.006362,	0.001883,	276.298,	0.490
86.821,	173.437,	-0.006867,	0.003720,	276.296,	0.490
86.908,	173.617,	-0.006773,	0.002600,	276.294,	0.495
87.005,	173.812,	-0.007391,	0.002904,	276.292,	0.540
87.095,	173.988,	-0.006060,	0.001383,	276.289,	0.495
87.185,	174.168,	-0.006950,	0.002578,	276.288,	0.495
87.271,	174.344,	-0.006711,	0.002874,	276.284,	0.495
87.361,	174.521,	-0.005415,	0.001600,	276.282,	0.490
87.458,	174.719,	-0.006646,	0.000898,	276.281,	0.550
87.548,	174.895,	-0.006233,	0.001631,	276.279,	0.490
87.638,	175.075,	-0.005573,	0.002591,	276.275,	0.495
87.725,	175.252,	-0.005057,	0.002268,	276.273,	0.495
87.815,	175.428,	-0.003369,	0.002568,	276.271,	0.490
87.912,	175.626,	-0.005742,	0.001493,	276.269,	0.545
88.002,	175.802,	-0.005564,	0.001592,	276.265,	0.490
88.092,	175.979,	-0.006592,	0.003399,	276.263,	0.495
88.178,	176.159,	-0.005877,	0.001756,	276.260,	0.495
88.268,	176.335,	-0.005916,	0.002516,	276.258,	0.490
88.366,	176.530,	-0.006199,	0.001816,	276.256,	0.545
88.456,	176.706,	-0.004620,	0.002606,	276.255,	0.495
88.542,	176.886,	-0.003018,	0.001659,	276.253,	0.495
88.632,	177.062,	-0.004595,	0.001562,	276.251,	0.490
88.722,	177.242,	-0.005156,	0.002494,	276.247,	0.500
88.819,	177.437,	-0.004725,	0.002572,	276.244,	0.540
88.909,	177.617,	-0.005339,	0.002102,	276.243,	0.500
88.996,	177.793,	-0.004376,	0.003059,	276.240,	0.485
89.086,	177.970,	-0.003615,	0.001932,	276.238,	0.495
89.176,	178.150,	-0.004959,	0.002843,	276.235,	0.495
89.273,	178.344,	-0.004951,	0.001796,	276.234,	0.540
89.363,	178.520,	-0.004542,	0.001663,	276.231,	0.495
89.449,	178.697,	-0.005756,	0.001768,	276.228,	0.490
89.539,	178.877,	-0.006127,	0.003029,	276.226,	0.495
89.629,	179.053,	-0.006239,	0.002628,	276.225,	0.495
89.726,	179.251,	-0.007245,	0.002492,	276.221,	0.545
89.813,	179.428,	-0.008075,	0.001271,	276.219,	0.495
89.903,	179.604,	-0.007245,	0.003296,	276.218,	0.490
