Num, Lmd, sig,    mon,    Ring,  sec
#lmd,   E,  HOYAX,  Y,  Smpl,  Det, AGC X, Y, Smpl, Det
#6.55011,	189.2857,	57.000,	22.000,	4.300,	30.000,	0.000,	-76.000,	-0.068,	-0.346

1,	6.55011,	8.395026,	-0.003848,	284.190,	127.970
2,	6.55011,	8.392440,	-0.000116,	284.186,	0.550
3,	6.55011,	8.392400,	0.000896,	284.184,	0.500
4,	6.55011,	8.392611,	0.000422,	284.182,	0.505
5,	6.55011,	8.390934,	-0.000381,	284.178,	0.500
6,	6.55011,	8.391319,	-0.001228,	284.176,	0.500
7,	6.55011,	8.389206,	-0.000155,	284.174,	0.550
8,	6.55011,	8.389096,	-0.000209,	284.170,	0.500
9,	6.55011,	8.389813,	-0.000024,	284.167,	0.495
10,	6.55011,	8.388181,	-0.001452,	284.165,	0.510
11,	6.55011,	8.388885,	-0.000198,	284.164,	0.505
12,	6.55011,	8.389699,	-0.000715,	284.159,	0.555
13,	6.55011,	8.390349,	-0.001377,	284.158,	0.495
14,	6.55011,	8.388882,	-0.000091,	284.156,	0.510
15,	6.55011,	8.391199,	0.000049,	284.153,	0.500
16,	6.55011,	8.389535,	0.000263,	284.149,	0.500
17,	6.55011,	8.386794,	-0.000302,	284.147,	0.550
18,	6.55011,	8.388094,	0.000323,	284.146,	0.505
19,	6.55011,	8.385773,	-0.000478,	284.141,	0.500
20,	6.55011,	8.387104,	-0.000015,	284.139,	0.500
21,	6.55011,	8.386222,	-0.000144,	284.137,	0.500
22,	6.55011,	8.386582,	0.001045,	284.136,	0.555
23,	6.55011,	8.384857,	0.000515,	284.133,	0.500
24,	6.55011,	8.384948,	0.000933,	284.131,	0.500
25,	6.55011,	8.385241,	0.001088,	284.128,	0.500
26,	6.55011,	8.384302,	0.000640,	284.125,	0.500
27,	6.55011,	8.386244,	-0.001372,	284.121,	0.550
28,	6.55011,	8.387000,	0.000312,	284.119,	0.550
29,	6.55011,	8.384489,	-0.000416,	284.118,	0.555
30,	6.55011,	8.383542,	0.001745,	284.114,	0.500
31,	6.55011,	8.385487,	0.000411,	284.112,	0.500
32,	6.55011,	8.384418,	0.001456,	284.110,	0.500
33,	6.55011,	8.384541,	-0.001023,	284.107,	0.500
34,	6.55011,	8.383953,	-0.000244,	284.104,	0.555
35,	6.55011,	8.382600,	-0.001138,	284.101,	0.545
36,	6.55011,	8.383090,	-0.000028,	284.097,	0.555
37,	6.55011,	8.382499,	0.000581,	284.095,	0.555
38,	6.55011,	8.381451,	-0.000366,	284.093,	0.505
39,	6.55011,	8.384095,	0.000019,	284.088,	0.500
40,	6.55011,	8.382585,	0.000129,	284.088,	0.500
41,	6.55011,	8.381748,	-0.000201,	284.086,	0.505
42,	6.55011,	8.382497,	-0.000713,	284.083,	0.550
43,	6.55011,	8.382034,	0.000179,	284.080,	0.550
44,	6.55011,	8.384856,	0.000256,	284.079,	0.550
45,	6.55011,	8.382997,	-0.000677,	284.074,	0.550
46,	6.55011,	8.383400,	-0.001062,	284.072,	0.500
47,	6.55011,	8.382614,	-0.000097,	284.070,	0.505
48,	6.55011,	8.381721,	-0.000026,	284.068,	0.505
49,	6.55011,	8.382989,	-0.000229,	284.065,	0.500
50,	6.55011,	8.381687,	0.000211,	284.063,	0.500
51,	6.55011,	8.382107,	-0.000248,	284.060,	0.550
52,	6.55011,	8.381949,	0.000013,	284.056,	0.505
53,	6.55011,	8.384809,	-0.000500,	284.054,	0.500
54,	6.55011,	8.381809,	-0.000235,	284.052,	0.505
55,	6.55011,	8.381855,	0.000390,	284.051,	0.500
56,	6.55011,	8.383965,	0.000448,	284.047,	0.550
57,	6.55011,	8.381924,	-0.000157,	284.045,	0.500
58,	6.55011,	8.382428,	-0.000513,	284.043,	0.500
59,	6.55011,	8.383146,	0.000028,	284.041,	0.500
60,	6.55011,	8.382489,	-0.000183,	284.036,	0.500
61,	6.55011,	8.382949,	-0.000825,	284.035,	0.550
62,	6.55011,	8.382346,	-0.000601,	284.034,	0.555
63,	6.55011,	8.383628,	-0.001159,	284.029,	0.500
64,	6.55011,	8.382472,	0.000067,	284.028,	0.550
65,	6.55011,	8.384153,	-0.000646,	284.026,	0.510
66,	6.55011,	8.382051,	0.000997,	284.021,	0.505
67,	6.55011,	8.384363,	-0.000926,	284.019,	0.520
68,	6.55011,	8.384602,	0.000551,	284.017,	0.510
69,	6.55011,	8.383966,	-0.000233,	284.015,	0.555
70,	6.55011,	8.383838,	0.000668,	284.011,	0.505
71,	6.55011,	8.380736,	-0.000914,	284.009,	0.505
72,	6.55011,	8.381539,	-0.000425,	284.007,	0.510
73,	6.55011,	8.382441,	-0.001000,	284.003,	0.505
74,	6.55011,	8.384682,	0.000026,	284.001,	0.505
75,	6.55011,	8.382610,	-0.001163,	283.999,	0.550
76,	6.55011,	8.384319,	0.000530,	283.995,	0.550
77,	6.55011,	8.384661,	-0.000431,	283.993,	0.505
78,	6.55011,	8.381231,	-0.001545,	283.992,	0.505
79,	6.55011,	8.385258,	0.000200,	283.989,	0.505
80,	6.55011,	8.382863,	0.000004,	283.986,	0.510
81,	6.55011,	8.383498,	0.000060,	283.984,	0.510
82,	6.55011,	8.383110,	-0.000530,	283.982,	0.550
83,	6.55011,	8.384587,	-0.000580,	283.978,	0.555
84,	6.55011,	8.383587,	-0.000241,	283.976,	0.500
85,	6.55011,	8.386074,	0.000080,	283.974,	0.500
86,	6.55011,	8.382530,	-0.000797,	283.970,	0.500
87,	6.55011,	8.382936,	0.001124,	283.968,	0.500
88,	6.55011,	8.383204,	-0.000353,	283.967,	0.550
89,	6.55011,	8.384264,	0.000133,	283.965,	0.550
90,	6.55011,	8.383148,	0.000181,	283.961,	0.500
91,	6.55011,	8.383736,	-0.000524,	283.959,	0.500
92,	6.55011,	8.383197,	-0.000088,	283.956,	0.500
93,	6.55011,	8.382569,	-0.000198,	283.954,	0.505
94,	6.55011,	8.383304,	-0.000011,	283.950,	0.550
95,	6.55011,	8.383869,	-0.000425,	283.948,	0.550
96,	6.55011,	8.383188,	-0.002019,	283.944,	0.545
97,	6.55011,	8.385288,	-0.000063,	283.942,	0.555
98,	6.55011,	8.384093,	-0.001426,	283.940,	0.550
99,	6.55011,	8.384361,	0.000319,	283.936,	0.505
100,	6.55011,	8.384543,	-0.000918,	283.934,	0.505
