Num, Lmd, sig,    mon,    Ring,  sec
#lmd,   E,  HOYAX,  Y,  Smpl,  Det, AGC X, Y, Smpl, Det
#6.60012,	187.8515,	57.000,	22.000,	4.300,	30.000,	27.600,	4.500,	79.931,	29.999

1,	6.60012,	-0.004843,	-0.004408,	289.986,	73.380
2,	6.60012,	-0.006571,	0.000672,	289.983,	0.530
3,	6.60012,	-0.006084,	0.000215,	289.981,	0.480
4,	6.60012,	-0.005881,	0.000082,	289.981,	0.490
5,	6.60012,	-0.005796,	-0.000319,	289.976,	0.500
6,	6.60012,	-0.006297,	-0.001704,	289.973,	0.525
7,	6.60012,	-0.005563,	-0.000153,	289.971,	0.480
8,	6.60012,	-0.005940,	-0.000504,	289.969,	0.495
9,	6.60012,	-0.005745,	0.000192,	289.965,	0.500
10,	6.60012,	-0.006019,	0.000825,	289.963,	0.500
11,	6.60012,	-0.005433,	-0.000694,	289.961,	0.525
12,	6.60012,	-0.006367,	-0.000670,	289.958,	0.480
13,	6.60012,	-0.005234,	-0.000356,	289.954,	0.495
14,	6.60012,	-0.005688,	-0.000052,	289.952,	0.506
15,	6.60012,	-0.005590,	0.000827,	289.951,	0.500
16,	6.60012,	-0.005482,	-0.000599,	289.948,	0.525
17,	6.60012,	-0.005741,	-0.000315,	289.943,	0.480
18,	6.60012,	-0.006818,	-0.000483,	289.942,	0.490
19,	6.60012,	-0.005883,	-0.000580,	289.941,	0.495
20,	6.60012,	-0.005768,	-0.000084,	289.939,	0.505
21,	6.60012,	-0.005773,	-0.000668,	289.934,	0.525
22,	6.60012,	-0.006139,	0.000577,	289.932,	0.485
23,	6.60012,	-0.005775,	-0.000539,	289.929,	0.490
24,	6.60012,	-0.005326,	-0.000328,	289.928,	0.495
25,	6.60012,	-0.006189,	0.000838,	289.924,	0.530
26,	6.60012,	-0.006319,	-0.000289,	289.922,	0.485
27,	6.60012,	-0.005377,	-0.000504,	289.920,	0.485
28,	6.60012,	-0.005906,	-0.000909,	289.917,	0.500
29,	6.60012,	-0.005324,	-0.001092,	289.914,	0.505
30,	6.60012,	-0.005315,	-0.000360,	289.913,	0.530
31,	6.60012,	-0.005506,	-0.000896,	289.910,	0.480
32,	6.60012,	-0.006010,	0.000418,	289.908,	0.490
33,	6.60012,	-0.005798,	-0.000530,	289.903,	0.500
34,	6.60012,	-0.005222,	0.000069,	289.901,	0.500
35,	6.60012,	-0.006262,	-0.000465,	289.899,	0.530
36,	6.60012,	-0.005332,	0.001799,	289.897,	0.475
37,	6.60012,	-0.005666,	0.000000,	289.893,	0.495
38,	6.60012,	-0.005933,	0.000459,	289.891,	0.500
39,	6.60012,	-0.004990,	-0.001596,	289.889,	0.495
40,	6.60012,	-0.005720,	-0.000125,	289.887,	0.530
41,	6.60012,	-0.006220,	-0.000481,	289.883,	0.485
42,	6.60012,	-0.005856,	-0.000356,	289.881,	0.490
43,	6.60012,	-0.005784,	-0.001489,	289.878,	0.505
44,	6.60012,	-0.005192,	-0.000054,	289.877,	0.525
45,	6.60012,	-0.006238,	-0.000009,	289.873,	0.485
46,	6.60012,	-0.006348,	-0.000679,	289.871,	0.480
47,	6.60012,	-0.005337,	0.000930,	289.869,	0.510
48,	6.60012,	-0.006302,	0.000159,	289.866,	0.495
49,	6.60012,	-0.005978,	-0.001006,	289.863,	0.530
50,	6.60012,	-0.005936,	0.000028,	289.861,	0.485
51,	6.60012,	-0.005445,	0.000806,	289.859,	0.480
52,	6.60012,	-0.005281,	-0.000534,	289.856,	0.510
53,	6.60012,	-0.005576,	-0.000209,	289.853,	0.495
54,	6.60012,	-0.006109,	-0.000069,	289.851,	0.540
55,	6.60012,	-0.005636,	0.000349,	289.848,	0.485
56,	6.60012,	-0.006266,	0.000189,	289.847,	0.485
57,	6.60012,	-0.004890,	-0.000491,	289.841,	0.495
58,	6.60012,	-0.005557,	0.000176,	289.840,	0.535
59,	6.60012,	-0.005309,	-0.000573,	289.838,	0.480
60,	6.60012,	-0.005526,	0.000043,	289.835,	0.490
61,	6.60012,	-0.005270,	-0.001153,	289.830,	0.495
62,	6.60012,	-0.006264,	-0.000437,	289.830,	0.495
63,	6.60012,	-0.005902,	0.001107,	289.827,	0.530
64,	6.60012,	-0.006251,	0.000790,	289.822,	0.490
65,	6.60012,	-0.005835,	-0.000549,	289.821,	0.485
66,	6.60012,	-0.006074,	-0.000160,	289.819,	0.495
67,	6.60012,	-0.006605,	0.000754,	289.817,	0.505
68,	6.60012,	-0.005934,	0.000123,	289.815,	0.530
69,	6.60012,	-0.006445,	0.000448,	289.811,	0.495
70,	6.60012,	-0.005087,	-0.000360,	289.809,	0.480
71,	6.60012,	-0.005981,	0.000099,	289.806,	0.490
72,	6.60012,	-0.005242,	-0.001527,	289.805,	0.500
73,	6.60012,	-0.006022,	-0.000022,	289.802,	0.530
74,	6.60012,	-0.006680,	-0.000310,	289.800,	0.490
75,	6.60012,	-0.006103,	0.000248,	289.798,	0.490
76,	6.60012,	-0.005515,	0.000136,	289.795,	0.500
77,	6.60012,	-0.005683,	0.001402,	289.791,	0.535
78,	6.60012,	-0.005705,	-0.000586,	289.789,	0.490
79,	6.60012,	-0.005508,	-0.000638,	289.786,	0.545
80,	6.60012,	-0.005994,	-0.000659,	289.783,	0.495
81,	6.60012,	-0.006049,	0.000334,	289.779,	0.485
82,	6.60012,	-0.005520,	0.000112,	289.778,	0.490
83,	6.60012,	-0.005873,	-0.000478,	289.776,	0.490
84,	6.60012,	-0.005255,	-0.000144,	289.773,	0.530
85,	6.60012,	-0.005824,	0.000204,	289.769,	0.495
86,	6.60012,	-0.005997,	0.000317,	289.768,	0.490
87,	6.60012,	-0.006452,	0.000752,	289.766,	0.490
88,	6.60012,	-0.006258,	-0.001390,	289.764,	0.490
89,	6.60012,	-0.006290,	0.000355,	289.760,	0.540
90,	6.60012,	-0.005765,	-0.000048,	289.758,	0.490
91,	6.60012,	-0.004776,	-0.001263,	289.756,	0.490
92,	6.60012,	-0.006497,	0.001251,	289.752,	0.490
93,	6.60012,	-0.005516,	-0.001431,	289.750,	0.485
94,	6.60012,	-0.005214,	0.000340,	289.746,	0.540
95,	6.60012,	-0.005387,	0.000831,	289.745,	0.490
96,	6.60012,	-0.006135,	-0.000651,	289.742,	0.490
97,	6.60012,	-0.006085,	-0.000517,	289.740,	0.490
98,	6.60012,	-0.006209,	-0.000754,	289.739,	0.490
99,	6.60012,	-0.004682,	0.000862,	289.736,	0.540
100,	6.60012,	-0.006174,	-0.000593,	289.732,	0.570
