Smpl, Det, sig,    mon,    Ring,  sec
#lmd,   E,  HOYAX,  Y,  Smpl,  Det, AGC X, Y, Smpl, Det, ppsSmpl, ppsDet
#6.75016,	183.6760,	57.000,	22.000,	4.300,	30.000,	-52.700,	13.300,	-0.068,	-0.346,100,100

-0.119,	-0.443,	2.658212,	-0.000246,	241.613,	14.695
-0.022,	-0.248,	2.290462,	0.001105,	241.611,	0.540
0.068,	-0.072,	2.135681,	0.002326,	241.609,	0.495
0.155,	0.104,	1.942601,	0.002647,	241.607,	0.490
0.245,	0.284,	1.813982,	0.002990,	241.605,	0.495
0.331,	0.461,	1.943668,	0.001413,	241.604,	0.490
0.432,	0.659,	2.078536,	0.000918,	241.602,	0.550
0.518,	0.835,	2.225479,	0.002529,	241.600,	0.490
0.608,	1.012,	2.215942,	0.002359,	241.598,	0.490
0.698,	1.188,	2.366822,	0.002038,	241.596,	0.495
0.785,	1.364,	2.658057,	0.001964,	241.595,	0.490
0.882,	1.559,	2.843071,	0.002042,	241.594,	0.540
0.972,	1.739,	2.891156,	0.001893,	241.591,	0.495
1.058,	1.915,	2.906204,	0.002296,	241.591,	0.490
1.148,	2.092,	2.907530,	0.002667,	241.588,	0.495
1.238,	2.268,	2.914752,	0.002253,	241.586,	0.490
1.336,	2.462,	2.920743,	0.002600,	241.584,	0.540
1.422,	2.642,	2.919304,	0.001878,	241.582,	0.490
1.512,	2.819,	2.929122,	0.002792,	241.581,	0.495
1.602,	2.995,	2.927217,	0.002660,	241.579,	0.495
1.688,	3.175,	2.896465,	0.001415,	241.576,	0.495
1.786,	3.370,	2.871678,	0.001861,	241.575,	0.535
1.876,	3.542,	2.883352,	0.001508,	241.574,	0.490
1.966,	3.722,	2.927779,	0.003242,	241.573,	0.500
2.052,	3.899,	3.000022,	0.003005,	241.570,	0.490
2.142,	4.075,	3.089187,	0.001628,	241.568,	0.490
2.228,	4.255,	3.191499,	0.003438,	241.567,	0.500
2.326,	4.450,	3.304600,	0.001338,	241.566,	0.535
2.416,	4.626,	3.405022,	0.002372,	241.563,	0.495
2.506,	4.806,	3.508986,	0.002309,	241.562,	0.495
2.596,	4.982,	3.614672,	0.001790,	241.560,	0.495
2.682,	5.159,	3.715743,	0.003024,	241.557,	0.490
2.779,	5.353,	3.821550,	0.001478,	241.556,	0.540
2.869,	5.530,	3.917423,	0.001908,	241.554,	0.490
2.956,	5.710,	4.010961,	0.003003,	241.552,	0.495
3.046,	5.886,	4.114659,	0.002404,	241.551,	0.490
3.136,	6.062,	4.232746,	0.002311,	241.548,	0.495
3.233,	6.257,	4.362098,	0.002038,	241.547,	0.540
3.319,	6.433,	4.467767,	0.001762,	241.546,	0.490
3.409,	6.613,	4.558008,	0.002781,	241.543,	0.495
3.499,	6.790,	4.631876,	0.002081,	241.541,	0.495
3.586,	6.966,	4.703981,	0.002273,	241.540,	0.490
3.683,	7.164,	4.777726,	0.002070,	241.540,	0.545
3.773,	7.340,	4.840222,	0.002160,	241.536,	0.490
3.859,	7.517,	4.899891,	0.002432,	241.535,	0.490
3.949,	7.697,	4.943663,	0.002372,	241.533,	0.500
4.039,	7.870,	4.976120,	0.002475,	241.532,	0.485
4.136,	8.068,	4.991239,	0.002419,	241.530,	0.550
4.223,	8.244,	4.999290,	0.002210,	241.528,	0.485
4.313,	8.420,	4.996375,	0.003356,	241.525,	0.495
4.403,	8.600,	4.982851,	0.003263,	241.524,	0.500
4.489,	8.777,	4.965834,	0.002667,	241.523,	0.485
4.586,	8.971,	4.944772,	0.001547,	241.519,	0.540
4.676,	9.151,	4.920519,	0.002809,	241.519,	0.500
4.766,	9.324,	4.894383,	0.002216,	241.517,	0.485
4.853,	9.504,	4.869850,	0.002460,	241.514,	0.500
4.943,	9.680,	4.839058,	0.001525,	241.513,	0.485
5.040,	9.875,	4.804347,	0.001570,	241.511,	0.545
5.130,	10.055,	4.772720,	0.002247,	241.510,	0.495
5.216,	10.231,	4.741723,	0.002044,	241.508,	0.490
5.306,	10.408,	4.709071,	0.002126,	241.506,	0.495
5.396,	10.588,	4.674220,	0.002012,	241.505,	0.495
5.494,	10.778,	4.636546,	0.002807,	241.502,	0.535
5.580,	10.955,	4.602064,	0.003093,	241.500,	0.490
5.670,	11.135,	4.566010,	0.001943,	241.498,	0.500
5.760,	11.311,	4.526757,	0.002557,	241.497,	0.490
5.846,	11.491,	4.487962,	0.002619,	241.495,	0.495
5.944,	11.686,	4.445430,	0.001844,	241.493,	0.540
6.034,	11.858,	4.405750,	0.003272,	241.491,	0.485
6.120,	12.038,	4.363901,	0.001969,	241.490,	0.500
6.210,	12.215,	4.321191,	0.002402,	241.489,	0.485
6.300,	12.391,	4.278559,	0.001997,	241.486,	0.495
6.397,	12.586,	4.230556,	0.002204,	241.484,	0.540
6.484,	12.766,	4.194262,	0.001402,	241.483,	0.495
6.574,	12.942,	4.129335,	0.002503,	241.482,	0.490
6.660,	13.118,	4.079432,	0.002107,	241.480,	0.490
6.750,	13.295,	4.028782,	0.001719,	241.478,	0.495
6.847,	13.489,	3.968856,	0.001721,	241.475,	0.540
6.937,	13.669,	3.912870,	0.002693,	241.472,	0.495
7.024,	13.846,	3.854391,	0.002023,	241.471,	0.490
7.114,	14.022,	3.795119,	0.002606,	241.470,	0.490
7.204,	14.202,	3.731758,	0.001986,	241.468,	0.500
7.290,	14.378,	3.669228,	0.001861,	241.466,	0.490
7.387,	14.573,	3.595737,	0.001764,	241.464,	0.540
7.477,	14.749,	3.524623,	0.002464,	241.463,	0.495
7.567,	14.926,	3.451957,	0.002861,	241.462,	0.490
7.654,	15.106,	3.375075,	0.003001,	241.461,	0.495
7.744,	15.282,	3.294457,	0.002419,	241.458,	0.490
7.841,	15.476,	3.204389,	0.002395,	241.456,	0.540
7.931,	15.653,	3.117086,	0.002994,	241.454,	0.495
8.017,	15.829,	3.025465,	0.001719,	241.450,	0.490
8.107,	16.006,	2.928146,	0.001766,	241.451,	0.490
8.194,	16.186,	2.828313,	0.002677,	241.449,	0.500
8.291,	16.380,	2.711960,	0.001409,	241.446,	0.540
8.381,	16.556,	2.600423,	0.002609,	241.444,	0.485
8.471,	16.736,	2.485341,	0.002113,	241.442,	0.500
8.557,	16.913,	2.365125,	0.002165,	241.442,	0.490
8.647,	17.089,	2.237659,	0.002124,	241.439,	0.495
8.744,	17.284,	2.096386,	0.002173,	241.438,	0.540
8.834,	17.460,	1.964725,	0.002264,	241.436,	0.490
8.921,	17.640,	1.830694,	0.001880,	241.435,	0.495
9.011,	17.816,	1.696787,	0.002591,	241.433,	0.495
9.101,	17.996,	1.564402,	0.002324,	241.431,	0.500
9.198,	18.191,	1.420701,	0.001753,	241.429,	0.540
9.284,	18.367,	1.292943,	0.002729,	241.428,	0.490
9.374,	18.547,	1.174437,	0.002755,	241.425,	0.495
9.464,	18.724,	1.063946,	0.002686,	241.423,	0.490
9.554,	18.904,	0.963876,	0.002193,	241.421,	0.500
9.648,	19.094,	0.867609,	0.003595,	241.419,	0.535
9.738,	19.271,	0.794055,	0.002341,	241.418,	0.490
9.828,	19.451,	0.731407,	0.001924,	241.415,	0.500
9.918,	19.627,	0.682917,	0.002316,	241.414,	0.490
10.004,	19.807,	0.643624,	0.002977,	241.414,	0.495
10.102,	20.002,	0.612749,	0.001880,	241.411,	0.540
10.192,	20.178,	0.593401,	0.001861,	241.409,	0.490
10.282,	20.358,	0.580139,	0.001452,	241.407,	0.500
10.368,	20.534,	0.569823,	0.002225,	241.405,	0.490
10.458,	20.714,	0.561529,	0.000995,	241.405,	0.500
10.555,	20.905,	0.552615,	0.001290,	241.401,	0.535
10.645,	21.082,	0.546725,	0.002283,	241.400,	0.490
10.732,	21.262,	0.537389,	0.001721,	241.398,	0.500
10.822,	21.438,	0.524751,	0.002428,	241.398,	0.490
10.912,	21.618,	0.511040,	0.001911,	241.394,	0.500
11.009,	21.812,	0.493235,	0.002064,	241.393,	0.535
11.095,	21.989,	0.475231,	0.002227,	241.392,	0.495
11.185,	22.165,	0.453328,	0.001247,	241.388,	0.495
11.275,	22.342,	0.429738,	0.003880,	241.387,	0.490
11.365,	22.522,	0.405228,	0.002107,	241.386,	0.500
11.462,	22.716,	0.375662,	0.001906,	241.385,	0.535
11.549,	22.892,	0.348171,	0.001827,	241.381,	0.490
11.639,	23.072,	0.319864,	0.002572,	241.380,	0.500
11.729,	23.252,	0.292856,	0.002781,	241.379,	0.500
11.815,	23.429,	0.265807,	0.002813,	241.377,	0.490
11.912,	23.620,	0.235796,	0.001512,	241.374,	0.535
12.002,	23.800,	0.211352,	0.001777,	241.373,	0.490
12.092,	23.976,	0.187559,	0.001732,	241.372,	0.500
12.179,	24.156,	0.165812,	0.002031,	241.370,	0.495
12.269,	24.332,	0.147047,	0.002611,	241.369,	0.490
12.366,	24.527,	0.127455,	0.002796,	241.365,	0.540
12.456,	24.703,	0.113434,	0.002964,	241.364,	0.495
12.542,	24.883,	0.100926,	0.001868,	241.363,	0.495
12.632,	25.060,	0.091516,	0.002038,	241.360,	0.490
12.722,	25.240,	0.084171,	0.003039,	241.359,	0.500
12.820,	25.434,	0.077244,	0.001208,	241.357,	0.535
12.906,	25.610,	0.073264,	0.002643,	241.356,	0.490
12.996,	25.787,	0.072909,	0.003541,	241.352,	0.495
13.086,	25.963,	0.071556,	0.002512,	241.352,	0.495
13.176,	26.143,	0.073596,	0.003335,	241.350,	0.495
13.273,	26.338,	0.075743,	0.001799,	241.349,	0.540
13.360,	26.514,	0.078128,	0.002710,	241.347,	0.495
13.450,	26.694,	0.082181,	0.002376,	241.346,	0.495
13.536,	26.870,	0.086456,	0.002874,	241.344,	0.490
13.626,	27.050,	0.090547,	0.002721,	241.342,	0.500
13.723,	27.245,	0.094881,	0.002464,	241.340,	0.535
13.813,	27.418,	0.100273,	0.002721,	241.338,	0.490
13.900,	27.598,	0.103989,	0.002734,	241.336,	0.495
13.990,	27.774,	0.106079,	0.001874,	241.334,	0.495
14.080,	27.954,	0.109710,	0.002647,	241.332,	0.495
14.177,	28.148,	0.111643,	0.001605,	241.332,	0.540
14.263,	28.325,	0.112795,	0.002725,	241.330,	0.485
14.353,	28.501,	0.113343,	0.002173,	241.326,	0.495
14.443,	28.681,	0.114213,	0.002565,	241.325,	0.495
14.530,	28.858,	0.112326,	0.002656,	241.325,	0.495
14.627,	29.052,	0.110799,	0.001107,	241.324,	0.540
14.717,	29.228,	0.107822,	0.002320,	241.320,	0.490
14.807,	29.408,	0.105773,	0.003541,	241.318,	0.500
14.893,	29.585,	0.102543,	0.002270,	241.317,	0.490
14.983,	29.761,	0.097267,	0.002774,	241.316,	0.490
15.080,	29.956,	0.091611,	0.001962,	241.313,	0.540
15.178,	30.150,	0.086655,	0.001896,	241.312,	0.540
15.268,	30.326,	0.081581,	0.002059,	241.311,	0.490
15.354,	30.506,	0.077161,	0.003901,	241.310,	0.500
15.444,	30.683,	0.070944,	0.002316,	241.305,	0.490
15.534,	30.863,	0.064834,	0.002525,	241.305,	0.500
15.631,	31.057,	0.057657,	0.002076,	241.303,	0.540
15.718,	31.234,	0.052958,	0.002033,	241.301,	0.485
15.808,	31.414,	0.047285,	0.002998,	241.300,	0.500
15.898,	31.590,	0.041591,	0.002402,	241.298,	0.490
15.984,	31.766,	0.036110,	0.001615,	241.296,	0.495
16.081,	31.961,	0.031209,	0.001435,	241.295,	0.540
16.171,	32.137,	0.029787,	0.002841,	241.292,	0.490
16.261,	32.317,	0.024431,	0.002865,	241.290,	0.495
16.348,	32.494,	0.019987,	0.001531,	241.289,	0.495
16.438,	32.674,	0.017452,	0.002667,	241.288,	0.495
16.535,	32.868,	0.013856,	0.002279,	241.285,	0.540
16.625,	33.041,	0.012207,	0.001516,	241.283,	0.490
16.715,	33.224,	0.009997,	0.003399,	241.283,	0.500
16.801,	33.397,	0.008709,	0.001906,	241.279,	0.490
16.891,	33.577,	0.007386,	0.002036,	241.276,	0.490
16.988,	33.772,	0.007095,	0.000909,	241.276,	0.545
17.078,	33.948,	0.007552,	0.002104,	241.275,	0.490
17.165,	34.128,	0.013085,	0.001870,	241.272,	0.495
17.255,	34.304,	0.006182,	0.002165,	241.271,	0.495
17.345,	34.484,	0.007066,	0.001848,	241.270,	0.495
17.431,	34.661,	0.009598,	0.001387,	241.268,	0.490
17.528,	34.852,	0.009090,	0.002886,	241.266,	0.540
17.618,	35.032,	0.010260,	0.002649,	241.263,	0.495
17.705,	35.208,	0.012856,	0.002494,	241.262,	0.490
17.795,	35.384,	0.014331,	0.003571,	241.261,	0.495
17.885,	35.564,	0.014402,	0.002451,	241.259,	0.495
17.982,	35.759,	0.015014,	0.000816,	241.256,	0.535
18.072,	35.935,	0.017916,	0.002770,	241.255,	0.495
18.158,	36.115,	0.018986,	0.002637,	241.253,	0.500
18.248,	36.292,	0.019452,	0.003425,	241.251,	0.490
18.338,	36.472,	0.022205,	0.002421,	241.250,	0.496
18.436,	36.662,	0.020635,	0.001486,	241.249,	0.540
18.522,	36.842,	0.022829,	0.001949,	241.246,	0.495
18.612,	37.019,	0.022610,	0.002389,	241.244,	0.490
18.702,	37.195,	0.022959,	0.002115,	241.242,	0.490
18.788,	37.375,	0.031681,	0.002107,	241.241,	0.500
18.886,	37.570,	0.024602,	0.002736,	241.240,	0.535
18.976,	37.746,	0.023361,	0.002839,	241.237,	0.490
19.066,	37.922,	0.023940,	0.003054,	241.235,	0.500
19.152,	38.099,	0.024331,	0.003285,	241.234,	0.490
19.242,	38.279,	0.023370,	0.001904,	241.233,	0.495
19.339,	38.473,	0.022175,	0.001904,	241.230,	0.540
19.429,	38.650,	0.022212,	0.002936,	241.228,	0.490
19.516,	38.830,	0.020514,	0.001454,	241.226,	0.500
19.606,	39.006,	0.020626,	0.002251,	241.225,	0.485
19.696,	39.186,	0.020260,	0.001732,	241.222,	0.505
19.793,	39.377,	0.017040,	0.001840,	241.220,	0.535
19.879,	39.553,	0.016990,	0.002667,	241.220,	0.490
19.969,	39.733,	0.014923,	0.001469,	241.216,	0.495
20.059,	39.910,	0.014414,	0.003057,	241.216,	0.490
20.146,	40.090,	0.013217,	0.001958,	241.214,	0.500
20.243,	40.284,	0.010197,	0.002186,	241.212,	0.540
20.333,	40.460,	0.009189,	0.002966,	241.210,	0.490
20.419,	40.637,	0.008758,	0.003059,	241.208,	0.490
20.509,	40.813,	0.005977,	0.003132,	241.207,	0.490
20.599,	40.990,	0.004293,	0.001872,	241.206,	0.495
20.696,	41.184,	0.003780,	0.002154,	241.204,	0.540
20.783,	41.364,	0.002080,	0.002176,	241.201,	0.490
20.873,	41.540,	0.001826,	0.002473,	241.199,	0.495
20.963,	41.717,	0.000997,	0.001568,	241.199,	0.490
21.049,	41.897,	-0.000378,	0.002443,	241.197,	0.500
21.146,	42.088,	-0.001244,	0.001523,	241.193,	0.535
21.236,	42.268,	-0.002610,	0.002221,	241.192,	0.500
21.326,	42.444,	-0.003241,	0.001717,	241.191,	0.490
21.413,	42.624,	-0.002984,	0.003326,	241.188,	0.495
21.503,	42.800,	-0.003428,	0.002643,	241.186,	0.495
21.600,	42.998,	-0.004785,	0.002374,	241.185,	0.545
21.690,	43.175,	-0.004496,	0.003179,	241.185,	0.490
21.776,	43.351,	-0.004788,	0.002240,	241.181,	0.490
21.866,	43.531,	-0.004428,	0.002537,	241.179,	0.500
21.956,	43.708,	-0.003705,	0.002111,	241.179,	0.490
22.054,	43.902,	-0.006567,	0.001529,	241.177,	0.540
22.144,	44.078,	-0.004153,	0.002869,	241.174,	0.490
22.230,	44.255,	-0.004222,	0.002686,	241.173,	0.495
22.320,	44.435,	-0.003006,	0.002854,	241.172,	0.495
22.410,	44.611,	-0.003192,	0.002400,	241.171,	0.490
22.507,	44.809,	-0.004508,	0.001435,	241.168,	0.550
22.594,	44.986,	-0.002530,	0.002561,	241.166,	0.490
22.684,	45.162,	-0.003135,	0.003070,	241.165,	0.490
22.774,	45.342,	-0.001878,	0.001398,	241.163,	0.500
22.860,	45.518,	-0.001433,	0.002734,	241.159,	0.490
22.957,	45.713,	-0.000067,	0.002171,	241.158,	0.545
23.047,	45.889,	0.000012,	0.003238,	241.157,	0.490
23.137,	46.069,	0.001721,	0.003434,	241.154,	0.495
23.224,	46.246,	0.001207,	0.002893,	241.152,	0.495
23.314,	46.426,	0.001344,	0.002796,	241.151,	0.495
23.411,	46.620,	0.000874,	0.002329,	241.150,	0.540
23.501,	46.796,	0.001517,	0.001646,	241.147,	0.490
23.587,	46.973,	0.002418,	0.003128,	241.146,	0.490
23.677,	47.153,	0.002125,	0.002596,	241.144,	0.500
23.767,	47.329,	0.002785,	0.002589,	241.143,	0.490
23.857,	47.509,	0.002137,	0.001639,	241.142,	0.500
23.954,	47.700,	0.001384,	0.001949,	241.139,	0.535
24.041,	47.876,	0.002444,	0.001820,	241.138,	0.490
24.131,	48.056,	0.002177,	0.002507,	241.137,	0.500
24.221,	48.236,	0.002050,	0.002387,	241.134,	0.495
24.307,	48.413,	0.001163,	0.002572,	241.132,	0.495
24.404,	48.607,	0.000594,	0.001288,	241.130,	0.535
24.494,	48.784,	0.001915,	0.001689,	241.129,	0.490
24.584,	48.964,	0.001932,	0.003046,	241.126,	0.500
24.671,	49.140,	-0.000115,	0.002871,	241.125,	0.490
24.761,	49.316,	-0.000221,	0.003078,	241.124,	0.495
24.858,	49.511,	-0.000452,	0.002307,	241.123,	0.540
24.948,	49.687,	-0.000963,	0.002236,	241.120,	0.495
25.038,	49.867,	-0.000934,	0.003261,	241.119,	0.495
25.124,	50.044,	-0.000343,	0.001913,	241.117,	0.490
25.214,	50.224,	-0.001949,	0.001801,	241.114,	0.500
25.312,	50.418,	-0.003911,	0.002169,	241.111,	0.535
25.402,	50.594,	-0.003005,	0.002296,	241.111,	0.495
25.488,	50.771,	-0.003608,	0.002227,	241.108,	0.495
25.578,	50.947,	-0.004223,	0.001928,	241.107,	0.485
25.668,	51.127,	-0.004440,	0.002611,	241.105,	0.500
25.765,	51.322,	-0.002637,	0.002574,	241.104,	0.540
25.852,	51.502,	-0.004727,	0.001917,	241.103,	0.500
25.942,	51.678,	-0.004770,	0.003128,	241.101,	0.485
26.032,	51.858,	-0.006108,	0.001667,	241.099,	0.500
26.118,	52.034,	-0.005268,	0.002438,	241.098,	0.490
26.215,	52.229,	-0.006006,	0.000874,	241.096,	0.540
26.312,	52.420,	-0.006689,	0.002031,	241.092,	0.535
26.402,	52.600,	-0.005961,	0.003391,	241.092,	0.500
26.492,	52.776,	-0.006925,	0.001898,	241.090,	0.490
26.579,	52.956,	-0.006661,	0.002818,	241.088,	0.500
26.669,	53.132,	-0.006583,	0.002451,	241.087,	0.490
26.766,	53.330,	-0.007138,	0.002107,	241.084,	0.550
26.856,	53.507,	-0.007036,	0.002986,	241.083,	0.490
26.946,	53.687,	-0.007039,	0.002537,	241.082,	0.495
27.032,	53.863,	-0.006574,	0.002574,	241.078,	0.490
27.122,	54.040,	-0.006504,	0.003528,	241.077,	0.495
27.220,	54.234,	-0.007444,	0.001891,	241.076,	0.540
27.310,	54.410,	-0.007137,	0.002076,	241.075,	0.495
27.396,	54.590,	-0.007288,	0.003126,	241.071,	0.495
27.486,	54.767,	-0.006467,	0.002783,	241.070,	0.490
27.576,	54.947,	-0.006284,	0.002479,	241.070,	0.500
27.673,	55.141,	-0.006757,	0.001995,	241.068,	0.540
27.760,	55.318,	-0.006573,	0.003291,	241.064,	0.490
27.850,	55.494,	-0.006559,	0.003119,	241.063,	0.490
27.940,	55.674,	-0.005805,	0.002173,	241.061,	0.495
28.030,	55.850,	-0.005213,	0.002729,	241.060,	0.495
28.127,	56.045,	-0.006637,	0.001531,	241.058,	0.540
28.213,	56.221,	-0.005469,	0.000857,	241.056,	0.495
28.303,	56.401,	-0.003870,	0.002805,	241.055,	0.495
28.393,	56.578,	-0.004148,	0.002264,	241.052,	0.490
28.480,	56.758,	-0.004375,	0.003029,	241.050,	0.500
28.577,	56.952,	-0.005106,	0.002249,	241.049,	0.540
28.667,	57.128,	-0.004037,	0.003509,	241.048,	0.490
28.757,	57.308,	-0.003508,	0.001973,	241.044,	0.500
28.843,	57.485,	-0.003922,	0.003240,	241.043,	0.485
28.933,	57.661,	-0.003158,	0.002251,	241.042,	0.495
29.030,	57.856,	-0.004673,	0.001766,	241.040,	0.540
29.120,	58.032,	-0.003757,	0.002960,	241.037,	0.495
29.207,	58.212,	-0.003805,	0.002348,	241.036,	0.495
29.297,	58.388,	-0.002747,	0.002662,	241.035,	0.490
29.387,	58.568,	-0.003505,	0.002572,	241.033,	0.495
29.484,	58.763,	-0.002691,	0.001452,	241.030,	0.545
29.570,	58.939,	-0.002840,	0.003253,	241.029,	0.490
29.660,	59.119,	-0.002920,	0.001995,	241.028,	0.495
29.750,	59.292,	-0.002106,	0.003324,	241.026,	0.490
29.837,	59.472,	-0.002400,	0.001799,	241.024,	0.495
29.934,	59.666,	-0.002821,	0.002380,	241.023,	0.540
30.024,	59.843,	-0.002530,	0.002884,	241.021,	0.490
30.114,	60.023,	-0.003008,	0.002975,	241.019,	0.500
30.200,	60.199,	-0.004359,	0.001949,	241.016,	0.490
30.290,	60.379,	-0.002905,	0.002458,	241.014,	0.495
30.388,	60.574,	-0.000252,	0.000782,	241.013,	0.540
30.478,	60.750,	-0.001559,	0.001848,	241.012,	0.490
30.568,	60.930,	-0.002241,	0.001603,	241.009,	0.500
30.654,	61.103,	-0.003065,	0.002736,	241.008,	0.490
30.744,	61.283,	-0.003693,	0.001801,	241.007,	0.495
30.841,	61.477,	-0.004160,	0.001512,	241.005,	0.540
30.931,	61.657,	-0.004377,	0.002120,	241.002,	0.495
31.018,	61.834,	-0.003562,	0.001902,	241.000,	0.495
31.108,	62.010,	-0.007052,	0.002176,	240.999,	0.490
31.198,	62.190,	-0.009506,	0.003660,	240.998,	0.500
31.295,	62.384,	-0.008010,	0.002152,	240.995,	0.535
31.381,	62.561,	-0.006984,	0.002587,	240.993,	0.490
31.471,	62.741,	-0.008423,	0.002802,	240.992,	0.500
31.561,	62.914,	-0.010095,	0.003675,	240.990,	0.490
31.648,	63.094,	-0.007742,	0.002316,	240.989,	0.495
31.748,	63.288,	-0.006885,	0.002296,	240.988,	0.540
31.835,	63.464,	-0.007694,	0.002180,	240.986,	0.490
31.925,	63.644,	-0.006952,	0.001596,	240.983,	0.500
32.011,	63.821,	-0.007736,	0.002942,	240.983,	0.490
32.101,	64.001,	-0.008090,	0.002281,	240.980,	0.500
32.198,	64.195,	-0.007688,	0.002212,	240.979,	0.535
32.288,	64.372,	-0.007789,	0.001809,	240.976,	0.495
32.378,	64.548,	-0.006664,	0.002204,	240.975,	0.490
32.465,	64.724,	-0.007682,	0.002712,	240.974,	0.495
32.555,	64.904,	-0.010223,	0.001995,	240.972,	0.495
32.652,	65.099,	-0.010174,	0.001452,	240.968,	0.540
32.742,	65.279,	-0.007587,	0.002341,	240.967,	0.500
32.828,	65.455,	-0.008543,	0.001639,	240.965,	0.490
32.918,	65.632,	-0.008518,	0.002283,	240.964,	0.490
33.008,	65.812,	-0.008038,	0.002374,	240.961,	0.500
33.106,	66.006,	-0.008191,	0.002143,	240.961,	0.535
33.196,	66.182,	-0.006641,	0.002858,	240.958,	0.500
33.282,	66.359,	-0.007622,	0.002087,	240.958,	0.485
33.372,	66.535,	-0.007488,	0.003050,	240.954,	0.495
33.462,	66.715,	-0.006733,	0.002264,	240.953,	0.500
33.559,	66.910,	-0.007621,	0.001426,	240.952,	0.535
33.646,	67.090,	-0.006625,	0.002245,	240.950,	0.495
33.736,	67.266,	-0.006844,	0.002749,	240.948,	0.495
33.822,	67.442,	-0.006484,	0.002320,	240.946,	0.490
33.912,	67.622,	-0.005817,	0.003255,	240.945,	0.495
34.009,	67.813,	-0.007315,	0.001383,	240.944,	0.540
34.099,	67.993,	-0.006676,	0.003007,	240.940,	0.490
34.189,	68.170,	-0.005786,	0.003345,	240.939,	0.495
34.276,	68.346,	-0.006785,	0.002729,	240.936,	0.495
34.366,	68.526,	-0.006139,	0.002759,	240.935,	0.495
34.463,	68.720,	-0.006911,	0.002350,	240.933,	0.540
34.553,	68.900,	-0.006581,	0.002578,	240.931,	0.495
34.639,	69.077,	-0.005762,	0.002285,	240.930,	0.490
34.729,	69.253,	-0.006622,	0.002867,	240.927,	0.490
34.819,	69.433,	-0.005554,	0.003319,	240.926,	0.500
34.916,	69.624,	-0.006124,	0.001960,	240.924,	0.540
35.003,	69.804,	-0.005652,	0.002167,	240.923,	0.495
35.093,	69.980,	-0.006229,	0.002533,	240.921,	0.495
35.183,	70.157,	-0.006338,	0.003147,	240.919,	0.490
35.269,	70.337,	-0.006279,	0.002561,	240.917,	0.495
35.366,	70.531,	-0.006188,	0.001936,	240.916,	0.540
35.456,	70.708,	-0.005889,	0.001430,	240.914,	0.490
35.546,	70.888,	-0.005776,	0.002449,	240.913,	0.495
35.633,	71.064,	-0.006089,	0.002766,	240.912,	0.495
35.723,	71.240,	-0.005549,	0.003212,	240.910,	0.490
35.820,	71.435,	-0.006365,	0.001777,	240.906,	0.540
35.910,	71.615,	-0.005982,	0.002376,	240.906,	0.500
36.000,	71.791,	-0.005934,	0.002283,	240.904,	0.490
36.086,	71.971,	-0.005959,	0.002581,	240.902,	0.495
36.176,	72.148,	-0.005070,	0.004127,	240.899,	0.495
36.274,	72.342,	-0.006454,	0.000989,	240.898,	0.535
36.364,	72.518,	-0.006135,	0.002350,	240.896,	0.495
36.450,	72.698,	-0.006333,	0.001424,	240.895,	0.500
36.540,	72.875,	-0.006608,	0.002199,	240.893,	0.485
36.630,	73.051,	-0.006442,	0.001917,	240.891,	0.495
36.727,	73.246,	-0.006866,	0.001538,	240.889,	0.545
36.814,	73.426,	-0.006356,	0.002156,	240.889,	0.495
36.904,	73.602,	-0.007101,	0.003091,	240.886,	0.490
36.994,	73.778,	-0.006351,	0.002753,	240.884,	0.490
37.080,	73.958,	-0.006959,	0.001419,	240.882,	0.500
37.177,	74.153,	-0.006803,	0.002497,	240.881,	0.540
37.267,	74.333,	-0.006285,	0.001803,	240.878,	0.500
37.357,	74.509,	-0.006913,	0.001426,	240.876,	0.490
37.447,	74.686,	-0.007138,	0.002352,	240.875,	0.490
37.534,	74.862,	-0.006697,	0.001915,	240.873,	0.495
37.631,	75.056,	-0.006629,	0.001241,	240.871,	0.535
37.721,	75.236,	-0.006600,	0.002699,	240.868,	0.500
37.811,	75.413,	-0.007302,	0.002122,	240.868,	0.490
37.897,	75.593,	-0.007401,	0.004231,	240.864,	0.500
37.987,	75.769,	-0.007615,	0.002152,	240.863,	0.490
38.084,	75.964,	-0.007010,	0.001868,	240.861,	0.535
38.174,	76.144,	-0.006968,	0.002899,	240.859,	0.505
38.261,	76.320,	-0.007537,	0.001992,	240.857,	0.485
38.351,	76.496,	-0.006869,	0.003490,	240.856,	0.500
38.441,	76.673,	-0.007000,	0.003080,	240.855,	0.490
38.538,	76.871,	-0.007463,	0.002163,	240.853,	0.550
38.628,	77.047,	-0.006638,	0.003464,	240.850,	0.490
38.714,	77.227,	-0.006807,	0.002046,	240.848,	0.495
38.804,	77.404,	-0.008081,	0.003067,	240.847,	0.495
38.894,	77.584,	-0.007481,	0.001831,	240.845,	0.490
38.992,	77.778,	-0.007860,	0.002281,	240.843,	0.545
39.082,	77.954,	-0.007332,	0.002443,	240.842,	0.490
39.168,	78.134,	-0.007049,	0.002169,	240.841,	0.500
39.258,	78.311,	-0.006468,	0.002677,	240.840,	0.490
39.348,	78.491,	-0.006344,	0.003048,	240.837,	0.500
39.445,	78.682,	-0.006942,	0.001409,	240.836,	0.535
39.532,	78.862,	-0.006422,	0.003067,	240.833,	0.490
39.622,	79.038,	-0.005969,	0.002449,	240.832,	0.500
39.712,	79.214,	-0.006491,	0.002156,	240.829,	0.490
39.798,	79.394,	-0.005895,	0.003602,	240.828,	0.495
39.895,	79.589,	-0.006752,	0.002662,	240.826,	0.540
