Smpl, Det, sig,    mon,    Ring,  sec
#lmd,   E,  HOYAX,  Y,  Smpl,  Det, AGC X, Y, Smpl, Det, ppsSmpl, ppsDet
#6.65010,	186.4397,	57.000,	22.000,	4.300,	30.000,	27.600,	4.500,	69.930,	139.651,100,100

69.872,	139.540,	0.000669,	-0.000390,	278.833,	37.450
69.966,	139.734,	-0.002681,	0.001943,	278.831,	0.540
70.056,	139.914,	-0.002322,	0.003414,	278.826,	0.500
70.146,	140.090,	-0.002878,	0.002318,	278.825,	0.490
70.236,	140.267,	-0.002938,	0.003244,	278.823,	0.490
70.322,	140.447,	-0.002157,	0.002201,	278.821,	0.495
70.420,	140.638,	-0.005007,	0.002087,	278.817,	0.535
70.510,	140.818,	-0.003548,	0.001547,	278.815,	0.500
70.600,	140.994,	-0.003906,	0.001383,	278.814,	0.490
70.686,	141.174,	-0.002642,	0.002477,	278.811,	0.500
70.776,	141.350,	-0.003652,	0.002507,	278.807,	0.490
70.873,	141.545,	-0.004479,	0.001999,	278.805,	0.540
70.963,	141.725,	-0.003352,	0.003102,	278.804,	0.500
71.050,	141.901,	-0.003701,	0.001779,	278.802,	0.485
71.140,	142.078,	-0.002245,	0.001385,	278.797,	0.495
71.230,	142.254,	-0.002134,	0.001221,	278.796,	0.495
71.327,	142.448,	-0.002325,	0.001945,	278.795,	0.535
71.413,	142.628,	-0.000776,	0.002245,	278.790,	0.500
71.503,	142.805,	-0.000952,	0.002331,	278.789,	0.490
71.593,	142.985,	-0.000713,	0.002678,	278.787,	0.500
71.683,	143.161,	-0.000657,	0.002658,	278.786,	0.490
71.777,	143.356,	-0.000097,	0.002923,	278.783,	0.540
71.867,	143.536,	-0.000262,	0.003649,	278.780,	0.495
71.957,	143.712,	-0.001305,	0.002606,	278.779,	0.495
72.047,	143.892,	-0.001877,	0.002490,	278.775,	0.495
72.133,	144.068,	-0.001447,	0.002914,	278.774,	0.490
72.230,	144.263,	-0.002645,	0.001480,	278.771,	0.545
72.320,	144.439,	-0.003164,	0.002290,	278.767,	0.490
72.410,	144.619,	-0.003077,	0.002296,	278.765,	0.500
72.500,	144.796,	-0.002504,	0.002326,	278.762,	0.495
72.587,	144.976,	-0.003960,	0.002945,	278.761,	0.490
72.684,	145.170,	-0.004667,	0.001863,	278.758,	0.540
72.774,	145.346,	-0.003837,	0.002867,	278.757,	0.490
72.864,	145.523,	-0.004093,	0.001559,	278.753,	0.495
72.950,	145.703,	-0.004612,	0.002389,	278.752,	0.500
73.040,	145.879,	-0.004056,	0.001600,	278.749,	0.490
73.138,	146.074,	-0.003847,	0.001799,	278.748,	0.540
73.228,	146.250,	-0.003422,	0.002626,	278.745,	0.490
73.318,	146.430,	-0.003940,	0.002122,	278.742,	0.500
73.404,	146.606,	-0.003393,	0.002313,	278.739,	0.490
73.494,	146.786,	-0.001100,	0.001699,	278.738,	0.500
73.591,	146.981,	-0.001428,	0.001790,	278.733,	0.540
73.678,	147.157,	-0.000270,	0.003246,	278.731,	0.485
73.768,	147.337,	-0.000123,	0.002665,	278.730,	0.505
73.858,	147.514,	0.001364,	0.002229,	278.728,	0.485
73.948,	147.690,	0.001116,	0.001441,	278.725,	0.495
74.034,	147.866,	0.001390,	0.002662,	278.723,	0.495
74.131,	148.061,	0.001041,	0.001600,	278.721,	0.540
74.221,	148.241,	0.001821,	0.003173,	278.716,	0.500
74.311,	148.417,	0.001144,	0.002634,	278.715,	0.485
74.398,	148.597,	0.001832,	0.002768,	278.713,	0.500
74.488,	148.774,	0.000880,	0.002391,	278.710,	0.490
74.585,	148.968,	-0.000384,	0.001426,	278.709,	0.535
74.675,	149.148,	-0.000567,	0.003649,	278.705,	0.500
74.761,	149.324,	-0.001013,	0.002865,	278.703,	0.490
74.851,	149.504,	-0.001780,	0.002630,	278.702,	0.500
74.941,	149.677,	-0.002402,	0.001952,	278.700,	0.490
75.038,	149.872,	-0.003363,	0.002137,	278.696,	0.540
75.125,	150.052,	-0.003239,	0.002460,	278.694,	0.495
75.215,	150.228,	-0.003808,	0.002257,	278.692,	0.490
75.305,	150.408,	-0.003991,	0.003156,	278.688,	0.495
75.391,	150.584,	-0.004586,	0.002846,	278.686,	0.495
75.488,	150.779,	-0.006061,	0.001129,	278.684,	0.535
75.578,	150.959,	-0.004003,	0.002783,	278.682,	0.500
75.668,	151.135,	-0.003274,	0.002714,	278.680,	0.490
75.758,	151.315,	-0.003196,	0.002232,	278.678,	0.500
75.845,	151.488,	-0.000947,	0.001676,	278.675,	0.490
75.942,	151.682,	-0.001420,	0.002695,	278.672,	0.540
76.032,	151.862,	0.000355,	0.002960,	278.669,	0.495
76.122,	152.039,	0.000752,	0.002223,	278.667,	0.490
76.208,	152.219,	0.002649,	0.003789,	278.666,	0.495
76.298,	152.395,	0.002783,	0.001872,	278.665,	0.490
76.396,	152.590,	0.004066,	0.001344,	278.660,	0.545
76.486,	152.766,	0.004153,	0.001902,	278.657,	0.490
76.572,	152.946,	0.006571,	0.001288,	278.656,	0.495
76.662,	153.122,	0.006488,	0.002846,	278.654,	0.495
76.752,	153.299,	0.007482,	0.002059,	278.651,	0.495
76.849,	153.497,	0.007382,	0.002490,	278.650,	0.540
76.936,	153.673,	0.009259,	0.002682,	278.648,	0.495
77.026,	153.850,	0.008968,	0.002104,	278.646,	0.490
77.116,	154.030,	0.009245,	0.002085,	278.643,	0.500
77.202,	154.206,	0.009907,	0.002727,	278.640,	0.490
77.292,	154.386,	0.008430,	0.001376,	278.638,	0.500
77.389,	154.580,	0.006915,	0.002469,	278.635,	0.535
77.479,	154.757,	0.007786,	0.003880,	278.631,	0.495
77.569,	154.933,	0.007340,	0.001932,	278.630,	0.490
77.656,	155.110,	0.005917,	0.001695,	278.627,	0.495
77.746,	155.290,	0.004769,	0.002602,	278.625,	0.500
77.843,	155.484,	0.003577,	0.002878,	278.622,	0.535
77.933,	155.660,	0.002616,	0.001594,	278.620,	0.490
78.019,	155.840,	0.001553,	0.002044,	278.619,	0.500
78.109,	156.017,	0.001222,	0.003014,	278.614,	0.485
78.199,	156.193,	-0.000065,	0.002712,	278.613,	0.495
78.296,	156.388,	-0.002012,	0.002322,	278.610,	0.545
78.383,	156.568,	-0.000628,	0.003005,	278.609,	0.495
78.473,	156.744,	-0.002042,	0.003638,	278.605,	0.490
78.563,	156.920,	-0.003551,	0.003167,	278.604,	0.490
78.649,	157.100,	-0.002563,	0.002839,	278.602,	0.500
78.746,	157.295,	-0.003279,	0.002003,	278.601,	0.540
78.836,	157.475,	-0.001592,	0.002863,	278.596,	0.495
78.926,	157.651,	-0.000458,	0.003001,	278.594,	0.495
79.013,	157.828,	0.000641,	0.002008,	278.592,	0.490
79.103,	158.008,	0.001259,	0.002208,	278.590,	0.495
79.200,	158.198,	0.002713,	0.002158,	278.586,	0.540
79.290,	158.378,	0.003750,	0.002682,	278.584,	0.490
79.380,	158.555,	0.005685,	0.002893,	278.582,	0.500
79.466,	158.731,	0.007809,	0.002714,	278.580,	0.490
79.556,	158.911,	0.010334,	0.002753,	278.577,	0.495
79.646,	159.088,	0.012421,	0.002945,	278.574,	0.490
79.744,	159.282,	0.013708,	0.002307,	278.574,	0.545
79.830,	159.462,	0.016035,	0.002421,	278.571,	0.495
79.920,	159.638,	0.018513,	0.002908,	278.567,	0.490
80.010,	159.818,	0.020787,	0.002796,	278.566,	0.495
80.096,	159.995,	0.023271,	0.002333,	278.565,	0.495
80.194,	160.189,	0.024192,	0.002238,	278.563,	0.540
80.284,	160.366,	0.027650,	0.001327,	278.558,	0.495
80.374,	160.546,	0.027454,	0.003309,	278.556,	0.490
80.464,	160.722,	0.029922,	0.001631,	278.555,	0.495
80.550,	160.902,	0.031469,	0.002436,	278.552,	0.500
80.647,	161.093,	0.032318,	0.002081,	278.551,	0.530
80.737,	161.273,	0.034152,	0.002740,	278.548,	0.500
80.827,	161.449,	0.034035,	0.003074,	278.546,	0.490
80.914,	161.629,	0.035253,	0.002494,	278.544,	0.495
81.004,	161.806,	0.035275,	0.001846,	278.541,	0.495
81.101,	162.000,	0.034442,	0.001238,	278.539,	0.540
81.191,	162.176,	0.034628,	0.002766,	278.537,	0.490
81.277,	162.356,	0.033709,	0.002290,	278.533,	0.500
81.367,	162.533,	0.032643,	0.003434,	278.530,	0.490
81.457,	162.713,	0.032313,	0.003537,	278.528,	0.500
81.554,	162.907,	0.030419,	0.000857,	278.526,	0.540
81.641,	163.084,	0.029978,	0.002163,	278.523,	0.490
81.731,	163.260,	0.029044,	0.003311,	278.520,	0.490
81.821,	163.436,	0.026333,	0.002768,	278.518,	0.495
81.907,	163.616,	0.025312,	0.002505,	278.516,	0.500
82.004,	163.811,	0.021793,	0.002796,	278.513,	0.535
82.094,	163.987,	0.021707,	0.001857,	278.511,	0.490
82.184,	164.167,	0.020742,	0.002359,	278.510,	0.500
82.271,	164.344,	0.017900,	0.002359,	278.508,	0.490
82.361,	164.524,	0.015034,	0.003132,	278.506,	0.500
82.458,	164.718,	0.013772,	0.001413,	278.502,	0.540
82.548,	164.894,	0.012577,	0.002348,	278.499,	0.490
82.638,	165.071,	0.010575,	0.002555,	278.498,	0.495
82.724,	165.247,	0.009252,	0.002675,	278.494,	0.490
82.814,	165.427,	0.008923,	0.001730,	278.493,	0.500
82.904,	165.604,	0.007378,	0.002587,	278.490,	0.490
83.002,	165.798,	0.006220,	0.001900,	278.488,	0.540
83.088,	165.978,	0.005202,	0.001930,	278.485,	0.500
83.178,	166.154,	-0.001608,	0.002469,	278.483,	0.485
83.268,	166.331,	-0.003339,	0.003074,	278.481,	0.495
83.354,	166.511,	-0.003791,	0.002934,	278.479,	0.495
83.452,	166.705,	-0.003121,	0.002725,	278.476,	0.540
83.542,	166.885,	-0.001877,	0.002781,	278.474,	0.500
83.632,	167.058,	-0.003863,	0.002966,	278.472,	0.485
83.718,	167.238,	-0.006034,	0.002481,	278.470,	0.500
83.808,	167.414,	-0.006717,	0.002010,	278.466,	0.490
83.905,	167.609,	-0.008105,	0.001768,	278.465,	0.540
83.995,	167.789,	-0.006549,	0.003044,	278.462,	0.500
84.082,	167.965,	-0.002916,	0.001656,	278.461,	0.485
84.172,	168.145,	-0.006206,	0.002925,	278.456,	0.500
84.262,	168.322,	-0.006897,	0.002294,	278.456,	0.490
84.359,	168.516,	-0.007224,	0.002490,	278.454,	0.540
84.449,	168.692,	-0.006272,	0.001740,	278.450,	0.495
84.535,	168.869,	0.006040,	0.001857,	278.448,	0.490
84.625,	169.049,	0.013544,	0.002046,	278.447,	0.495
84.715,	169.225,	0.014890,	0.002634,	278.445,	0.495
84.812,	169.420,	0.041291,	0.001060,	278.442,	0.540
84.899,	169.600,	0.056193,	0.002292,	278.440,	0.500
84.989,	169.776,	0.062168,	0.002413,	278.437,	0.485
85.079,	169.956,	0.067323,	0.002690,	278.435,	0.500
85.165,	170.132,	0.073155,	0.002352,	278.433,	0.490
85.262,	170.323,	0.061743,	0.001833,	278.429,	0.535
85.352,	170.503,	-0.003294,	0.002499,	278.427,	0.500
85.442,	170.680,	-0.005559,	0.002565,	278.425,	0.490
85.532,	170.860,	-0.006186,	0.002458,	278.422,	0.500
85.619,	171.036,	-0.005765,	0.001805,	278.420,	0.490
85.716,	171.230,	-0.006713,	0.002346,	278.419,	0.540
85.806,	171.410,	-0.005897,	0.002242,	278.417,	0.495
85.892,	171.587,	-0.006961,	0.001775,	278.412,	0.490
85.982,	171.767,	-0.006104,	0.001885,	278.412,	0.500
86.072,	171.943,	-0.005492,	0.002490,	278.410,	0.490
86.170,	172.138,	-0.006814,	0.002238,	278.407,	0.540
86.260,	172.314,	-0.006648,	0.002469,	278.402,	0.495
86.346,	172.490,	-0.006561,	0.003358,	278.402,	0.490
86.436,	172.670,	-0.006641,	0.001883,	278.399,	0.500
86.526,	172.847,	-0.006383,	0.002945,	278.398,	0.490
86.623,	173.045,	-0.007207,	0.002337,	278.393,	0.545
86.710,	173.221,	-0.006884,	0.002061,	278.392,	0.490
86.800,	173.398,	-0.006807,	0.003160,	278.390,	0.490
86.890,	173.574,	-0.006283,	0.002734,	278.387,	0.495
86.976,	173.754,	-0.007056,	0.001964,	278.383,	0.495
87.073,	173.948,	-0.006736,	0.001969,	278.382,	0.545
87.170,	174.143,	-0.006328,	0.001691,	278.381,	0.535
87.260,	174.319,	-0.005494,	0.002678,	278.377,	0.495
87.350,	174.499,	-0.006398,	0.001805,	278.375,	0.495
87.437,	174.676,	-0.005751,	0.002520,	278.372,	0.490
87.527,	174.852,	-0.004607,	0.002273,	278.371,	0.495
87.624,	175.046,	-0.006823,	0.001077,	278.367,	0.540
87.714,	175.226,	-0.005195,	0.001831,	278.365,	0.495
87.800,	175.403,	-0.003557,	0.002522,	278.363,	0.495
87.890,	175.579,	-0.003463,	0.003132,	278.361,	0.490
87.980,	175.759,	-0.004899,	0.003123,	278.358,	0.500
88.078,	175.954,	-0.006763,	0.001824,	278.356,	0.540
88.164,	176.130,	-0.006890,	0.001796,	278.352,	0.490
88.254,	176.306,	-0.005897,	0.002369,	278.352,	0.490
88.344,	176.486,	-0.004866,	0.002667,	278.348,	0.495
88.434,	176.663,	-0.005736,	0.002572,	278.346,	0.495
88.531,	176.857,	-0.004202,	0.002619,	278.344,	0.540
88.618,	177.037,	-0.003315,	0.002613,	278.343,	0.495
88.708,	177.214,	-0.004312,	0.001460,	278.339,	0.495
88.798,	177.390,	-0.003803,	0.002268,	278.337,	0.490
88.884,	177.570,	-0.005359,	0.002253,	278.334,	0.500
88.985,	177.764,	-0.006121,	0.001454,	278.333,	0.540
89.071,	177.944,	-0.004603,	0.002710,	278.330,	0.495
89.161,	178.121,	-0.004524,	0.002344,	278.328,	0.495
89.251,	178.301,	-0.006046,	0.002628,	278.326,	0.495
89.338,	178.477,	-0.004506,	0.002938,	278.324,	0.490
89.435,	178.672,	-0.005228,	0.001924,	278.319,	0.540
89.525,	178.848,	-0.007132,	0.003177,	278.318,	0.495
89.615,	179.028,	-0.006315,	0.000842,	278.317,	0.495
89.701,	179.204,	-0.005799,	0.002236,	278.312,	0.490
89.791,	179.381,	-0.006770,	0.001926,	278.311,	0.495
89.888,	179.575,	-0.007555,	0.000862,	278.309,	0.540
