Num, Lmd, sig,    mon,    Ring,  sec
#lmd,   E,  HOYAX,  Y,  Smpl,  Det, AGC X, Y, Smpl, Det
#6.70015,	185.0470,	57.000,	22.000,	4.300,	30.000,	0.000,	-76.000,	-0.068,	-0.346

1,	6.70015,	6.919863,	-0.003527,	254.848,	127.045
2,	6.70015,	6.918810,	-0.000353,	254.846,	0.545
3,	6.70015,	6.918019,	-0.000104,	254.844,	0.500
4,	6.70015,	6.916833,	0.000032,	254.841,	0.500
5,	6.70015,	6.918979,	0.000213,	254.840,	0.505
6,	6.70015,	6.918636,	-0.000916,	254.838,	0.500
7,	6.70015,	6.918289,	0.000142,	254.836,	0.550
8,	6.70011,	6.917266,	-0.000873,	254.833,	0.500
9,	6.70015,	6.916798,	0.000140,	254.833,	0.500
10,	6.70015,	6.918192,	0.000549,	254.831,	0.500
11,	6.70015,	6.918742,	-0.000416,	254.829,	0.500
12,	6.70015,	6.918327,	-0.000491,	254.827,	0.550
13,	6.70015,	6.917123,	-0.000599,	254.825,	0.505
14,	6.70015,	6.919627,	0.000267,	254.823,	0.495
15,	6.70015,	6.918643,	0.000689,	254.822,	0.505
16,	6.70015,	6.916859,	0.000082,	254.819,	0.500
17,	6.70015,	6.915709,	0.000235,	254.818,	0.550
18,	6.70015,	6.918025,	-0.001107,	254.815,	0.495
19,	6.70015,	6.918055,	-0.000599,	254.813,	0.505
20,	6.70015,	6.915870,	-0.000155,	254.811,	0.505
21,	6.70015,	6.919803,	0.000060,	254.810,	0.505
22,	6.70015,	6.919299,	-0.000220,	254.806,	0.545
23,	6.70015,	6.917751,	0.000444,	254.806,	0.500
24,	6.70015,	6.917476,	0.000790,	254.803,	0.500
25,	6.70015,	6.917229,	-0.000039,	254.801,	0.505
26,	6.70015,	6.916600,	0.000674,	254.799,	0.500
27,	6.70015,	6.917715,	0.000325,	254.797,	0.550
28,	6.70011,	6.918618,	0.000780,	254.796,	0.495
29,	6.70015,	6.916200,	0.000316,	254.793,	0.505
30,	6.70015,	6.917950,	0.000189,	254.791,	0.500
31,	6.70015,	6.915359,	-0.001155,	254.789,	0.500
32,	6.70015,	6.916071,	0.000418,	254.787,	0.495
33,	6.70015,	6.917613,	0.000245,	254.785,	0.555
34,	6.70015,	6.916998,	-0.000724,	254.783,	0.495
35,	6.70015,	6.916872,	-0.000287,	254.781,	0.505
36,	6.70015,	6.916534,	-0.001103,	254.778,	0.495
37,	6.70015,	6.916840,	0.000336,	254.777,	0.500
38,	6.70015,	6.917940,	-0.000705,	254.775,	0.550
39,	6.70015,	6.917841,	-0.000720,	254.773,	0.550
40,	6.70015,	6.918342,	-0.001224,	254.770,	0.550
41,	6.70015,	6.916049,	0.000310,	254.768,	0.500
42,	6.70015,	6.916153,	-0.000558,	254.766,	0.500
43,	6.70015,	6.916485,	0.000049,	254.764,	0.505
44,	6.70015,	6.917402,	-0.000873,	254.763,	0.495
45,	6.70015,	6.915306,	-0.001362,	254.761,	0.550
46,	6.70011,	6.918136,	0.000721,	254.757,	0.500
47,	6.70015,	6.914647,	0.000082,	254.756,	0.505
48,	6.70015,	6.915917,	-0.000379,	254.755,	0.495
49,	6.70015,	6.915513,	-0.000136,	254.754,	0.500
50,	6.70015,	6.916832,	0.000741,	254.751,	0.500
51,	6.70015,	6.915995,	0.000280,	254.748,	0.550
52,	6.70015,	6.916073,	-0.000002,	254.747,	0.500
53,	6.70015,	6.916851,	-0.000556,	254.746,	0.505
54,	6.70015,	6.914854,	0.000463,	254.742,	0.495
55,	6.70015,	6.916943,	0.000797,	254.740,	0.500
56,	6.70015,	6.915927,	0.000487,	254.739,	0.550
57,	6.70015,	6.917705,	0.000752,	254.736,	0.500
58,	6.70015,	6.914791,	-0.000207,	254.734,	0.500
59,	6.70015,	6.914047,	0.001019,	254.733,	0.505
60,	6.70015,	6.914901,	0.000913,	254.732,	0.500
61,	6.70015,	6.915446,	-0.000506,	254.728,	0.550
62,	6.70015,	6.914062,	0.000008,	254.727,	0.495
63,	6.70015,	6.914787,	0.000101,	254.724,	0.505
64,	6.70015,	6.915794,	0.000541,	254.724,	0.500
65,	6.70015,	6.914770,	0.000558,	254.720,	0.500
66,	6.70015,	6.915660,	-0.000295,	254.718,	0.545
67,	6.70015,	6.914570,	-0.000028,	254.716,	0.555
68,	6.70015,	6.916244,	-0.001051,	254.712,	0.545
69,	6.70015,	6.915250,	0.000474,	254.712,	0.505
70,	6.70015,	6.913811,	0.001159,	254.711,	0.495
71,	6.70015,	6.915245,	-0.000735,	254.706,	0.505
72,	6.70015,	6.914544,	0.000401,	254.704,	0.495
73,	6.70015,	6.915157,	-0.000140,	254.704,	0.550
74,	6.70015,	6.914618,	0.000515,	254.702,	0.500
75,	6.70015,	6.913541,	-0.000789,	254.700,	0.500
76,	6.70015,	6.915196,	-0.000121,	254.697,	0.500
77,	6.70015,	6.912672,	-0.000285,	254.696,	0.500
78,	6.70015,	6.914408,	-0.001189,	254.694,	0.550
79,	6.70015,	6.913592,	-0.000758,	254.690,	0.550
80,	6.70015,	6.913867,	0.000579,	254.690,	0.505
81,	6.70015,	6.912230,	0.000006,	254.689,	0.495
82,	6.70015,	6.912077,	0.000127,	254.685,	0.505
83,	6.70015,	6.912677,	-0.000877,	254.684,	0.495
84,	6.70015,	6.914777,	-0.000998,	254.682,	0.550
85,	6.70015,	6.911180,	-0.000366,	254.678,	0.510
86,	6.70015,	6.912827,	-0.001459,	254.676,	0.495
87,	6.70015,	6.913015,	0.000062,	254.676,	0.505
88,	6.70015,	6.911416,	-0.000582,	254.674,	0.500
89,	6.70015,	6.913667,	0.001575,	254.671,	0.550
90,	6.70015,	6.912722,	-0.000369,	254.668,	0.545
91,	6.70015,	6.913108,	-0.000924,	254.667,	0.555
92,	6.70015,	6.912010,	0.000243,	254.664,	0.545
93,	6.70015,	6.911227,	-0.000011,	254.663,	0.505
94,	6.70015,	6.910970,	-0.000194,	254.661,	0.495
95,	6.70015,	6.911068,	-0.000043,	254.658,	0.500
96,	6.70015,	6.913493,	-0.000140,	254.656,	0.500
97,	6.70015,	6.912766,	-0.000702,	254.655,	0.550
98,	6.70015,	6.912068,	-0.000293,	254.653,	0.500
99,	6.70015,	6.911162,	0.000088,	254.651,	0.505
100,	6.70015,	6.911340,	0.000133,	254.648,	0.495
