Num, Lmd, sig,    mon,    Ring,  sec
#lmd,   E,  HOYAX,  Y,  Smpl,  Det, AGC X, Y, Smpl, Det
#6.50014,	190.7409,	57.000,	22.000,	4.300,	30.000,	0.000,	-76.000,	-0.068,	-0.346

1,	6.50014,	8.272946,	-0.002368,	273.551,	132.870
2,	6.50014,	8.268623,	-0.001988,	273.548,	0.550
3,	6.50014,	8.272698,	-0.000845,	273.546,	0.505
4,	6.50014,	8.272102,	-0.000164,	273.544,	0.510
5,	6.50014,	8.271299,	-0.001489,	273.542,	0.505
6,	6.50014,	8.270715,	0.000125,	273.539,	0.505
7,	6.50014,	8.271870,	-0.000748,	273.537,	0.500
8,	6.50014,	8.270789,	-0.000905,	273.535,	0.555
9,	6.50014,	8.268411,	-0.000502,	273.533,	0.555
10,	6.50014,	8.269224,	-0.000616,	273.529,	0.500
11,	6.50014,	8.270473,	0.000918,	273.528,	0.505
12,	6.50014,	8.268893,	-0.000612,	273.524,	0.505
13,	6.50014,	8.266302,	0.000241,	273.522,	0.500
14,	6.50014,	8.269873,	0.000482,	273.521,	0.550
15,	6.50014,	8.267402,	-0.000603,	273.518,	0.495
16,	6.50014,	8.270223,	0.000045,	273.516,	0.505
17,	6.50014,	8.266571,	-0.000718,	273.513,	0.500
18,	6.50014,	8.266946,	0.000062,	273.512,	0.505
19,	6.50014,	8.269861,	0.000588,	273.509,	0.500
20,	6.50014,	8.269050,	0.000226,	273.506,	0.545
21,	6.50014,	8.265417,	0.000709,	273.504,	0.550
22,	6.50014,	8.265255,	-0.000170,	273.500,	0.555
23,	6.50014,	8.263648,	0.000803,	273.498,	0.505
24,	6.50014,	8.265268,	0.000502,	273.497,	0.500
25,	6.50014,	8.264862,	-0.000472,	273.495,	0.505
26,	6.50014,	8.265277,	-0.000229,	273.491,	0.505
27,	6.50014,	8.262899,	-0.001351,	273.489,	0.550
28,	6.50014,	8.263029,	-0.000709,	273.488,	0.550
29,	6.50014,	8.263067,	-0.000455,	273.484,	0.545
30,	6.50014,	8.262527,	-0.000181,	273.483,	0.510
31,	6.50014,	8.262105,	-0.000530,	273.481,	0.505
32,	6.50014,	8.261867,	0.000024,	273.476,	0.505
33,	6.50014,	8.259722,	-0.000817,	273.475,	0.505
34,	6.50014,	8.259402,	-0.000140,	273.473,	0.550
35,	6.50014,	8.263323,	-0.000216,	273.471,	0.555
36,	6.50014,	8.264712,	-0.000168,	273.468,	0.505
37,	6.50014,	8.264938,	-0.000067,	273.465,	0.505
38,	6.50014,	8.261380,	0.000108,	273.464,	0.505
39,	6.50014,	8.263634,	-0.000946,	273.460,	0.505
40,	6.50014,	8.261916,	-0.000116,	273.458,	0.550
41,	6.50014,	8.263034,	-0.000091,	273.457,	0.505
42,	6.50014,	8.260285,	0.000618,	273.452,	0.505
43,	6.50014,	8.261349,	-0.000050,	273.450,	0.505
44,	6.50014,	8.262063,	-0.000235,	273.450,	0.505
45,	6.50014,	8.262300,	0.000448,	273.447,	0.550
46,	6.50014,	8.263032,	0.000049,	273.443,	0.545
47,	6.50014,	8.258959,	-0.000506,	273.442,	0.510
48,	6.50014,	8.259968,	-0.000442,	273.440,	0.505
49,	6.50014,	8.259308,	-0.001340,	273.436,	0.505
50,	6.50014,	8.259780,	-0.001280,	273.436,	0.505
51,	6.50014,	8.257796,	0.000381,	273.433,	0.505
52,	6.50014,	8.259868,	-0.000166,	273.430,	0.555
53,	6.50014,	8.257374,	-0.000173,	273.426,	0.550
54,	6.50014,	8.257888,	-0.001062,	273.424,	0.550
55,	6.50014,	8.258653,	-0.000104,	273.421,	0.505
56,	6.50014,	8.257436,	-0.000345,	273.418,	0.505
57,	6.50014,	8.258008,	-0.000472,	273.418,	0.505
58,	6.50014,	8.257455,	-0.000371,	273.417,	0.505
59,	6.50014,	8.255954,	0.000650,	273.412,	0.545
60,	6.50014,	8.255389,	-0.001230,	273.411,	0.550
61,	6.50014,	8.256395,	-0.000655,	273.409,	0.505
62,	6.50014,	8.254457,	0.000092,	273.405,	0.505
63,	6.50014,	8.257006,	0.000463,	273.404,	0.495
64,	6.50014,	8.253070,	-0.000282,	273.401,	0.510
65,	6.50014,	8.254249,	-0.000041,	273.399,	0.550
66,	6.50014,	8.254093,	0.000497,	273.395,	0.550
67,	6.50014,	8.256388,	-0.000610,	273.393,	0.550
68,	6.50014,	8.254871,	-0.001219,	273.392,	0.545
69,	6.50014,	8.255348,	-0.000282,	273.388,	0.550
70,	6.50014,	8.253132,	0.000196,	273.387,	0.505
71,	6.50014,	8.254919,	-0.000511,	273.385,	0.510
72,	6.50014,	8.255389,	0.000080,	273.382,	0.500
73,	6.50014,	8.255148,	0.000558,	273.380,	0.505
74,	6.50014,	8.257503,	-0.000032,	273.379,	0.550
75,	6.50014,	8.255787,	0.000125,	273.374,	0.545
76,	6.50014,	8.255499,	-0.001144,	273.372,	0.560
77,	6.50014,	8.254493,	-0.000776,	273.371,	0.505
78,	6.50014,	8.254925,	-0.000304,	273.367,	0.500
79,	6.50014,	8.254662,	-0.000310,	273.366,	0.505
80,	6.50014,	8.252957,	0.000390,	273.363,	0.505
81,	6.50014,	8.255866,	-0.000875,	273.361,	0.505
82,	6.50014,	8.256491,	-0.000918,	273.358,	0.560
83,	6.50014,	8.252818,	0.000347,	273.356,	0.545
84,	6.50014,	8.257950,	-0.000814,	273.354,	0.505
85,	6.50014,	8.254467,	-0.000319,	273.350,	0.505
86,	6.50014,	8.255744,	-0.000407,	273.349,	0.505
87,	6.50014,	8.255346,	0.000252,	273.347,	0.505
88,	6.50014,	8.255363,	-0.000709,	273.345,	0.505
89,	6.50014,	8.254450,	-0.000211,	273.341,	0.550
90,	6.50014,	8.254507,	0.000732,	273.340,	0.545
91,	6.50014,	8.253767,	-0.000715,	273.337,	0.505
92,	6.50014,	8.255929,	-0.000110,	273.334,	0.505
93,	6.50014,	8.255227,	-0.000300,	273.332,	0.505
94,	6.50014,	8.256712,	-0.000353,	273.331,	0.505
95,	6.50014,	8.256362,	-0.000220,	273.327,	0.550
96,	6.50014,	8.255720,	-0.000300,	273.326,	0.550
97,	6.50014,	8.257304,	-0.000720,	273.324,	0.545
98,	6.50014,	8.256174,	-0.000565,	273.320,	0.500
99,	6.50014,	8.255155,	-0.000726,	273.318,	0.500
100,	6.50014,	8.256408,	0.000342,	273.315,	0.510
