Num, Lmd, sig,    mon,    Ring,  sec
#lmd,   E,  HOYAX,  Y,  Smpl,  Det, AGC X, Y, Smpl, Det
#6.50014,	190.7409,	57.000,	22.000,	4.300,	30.000,	0.000,	-76.000,	-0.068,	-0.346

1,	6.50014,	7.920605,	-0.003135,	262.126,	125.885
2,	6.50014,	7.915862,	-0.000297,	262.121,	0.555
3,	6.50014,	7.916593,	-0.000244,	262.119,	0.545
4,	6.50014,	7.915964,	-0.000427,	262.118,	0.555
5,	6.50010,	7.916714,	0.000918,	262.115,	0.505
6,	6.50014,	7.917097,	0.000500,	262.113,	0.495
7,	6.50014,	7.919684,	-0.000198,	262.111,	0.505
8,	6.50014,	7.920416,	0.000323,	262.109,	0.505
9,	6.50014,	7.920224,	-0.000160,	262.107,	0.550
10,	6.50014,	7.922042,	-0.000679,	262.105,	0.555
11,	6.50014,	7.919958,	-0.000679,	262.103,	0.550
12,	6.50014,	7.919824,	-0.000830,	262.100,	0.505
13,	6.50014,	7.920352,	-0.000597,	262.098,	0.505
14,	6.50014,	7.920750,	-0.000325,	262.097,	0.505
15,	6.50014,	7.919722,	-0.000183,	262.094,	0.505
16,	6.50014,	7.922630,	-0.000474,	262.092,	0.555
17,	6.50014,	7.924841,	-0.000155,	262.091,	0.500
18,	6.50014,	7.922280,	0.000754,	262.086,	0.505
19,	6.50014,	7.924143,	0.000353,	262.085,	0.505
20,	6.50014,	7.923729,	0.000370,	262.084,	0.505
21,	6.50014,	7.925181,	-0.000515,	262.082,	0.555
22,	6.50014,	7.924953,	-0.000470,	262.079,	0.510
23,	6.50014,	7.924903,	0.000043,	262.078,	0.500
24,	6.50014,	7.923966,	-0.000071,	262.075,	0.510
25,	6.50014,	7.922435,	-0.000534,	262.074,	0.505
26,	6.50014,	7.925569,	-0.000584,	262.071,	0.550
27,	6.50014,	7.924679,	-0.000892,	262.069,	0.505
28,	6.50014,	7.925209,	0.000905,	262.069,	0.505
29,	6.50014,	7.925980,	0.000894,	262.064,	0.505
30,	6.50014,	7.926481,	-0.000050,	262.062,	0.510
31,	6.50014,	7.922612,	-0.000134,	262.060,	0.555
32,	6.50014,	7.925149,	-0.000761,	262.056,	0.505
33,	6.50014,	7.926313,	-0.001366,	262.056,	0.500
34,	6.50014,	7.924279,	-0.000209,	262.054,	0.505
35,	6.50014,	7.926126,	-0.000304,	262.052,	0.505
36,	6.50014,	7.926539,	0.000396,	262.048,	0.550
37,	6.50014,	7.926549,	0.000612,	262.047,	0.555
38,	6.50014,	7.925459,	0.000691,	262.046,	0.500
39,	6.50014,	7.927897,	-0.001515,	262.041,	0.505
40,	6.50014,	7.925655,	-0.000282,	262.040,	0.505
41,	6.50014,	7.925922,	0.000463,	262.039,	0.505
42,	6.50014,	7.924250,	-0.001146,	262.037,	0.550
43,	6.50014,	7.923265,	0.000392,	262.033,	0.555
44,	6.50014,	7.926168,	-0.000610,	262.031,	0.505
45,	6.50014,	7.922682,	-0.000028,	262.030,	0.510
46,	6.50014,	7.926339,	0.000575,	262.028,	0.500
47,	6.50014,	7.925846,	-0.000155,	262.025,	0.510
48,	6.50014,	7.924800,	0.000084,	262.024,	0.500
49,	6.50014,	7.924030,	-0.001241,	262.021,	0.560
50,	6.50014,	7.924650,	0.000480,	262.018,	0.550
51,	6.50014,	7.924210,	0.000362,	262.018,	0.510
52,	6.50014,	7.924862,	-0.000226,	262.014,	0.505
53,	6.50014,	7.924580,	0.000388,	262.013,	0.505
54,	6.50014,	7.925105,	-0.001038,	262.011,	0.500
55,	6.50014,	7.921917,	-0.000394,	262.010,	0.510
56,	6.50014,	7.923125,	-0.000610,	262.006,	0.550
57,	6.50014,	7.924962,	-0.000020,	262.005,	0.555
58,	6.50014,	7.923569,	-0.001189,	262.002,	0.500
59,	6.50014,	7.922266,	-0.000726,	262.000,	0.510
60,	6.50014,	7.922107,	0.000411,	261.996,	0.500
61,	6.50014,	7.921533,	-0.000347,	261.995,	0.505
62,	6.50014,	7.922201,	-0.000616,	261.994,	0.505
63,	6.50014,	7.921822,	0.000008,	261.991,	0.555
64,	6.50014,	7.920605,	0.000799,	261.989,	0.500
65,	6.50014,	7.922747,	-0.000765,	261.987,	0.505
66,	6.50014,	7.921443,	0.000528,	261.984,	0.505
67,	6.50014,	7.920510,	-0.000916,	261.982,	0.510
68,	6.50014,	7.921297,	-0.000347,	261.980,	0.550
69,	6.50014,	7.920170,	-0.001133,	261.978,	0.505
70,	6.50014,	7.920205,	-0.001015,	261.974,	0.505
71,	6.50014,	7.920024,	-0.001228,	261.973,	0.505
72,	6.50014,	7.920983,	-0.000560,	261.971,	0.510
73,	6.50014,	7.920034,	0.000194,	261.968,	0.550
74,	6.50014,	7.919644,	-0.001034,	261.966,	0.505
75,	6.50014,	7.920378,	0.000002,	261.965,	0.510
76,	6.50014,	7.919591,	-0.000664,	261.963,	0.505
77,	6.50014,	7.919209,	0.000250,	261.960,	0.500
78,	6.50014,	7.920148,	0.000571,	261.957,	0.505
79,	6.50014,	7.919487,	0.001178,	261.956,	0.560
80,	6.50014,	7.918941,	-0.000362,	261.953,	0.550
81,	6.50014,	7.919621,	0.000900,	261.952,	0.505
82,	6.50014,	7.920257,	-0.001357,	261.949,	0.510
83,	6.50014,	7.918388,	0.000176,	261.946,	0.505
84,	6.50014,	7.917334,	-0.001125,	261.944,	0.500
85,	6.50014,	7.919206,	-0.000420,	261.944,	0.505
86,	6.50014,	7.919047,	-0.000662,	261.941,	0.550
87,	6.50014,	7.916929,	-0.000205,	261.938,	0.510
88,	6.50014,	7.918263,	0.000159,	261.937,	0.500
89,	6.50014,	7.916968,	-0.000216,	261.934,	0.510
90,	6.50014,	7.919456,	0.000241,	261.933,	0.500
91,	6.50014,	7.917984,	0.000166,	261.929,	0.555
92,	6.50014,	7.916013,	-0.000845,	261.928,	0.550
93,	6.50014,	7.917162,	-0.000662,	261.927,	0.555
94,	6.50014,	7.917440,	0.000276,	261.923,	0.500
95,	6.50014,	7.917036,	0.000110,	261.921,	0.505
96,	6.50014,	7.917785,	0.000194,	261.919,	0.505
97,	6.50014,	7.917436,	0.000495,	261.917,	0.505
98,	6.50014,	7.917684,	-0.000461,	261.914,	0.550
99,	6.50014,	7.917274,	-0.000627,	261.913,	0.555
100,	6.50014,	7.916181,	-0.000629,	261.909,	0.500
