Num, Lmd, sig,    mon,    Ring,  sec
#lmd,   E,  HOYAX,  Y,  Smpl,  Det, AGC X, Y, Smpl, Det
#6.50010,	190.7421,	57.000,	22.000,	4.300,	30.000,	27.600,	4.500,	69.930,	29.999

1,	6.50010,	-0.005733,	-0.003094,	285.817,	70.425
2,	6.50010,	-0.005584,	-0.000914,	285.813,	0.555
3,	6.50010,	-0.006320,	0.000594,	285.812,	0.505
4,	6.50010,	-0.006873,	0.000260,	285.809,	0.505
5,	6.50010,	-0.006480,	-0.001523,	285.806,	0.500
6,	6.50010,	-0.006961,	0.000674,	285.803,	0.505
7,	6.50010,	-0.007101,	0.000450,	285.801,	0.505
8,	6.50010,	-0.006167,	-0.001038,	285.800,	0.545
9,	6.50010,	-0.006423,	0.000437,	285.796,	0.510
10,	6.50010,	-0.006629,	0.001699,	285.794,	0.505
11,	6.50010,	-0.006424,	-0.000366,	285.791,	0.505
12,	6.50010,	-0.006711,	-0.001892,	285.787,	0.505
13,	6.50010,	-0.006787,	-0.000995,	285.785,	0.505
14,	6.50010,	-0.006227,	0.000288,	285.782,	0.550
15,	6.50010,	-0.007391,	-0.000009,	285.779,	0.555
16,	6.50010,	-0.005789,	0.000698,	285.777,	0.550
17,	6.50010,	-0.005672,	-0.000052,	285.775,	0.505
18,	6.50010,	-0.006020,	-0.001540,	285.772,	0.505
19,	6.50010,	-0.006692,	-0.001013,	285.770,	0.505
20,	6.50010,	-0.005635,	-0.000302,	285.767,	0.505
21,	6.50010,	-0.006647,	-0.001418,	285.765,	0.505
22,	6.50010,	-0.007007,	0.000545,	285.761,	0.550
23,	6.50010,	-0.005523,	0.000265,	285.759,	0.505
24,	6.50010,	-0.006189,	-0.000655,	285.757,	0.505
25,	6.50010,	-0.006482,	-0.000830,	285.753,	0.510
26,	6.50010,	-0.006233,	-0.000554,	285.751,	0.505
27,	6.50010,	-0.005926,	0.000144,	285.749,	0.505
28,	6.50010,	-0.006361,	0.000097,	285.746,	0.555
29,	6.50010,	-0.005935,	0.000653,	285.743,	0.505
30,	6.50010,	-0.006898,	-0.000198,	285.740,	0.505
31,	6.50010,	-0.007008,	0.000327,	285.738,	0.505
32,	6.50010,	-0.005836,	0.000709,	285.737,	0.505
33,	6.50010,	-0.006556,	0.000536,	285.733,	0.555
34,	6.50010,	-0.006655,	-0.000035,	285.731,	0.505
35,	6.50010,	-0.006369,	0.000114,	285.730,	0.505
36,	6.50010,	-0.006971,	-0.000886,	285.725,	0.505
37,	6.50010,	-0.005621,	-0.001303,	285.724,	0.505
38,	6.50010,	-0.005955,	-0.001482,	285.721,	0.555
39,	6.50010,	-0.006859,	0.000077,	285.718,	0.505
40,	6.50010,	-0.007064,	0.000043,	285.716,	0.500
41,	6.50010,	-0.006471,	-0.000605,	285.714,	0.505
42,	6.50010,	-0.007038,	-0.000379,	285.712,	0.510
43,	6.50010,	-0.006621,	0.000278,	285.708,	0.555
44,	6.50010,	-0.006863,	-0.000045,	285.704,	0.505
45,	6.50010,	-0.006579,	-0.000565,	285.704,	0.505
46,	6.50010,	-0.006145,	-0.001189,	285.699,	0.505
47,	6.50010,	-0.006493,	-0.000196,	285.698,	0.505
48,	6.50010,	-0.006380,	0.000304,	285.696,	0.555
49,	6.50010,	-0.007617,	-0.000506,	285.693,	0.505
50,	6.50010,	-0.006851,	-0.000020,	285.688,	0.505
51,	6.50010,	-0.006560,	-0.000590,	285.687,	0.505
52,	6.50010,	-0.005830,	0.000052,	285.685,	0.505
53,	6.50010,	-0.007091,	-0.000455,	285.682,	0.555
54,	6.50010,	-0.006340,	-0.000168,	285.679,	0.505
55,	6.50010,	-0.007195,	-0.000412,	285.678,	0.505
56,	6.50010,	-0.006778,	0.000762,	285.675,	0.505
57,	6.50010,	-0.006316,	-0.000155,	285.672,	0.500
58,	6.50010,	-0.006382,	-0.001038,	285.669,	0.505
59,	6.50010,	-0.006641,	0.000450,	285.667,	0.560
60,	6.50010,	-0.006557,	-0.000209,	285.663,	0.555
61,	6.50010,	-0.006786,	0.000752,	285.661,	0.505
62,	6.50010,	-0.006401,	-0.000547,	285.659,	0.505
63,	6.50010,	-0.006514,	0.000159,	285.655,	0.505
64,	6.50010,	-0.006490,	-0.000024,	285.653,	0.505
65,	6.50010,	-0.006091,	-0.000642,	285.651,	0.505
66,	6.50010,	-0.006684,	0.000232,	285.650,	0.555
67,	6.50010,	-0.006581,	0.001325,	285.646,	0.555
68,	6.50010,	-0.006937,	-0.000588,	285.644,	0.505
69,	6.50010,	-0.007073,	-0.000778,	285.641,	0.505
70,	6.50010,	-0.007284,	-0.001476,	285.637,	0.500
71,	6.50010,	-0.006423,	-0.000330,	285.636,	0.505
72,	6.50010,	-0.005987,	-0.000431,	285.633,	0.510
73,	6.50010,	-0.006948,	-0.000263,	285.632,	0.555
74,	6.50010,	-0.006028,	-0.000216,	285.627,	0.550
75,	6.50010,	-0.006377,	0.000028,	285.625,	0.545
76,	6.50010,	-0.006628,	0.000252,	285.622,	0.550
77,	6.50010,	-0.006371,	-0.000360,	285.620,	0.550
78,	6.50010,	-0.006276,	-0.000733,	285.617,	0.555
79,	6.50010,	-0.006391,	0.000547,	285.613,	0.505
80,	6.50010,	-0.006310,	0.000435,	285.612,	0.510
81,	6.50010,	-0.006612,	0.000024,	285.610,	0.505
82,	6.50010,	-0.007303,	-0.000405,	285.607,	0.505
83,	6.50010,	-0.005948,	-0.000211,	285.603,	0.505
84,	6.50010,	-0.006685,	0.000073,	285.601,	0.555
85,	6.50010,	-0.006738,	0.000105,	285.600,	0.555
86,	6.50010,	-0.006109,	-0.000101,	285.596,	0.505
87,	6.50010,	-0.005844,	0.000151,	285.594,	0.505
88,	6.50010,	-0.006971,	-0.000129,	285.592,	0.505
89,	6.50010,	-0.006630,	-0.000700,	285.588,	0.505
90,	6.50010,	-0.006548,	0.000021,	285.586,	0.505
91,	6.50010,	-0.006990,	0.000278,	285.583,	0.555
92,	6.50010,	-0.005681,	-0.000746,	285.583,	0.555
93,	6.50010,	-0.006578,	-0.000310,	285.577,	0.500
94,	6.50010,	-0.006895,	-0.001226,	285.576,	0.505
95,	6.50010,	-0.006431,	0.000517,	285.574,	0.510
96,	6.50010,	-0.007123,	-0.000082,	285.570,	0.505
97,	6.50010,	-0.006354,	0.000743,	285.567,	0.505
98,	6.50010,	-0.006220,	-0.000870,	285.567,	0.555
99,	6.50010,	-0.006250,	0.000840,	285.561,	0.555
100,	6.50010,	-0.007027,	-0.001319,	285.560,	0.500
