Num, Lmd, sig,    mon,    Ring,  sec
#lmd,   E,  HOYAX,  Y,  Smpl,  Det, AGC X, Y, Smpl, Det
#6.75016,	183.6760,	57.000,	22.000,	4.300,	30.000,	0.000,	-76.000,	-0.068,	-0.346

1,	6.75016,	7.233208,	-0.002594,	275.628,	127.856
2,	6.75016,	7.229557,	-0.000267,	275.627,	0.550
3,	6.75016,	7.230801,	0.000075,	275.623,	0.550
4,	6.75016,	7.232897,	0.001452,	275.621,	0.500
5,	6.75016,	7.230782,	0.000726,	275.619,	0.500
6,	6.75016,	7.229822,	0.000269,	275.617,	0.505
7,	6.75016,	7.232529,	-0.000627,	275.614,	0.500
8,	6.75016,	7.231715,	0.000411,	275.612,	0.545
9,	6.75016,	7.230786,	-0.000254,	275.609,	0.500
10,	6.75016,	7.232187,	-0.000269,	275.609,	0.505
11,	6.75016,	7.231062,	0.000448,	275.605,	0.495
12,	6.75016,	7.232036,	0.001491,	275.603,	0.500
13,	6.75016,	7.232503,	-0.001431,	275.600,	0.550
14,	6.75016,	7.233238,	0.000885,	275.597,	0.500
15,	6.75016,	7.230355,	-0.001226,	275.596,	0.500
16,	6.75016,	7.232734,	0.000594,	275.592,	0.500
17,	6.75016,	7.230961,	0.000192,	275.592,	0.505
18,	6.75016,	7.231319,	0.000256,	275.587,	0.545
19,	6.75016,	7.231931,	0.000435,	275.585,	0.500
20,	6.75016,	7.230591,	0.001053,	275.584,	0.500
21,	6.75016,	7.231825,	-0.000819,	275.583,	0.500
22,	6.75016,	7.230302,	0.000002,	275.578,	0.505
23,	6.75016,	7.230934,	-0.000364,	275.577,	0.545
24,	6.75016,	7.231112,	-0.001913,	275.575,	0.550
25,	6.75016,	7.232164,	0.000780,	275.570,	0.500
26,	6.75016,	7.231560,	0.000161,	275.569,	0.505
27,	6.75016,	7.232422,	-0.000054,	275.568,	0.495
28,	6.75016,	7.231280,	-0.000043,	275.565,	0.500
29,	6.75016,	7.230827,	-0.001532,	275.562,	0.550
30,	6.75016,	7.230911,	-0.000209,	275.559,	0.550
31,	6.75016,	7.230983,	-0.001532,	275.558,	0.550
32,	6.75016,	7.231174,	0.001236,	275.554,	0.500
33,	6.75016,	7.231690,	0.000549,	275.552,	0.505
34,	6.75016,	7.230320,	0.000329,	275.552,	0.500
35,	6.75016,	7.230192,	0.000060,	275.549,	0.495
36,	6.75016,	7.230357,	-0.000116,	275.545,	0.555
37,	6.75016,	7.231303,	0.000043,	275.543,	0.495
38,	6.75016,	7.231062,	0.000614,	275.541,	0.500
39,	6.75016,	7.228965,	0.000814,	275.537,	0.500
40,	6.75016,	7.230545,	-0.000134,	275.536,	0.500
41,	6.75016,	7.229534,	-0.000702,	275.534,	0.500
42,	6.75016,	7.231040,	-0.000037,	275.532,	0.550
43,	6.75016,	7.230877,	0.000394,	275.529,	0.500
44,	6.75016,	7.231425,	-0.000517,	275.526,	0.500
45,	6.75016,	7.228606,	0.000433,	275.525,	0.500
46,	6.75016,	7.229820,	-0.000313,	275.523,	0.500
47,	6.75016,	7.229629,	0.000211,	275.519,	0.550
48,	6.75016,	7.230571,	0.000142,	275.518,	0.500
49,	6.75016,	7.230475,	0.000879,	275.516,	0.500
50,	6.75016,	7.229008,	0.000506,	275.511,	0.500
51,	6.75016,	7.232084,	-0.000110,	275.511,	0.500
52,	6.75016,	7.231411,	0.000907,	275.508,	0.555
53,	6.75016,	7.230021,	-0.001799,	275.505,	0.495
54,	6.75016,	7.231781,	0.000676,	275.503,	0.500
55,	6.75016,	7.228275,	-0.000444,	275.501,	0.500
56,	6.75016,	7.229804,	-0.000392,	275.499,	0.505
57,	6.75016,	7.228766,	-0.000058,	275.497,	0.545
58,	6.75016,	7.230110,	0.000366,	275.495,	0.550
59,	6.75016,	7.229302,	0.000829,	275.494,	0.555
60,	6.75016,	7.229509,	0.000278,	275.489,	0.500
61,	6.75016,	7.230102,	0.000765,	275.486,	0.495
62,	6.75016,	7.229412,	-0.001295,	275.485,	0.500
63,	6.75016,	7.228724,	-0.000959,	275.482,	0.500
64,	6.75016,	7.229580,	-0.000082,	275.478,	0.550
65,	6.75016,	7.229983,	-0.001015,	275.477,	0.500
66,	6.75016,	7.229255,	-0.000371,	275.476,	0.505
67,	6.75016,	7.230108,	-0.000321,	275.472,	0.495
68,	6.75016,	7.227658,	-0.000170,	275.471,	0.505
69,	6.75016,	7.228109,	-0.000390,	275.468,	0.500
70,	6.75016,	7.230945,	-0.000845,	275.466,	0.545
71,	6.75016,	7.229060,	-0.000453,	275.463,	0.505
72,	6.75016,	7.230523,	-0.000752,	275.460,	0.500
73,	6.75016,	7.228687,	0.000185,	275.460,	0.495
74,	6.75016,	7.227706,	0.000080,	275.456,	0.505
75,	6.75016,	7.229455,	-0.000252,	275.453,	0.500
76,	6.75016,	7.230002,	0.000368,	275.451,	0.545
77,	6.75016,	7.229527,	-0.000080,	275.449,	0.555
78,	6.75016,	7.229755,	0.000088,	275.445,	0.545
79,	6.75016,	7.227861,	-0.000017,	275.445,	0.500
80,	6.75016,	7.228350,	0.000030,	275.443,	0.500
81,	6.75016,	7.229357,	-0.000819,	275.440,	0.500
82,	6.75016,	7.228095,	0.000138,	275.438,	0.500
83,	6.75016,	7.230707,	0.000196,	275.434,	0.550
84,	6.75016,	7.227545,	0.000316,	275.433,	0.505
85,	6.75016,	7.228147,	0.000424,	275.429,	0.495
86,	6.75016,	7.228646,	-0.000188,	275.427,	0.500
87,	6.75016,	7.228707,	0.000181,	275.425,	0.505
88,	6.75016,	7.227964,	0.000011,	275.424,	0.545
89,	6.75016,	7.228277,	0.000127,	275.420,	0.550
90,	6.75016,	7.226139,	-0.001073,	275.418,	0.550
91,	6.75016,	7.227473,	0.000312,	275.413,	0.550
92,	6.75016,	7.228022,	0.000398,	275.411,	0.555
93,	6.75016,	7.226941,	-0.000265,	275.410,	0.550
94,	6.75016,	7.223322,	-0.000784,	275.406,	0.500
95,	6.75016,	7.226134,	-0.000961,	275.405,	0.500
96,	6.75016,	7.224565,	-0.000185,	275.403,	0.500
97,	6.75016,	7.224917,	0.000097,	275.402,	0.500
98,	6.75016,	7.224436,	0.000500,	275.398,	0.550
99,	6.75016,	7.224503,	0.001295,	275.396,	0.500
100,	6.75016,	7.227098,	-0.000028,	275.395,	0.500
