Smpl, Det, sig,    mon,    Ring,  sec
#lmd,   E,  HOYAX,  Y,  Smpl,  Det, AGC X, Y, Smpl, Det, ppsSmpl, ppsDet
#6.50010,	190.7421,	57.000,	22.000,	4.300,	30.000,	27.600,	4.500,	69.930,	139.651,100,100

69.869,	139.540,	0.003896,	-0.001250,	285.375,	37.505
69.966,	139.734,	0.002117,	0.002695,	285.370,	0.540
70.056,	139.910,	0.001927,	0.001654,	285.369,	0.500
70.146,	140.090,	0.002172,	0.002197,	285.367,	0.495
70.236,	140.270,	0.001824,	0.002441,	285.365,	0.500
70.326,	140.447,	0.000932,	0.002546,	285.363,	0.490
70.423,	140.645,	0.000094,	0.001422,	285.360,	0.550
70.510,	140.821,	0.000414,	0.002262,	285.357,	0.490
70.600,	141.001,	0.000351,	0.002094,	285.355,	0.500
70.690,	141.178,	0.000153,	0.003042,	285.352,	0.490
70.780,	141.354,	0.000038,	0.002460,	285.349,	0.495
70.877,	141.552,	-0.001222,	0.001208,	285.347,	0.545
70.967,	141.732,	0.000640,	0.003214,	285.344,	0.500
71.053,	141.908,	0.000287,	0.001193,	285.341,	0.490
71.143,	142.085,	0.001800,	0.001245,	285.340,	0.495
71.233,	142.265,	0.003379,	0.001749,	285.338,	0.495
71.330,	142.463,	0.003315,	0.002462,	285.336,	0.550
71.428,	142.657,	0.003714,	0.001400,	285.332,	0.535
71.525,	142.848,	0.004911,	0.002385,	285.331,	0.540
71.615,	143.028,	0.006208,	0.002858,	285.327,	0.495
71.705,	143.204,	0.007189,	0.003149,	285.324,	0.495
71.795,	143.384,	0.007515,	0.003076,	285.322,	0.495
71.881,	143.561,	0.007794,	0.002572,	285.321,	0.495
71.982,	143.759,	0.008127,	0.001531,	285.318,	0.545
72.068,	143.939,	0.008389,	0.002380,	285.313,	0.500
72.158,	144.115,	0.007567,	0.002593,	285.311,	0.490
72.248,	144.295,	0.007650,	0.002503,	285.310,	0.500
72.338,	144.472,	0.007048,	0.002393,	285.307,	0.490
72.436,	144.666,	0.005666,	0.001982,	285.304,	0.545
72.522,	144.846,	0.005287,	0.001967,	285.301,	0.495
72.612,	145.026,	0.004880,	0.002738,	285.300,	0.495
72.702,	145.202,	0.003685,	0.002410,	285.296,	0.495
72.792,	145.382,	0.002972,	0.002464,	285.294,	0.500
72.889,	145.577,	0.002768,	0.001958,	285.292,	0.535
72.979,	145.753,	0.002856,	0.002456,	285.290,	0.500
73.066,	145.933,	0.003352,	0.002766,	285.286,	0.495
73.156,	146.113,	0.003269,	0.002352,	285.284,	0.500
73.246,	146.293,	0.003715,	0.002285,	285.283,	0.500
73.343,	146.488,	0.004692,	0.001506,	285.281,	0.540
73.433,	146.664,	0.006738,	0.001441,	285.277,	0.495
73.523,	146.844,	0.008662,	0.001495,	285.275,	0.495
73.613,	147.020,	0.010415,	0.001861,	285.274,	0.495
73.703,	147.200,	0.012875,	0.002697,	285.268,	0.495
73.789,	147.380,	0.015037,	0.001624,	285.266,	0.500
73.886,	147.575,	0.017423,	0.002792,	285.265,	0.540
73.976,	147.755,	0.019907,	0.003003,	285.263,	0.500
74.066,	147.931,	0.022385,	0.002145,	285.259,	0.495
74.156,	148.111,	0.023917,	0.001820,	285.257,	0.495
74.243,	148.288,	0.026809,	0.002029,	285.254,	0.490
74.344,	148.482,	0.026978,	0.000842,	285.252,	0.550
74.441,	148.680,	0.027469,	0.001439,	285.248,	0.545
74.531,	148.856,	0.028978,	0.002292,	285.246,	0.490
74.617,	149.036,	0.029653,	0.003007,	285.244,	0.495
74.707,	149.213,	0.029307,	0.002462,	285.242,	0.495
74.797,	149.393,	0.028913,	0.002238,	285.239,	0.495
74.894,	149.587,	0.027017,	0.001990,	285.237,	0.545
74.984,	149.764,	0.025945,	0.001407,	285.235,	0.490
75.071,	149.944,	0.024957,	0.002264,	285.231,	0.500
75.161,	150.120,	0.024100,	0.002447,	285.228,	0.490
75.251,	150.300,	0.022171,	0.003268,	285.226,	0.500
75.348,	150.494,	0.020694,	-0.000028,	285.224,	0.535
75.438,	150.671,	0.020539,	0.002497,	285.222,	0.495
75.524,	150.851,	0.020090,	0.002798,	285.219,	0.495
75.614,	151.027,	0.020856,	0.002184,	285.217,	0.500
75.704,	151.207,	0.021740,	0.002378,	285.215,	0.490
75.802,	151.402,	0.022927,	0.002148,	285.210,	0.545
75.892,	151.578,	0.027362,	0.002331,	285.209,	0.490
75.982,	151.762,	0.029998,	0.001555,	285.208,	0.505
76.068,	151.938,	0.035635,	0.002189,	285.206,	0.490
76.158,	152.118,	0.042113,	0.002221,	285.202,	0.500
76.248,	152.294,	0.048180,	0.002245,	285.200,	0.490
76.345,	152.489,	0.057697,	0.002902,	285.198,	0.540
76.435,	152.665,	0.067192,	0.002430,	285.195,	0.495
76.522,	152.845,	0.076868,	0.002815,	285.192,	0.495
76.612,	153.022,	0.088225,	0.003328,	285.190,	0.495
76.702,	153.202,	0.100729,	0.001654,	285.187,	0.500
76.799,	153.396,	0.112851,	0.001045,	285.186,	0.540
76.889,	153.576,	0.126984,	0.002191,	285.181,	0.495
76.975,	153.752,	0.141479,	0.002619,	285.179,	0.490
77.065,	153.932,	0.155141,	0.002204,	285.177,	0.500
77.155,	154.109,	0.168887,	0.002292,	285.175,	0.495
77.252,	154.307,	0.184139,	0.001805,	285.170,	0.545
77.342,	154.483,	0.197507,	0.002481,	285.169,	0.490
77.432,	154.663,	0.212131,	0.002117,	285.167,	0.500
77.519,	154.840,	0.225963,	0.002914,	285.163,	0.490
77.609,	155.016,	0.238455,	0.003024,	285.161,	0.500
77.706,	155.210,	0.250569,	0.002393,	285.160,	0.540
77.796,	155.390,	0.263092,	0.001680,	285.158,	0.495
77.886,	155.567,	0.274256,	0.002460,	285.153,	0.495
77.976,	155.747,	0.284748,	0.002815,	285.151,	0.495
78.062,	155.927,	0.292278,	0.002195,	285.150,	0.495
78.160,	156.118,	0.301696,	0.001829,	285.148,	0.540
78.250,	156.298,	0.309358,	0.002699,	285.144,	0.495
78.340,	156.478,	0.315064,	0.002249,	285.142,	0.495
78.430,	156.654,	0.319160,	0.002527,	285.139,	0.500
78.516,	156.834,	0.323376,	0.003487,	285.138,	0.490
78.617,	157.028,	0.325975,	0.001706,	285.134,	0.545
78.703,	157.208,	0.327354,	0.003602,	285.131,	0.495
78.793,	157.385,	0.328150,	0.002602,	285.129,	0.495
78.883,	157.565,	0.327017,	0.002223,	285.127,	0.500
78.973,	157.741,	0.326196,	0.001880,	285.122,	0.490
79.070,	157.939,	0.323168,	0.001868,	285.122,	0.545
79.157,	158.116,	0.318542,	0.001842,	285.120,	0.495
79.247,	158.296,	0.315662,	0.002753,	285.116,	0.495
79.337,	158.472,	0.309881,	0.002005,	285.114,	0.495
79.427,	158.652,	0.302509,	0.002542,	285.111,	0.495
79.524,	158.846,	0.295101,	0.002501,	285.109,	0.540
79.614,	159.026,	0.287971,	0.002729,	285.105,	0.500
79.700,	159.203,	0.280054,	0.002245,	285.103,	0.490
79.790,	159.379,	0.271436,	0.001426,	285.102,	0.500
79.880,	159.559,	0.262848,	0.002038,	285.100,	0.495
79.978,	159.754,	0.252241,	0.002574,	285.096,	0.540
80.068,	159.930,	0.242127,	0.001075,	285.093,	0.495
80.158,	160.114,	0.231185,	0.002647,	285.091,	0.500
80.244,	160.290,	0.222930,	0.002400,	285.091,	0.490
80.334,	160.470,	0.212641,	0.003126,	285.086,	0.500
80.431,	160.661,	0.200479,	0.002514,	285.083,	0.535
80.528,	160.855,	0.188440,	0.001827,	285.082,	0.540
80.626,	161.053,	0.177998,	0.001728,	285.079,	0.545
80.716,	161.230,	0.167898,	0.001913,	285.076,	0.490
80.802,	161.406,	0.157317,	0.002135,	285.074,	0.495
80.892,	161.586,	0.147429,	0.002621,	285.071,	0.495
80.982,	161.762,	0.138942,	0.002537,	285.068,	0.500
81.079,	161.957,	0.127095,	0.001921,	285.066,	0.540
81.169,	162.133,	0.119469,	0.002628,	285.064,	0.490
81.259,	162.313,	0.111348,	0.001633,	285.062,	0.500
81.346,	162.493,	0.102696,	0.002798,	285.058,	0.490
81.436,	162.670,	0.095329,	0.003875,	285.056,	0.495
81.533,	162.864,	0.086202,	0.002445,	285.055,	0.545
81.623,	163.044,	0.079640,	0.002555,	285.050,	0.495
81.713,	163.224,	0.072845,	0.002059,	285.048,	0.495
81.803,	163.400,	0.066541,	0.002574,	285.047,	0.500
81.889,	163.580,	0.061225,	0.001807,	285.045,	0.490
81.990,	163.775,	0.054184,	0.001307,	285.042,	0.545
82.076,	163.955,	0.050009,	0.002509,	285.038,	0.495
82.166,	164.131,	0.046080,	0.002413,	285.037,	0.495
82.256,	164.311,	0.041222,	0.002432,	285.034,	0.495
82.346,	164.488,	0.037748,	0.002346,	285.031,	0.495
82.444,	164.686,	0.032573,	0.001790,	285.029,	0.545
82.534,	164.862,	0.030492,	0.002303,	285.026,	0.495
82.620,	165.042,	0.027636,	0.003455,	285.025,	0.495
82.714,	165.222,	0.025097,	0.002604,	285.019,	0.505
82.800,	165.402,	0.022264,	0.002104,	285.017,	0.500
82.904,	165.622,	0.019705,	-0.000185,	285.016,	0.620
82.994,	165.787,	0.017348,	0.002497,	285.012,	0.455
83.084,	165.967,	0.016795,	0.001712,	285.009,	0.490
83.174,	166.144,	0.002887,	0.002335,	285.007,	0.495
83.261,	166.324,	-0.002819,	0.001641,	285.006,	0.495
83.358,	166.518,	-0.003384,	0.001837,	285.002,	0.545
83.448,	166.698,	-0.002315,	0.001865,	285.000,	0.495
83.538,	166.878,	-0.003057,	0.002561,	284.998,	0.500
83.628,	167.051,	-0.003379,	0.001887,	284.996,	0.490
83.718,	167.231,	-0.005963,	0.002936,	284.992,	0.500
83.815,	167.425,	-0.006970,	0.000902,	284.990,	0.535
83.905,	167.605,	-0.005045,	0.002921,	284.987,	0.500
83.992,	167.782,	-0.006099,	0.002281,	284.985,	0.495
84.082,	167.962,	-0.005921,	0.002604,	284.983,	0.495
84.172,	168.138,	-0.006322,	0.002772,	284.981,	0.490
84.269,	168.336,	-0.006286,	0.002145,	284.979,	0.550
84.355,	168.512,	-0.006268,	0.002285,	284.973,	0.490
84.445,	168.692,	-0.006057,	0.003867,	284.972,	0.495
84.535,	168.869,	-0.002352,	0.002848,	284.971,	0.495
84.625,	169.049,	-0.000790,	0.002132,	284.969,	0.495
84.722,	169.243,	-0.002050,	0.003356,	284.967,	0.540
84.820,	169.438,	0.005785,	0.000857,	284.963,	0.540
84.906,	169.614,	0.008366,	0.002824,	284.961,	0.490
84.996,	169.790,	0.009508,	0.002481,	284.959,	0.495
85.086,	169.970,	0.009797,	0.002751,	284.955,	0.505
85.176,	170.150,	0.009054,	0.003341,	284.953,	0.490
85.273,	170.345,	0.003676,	0.001605,	284.949,	0.550
85.363,	170.521,	-0.005938,	0.001932,	284.950,	0.490
85.453,	170.701,	-0.007743,	0.002828,	284.945,	0.500
85.540,	170.878,	-0.008050,	0.002695,	284.943,	0.490
85.630,	171.058,	-0.007251,	0.002217,	284.940,	0.495
85.727,	171.252,	-0.006969,	0.002219,	284.938,	0.545
85.817,	171.432,	-0.005846,	0.003173,	284.935,	0.495
85.907,	171.612,	-0.006487,	0.002143,	284.933,	0.495
85.993,	171.788,	-0.005408,	0.002656,	284.932,	0.490
86.083,	171.965,	-0.006207,	0.003117,	284.928,	0.495
86.180,	172.163,	-0.005749,	0.003352,	284.924,	0.545
86.278,	172.357,	-0.006208,	0.003203,	284.922,	0.540
86.368,	172.534,	-0.005596,	0.002945,	284.921,	0.490
86.458,	172.710,	-0.005969,	0.002085,	284.917,	0.500
86.544,	172.890,	-0.005298,	0.002344,	284.915,	0.495
86.634,	173.066,	-0.005971,	0.002516,	284.913,	0.495
86.724,	173.246,	-0.005728,	0.003600,	284.910,	0.490
86.821,	173.441,	-0.005997,	0.001803,	284.906,	0.550
86.911,	173.617,	-0.005866,	0.002682,	284.904,	0.485
86.998,	173.797,	-0.005673,	0.003319,	284.903,	0.500
87.088,	173.974,	-0.004803,	0.002395,	284.901,	0.490
87.178,	174.154,	-0.006014,	0.002169,	284.897,	0.500
87.275,	174.348,	-0.005899,	0.001900,	284.895,	0.540
87.361,	174.524,	-0.006300,	0.002820,	284.893,	0.485
87.451,	174.704,	-0.006175,	0.003281,	284.892,	0.500
87.541,	174.881,	-0.006375,	0.003022,	284.888,	0.490
87.631,	175.061,	-0.006548,	0.002464,	284.883,	0.500
87.718,	175.234,	-0.007308,	0.002583,	284.883,	0.490
87.815,	175.432,	-0.006663,	0.002408,	284.882,	0.540
87.905,	175.608,	-0.004793,	0.001359,	284.877,	0.500
87.995,	175.788,	-0.004788,	0.001732,	284.875,	0.500
88.085,	175.964,	-0.005444,	0.001615,	284.873,	0.490
88.171,	176.144,	-0.004944,	0.003162,	284.871,	0.490
88.272,	176.339,	-0.006610,	0.001176,	284.868,	0.545
88.358,	176.515,	-0.006548,	0.001088,	284.866,	0.490
88.448,	176.695,	-0.005349,	0.002232,	284.863,	0.500
88.538,	176.872,	-0.005716,	0.001891,	284.859,	0.495
88.625,	177.052,	-0.005460,	0.003119,	284.859,	0.495
88.722,	177.246,	-0.004270,	0.001394,	284.857,	0.540
88.812,	177.426,	-0.004491,	0.002417,	284.854,	0.500
88.902,	177.602,	-0.005387,	0.002637,	284.850,	0.485
88.992,	177.782,	-0.005561,	0.002357,	284.848,	0.500
89.078,	177.959,	-0.005282,	0.002344,	284.846,	0.490
89.176,	178.153,	-0.005120,	0.001818,	284.844,	0.540
89.266,	178.330,	-0.004709,	0.001385,	284.840,	0.500
89.356,	178.510,	-0.005623,	0.002501,	284.839,	0.490
89.446,	178.686,	-0.004998,	0.002393,	284.835,	0.495
89.536,	178.866,	-0.004569,	0.002040,	284.834,	0.505
89.633,	179.060,	-0.006591,	0.002882,	284.830,	0.535
89.719,	179.240,	-0.005439,	0.003100,	284.828,	0.500
89.809,	179.417,	-0.005180,	0.002417,	284.826,	0.490
89.899,	179.593,	-0.005833,	0.003645,	284.824,	0.495
