Num, Lmd, sig,    mon,    Ring,  sec
#lmd,   E,  HOYAX,  Y,  Smpl,  Det, AGC X, Y, Smpl, Det
#6.60016,	187.8504,	57.000,	22.000,	4.300,	30.000,	-52.700,	13.300,	-0.068,	29.999

1,	6.60016,	-0.006199,	-0.001166,	247.196,	58.240
2,	6.60016,	-0.007720,	-0.000004,	247.193,	0.550
3,	6.60016,	-0.007438,	0.000120,	247.191,	0.500
4,	6.60016,	-0.007869,	0.000187,	247.191,	0.500
5,	6.60016,	-0.007726,	0.000148,	247.189,	0.500
6,	6.60016,	-0.007352,	-0.000741,	247.185,	0.500
7,	6.60016,	-0.007042,	0.000801,	247.184,	0.550
8,	6.60016,	-0.008152,	0.000319,	247.183,	0.495
9,	6.60016,	-0.008015,	-0.000431,	247.180,	0.500
10,	6.60016,	-0.008162,	0.000883,	247.179,	0.500
11,	6.60016,	-0.007580,	-0.000179,	247.177,	0.500
12,	6.60016,	-0.007752,	-0.000394,	247.176,	0.555
13,	6.60016,	-0.007659,	0.000108,	247.172,	0.500
14,	6.60016,	-0.006742,	0.000271,	247.170,	0.495
15,	6.60016,	-0.008199,	0.001189,	247.169,	0.505
16,	6.60016,	-0.007541,	-0.000205,	247.168,	0.500
17,	6.60016,	-0.007347,	-0.000026,	247.165,	0.550
18,	6.60016,	-0.007953,	0.000403,	247.163,	0.500
19,	6.60016,	-0.007161,	-0.000489,	247.162,	0.500
20,	6.60016,	-0.007406,	-0.000778,	247.159,	0.500
21,	6.60016,	-0.007588,	0.000670,	247.158,	0.500
22,	6.60016,	-0.007658,	0.000276,	247.156,	0.550
23,	6.60016,	-0.007838,	-0.000060,	247.154,	0.500
24,	6.60016,	-0.007720,	-0.000308,	247.151,	0.500
25,	6.60016,	-0.007488,	0.000166,	247.149,	0.500
26,	6.60016,	-0.007181,	0.000159,	247.149,	0.495
27,	6.60016,	-0.008225,	0.000405,	247.147,	0.550
28,	6.60016,	-0.008264,	0.001077,	247.144,	0.505
29,	6.60016,	-0.007462,	0.000676,	247.142,	0.500
30,	6.60016,	-0.007597,	-0.000065,	247.141,	0.500
31,	6.60016,	-0.007818,	-0.000412,	247.139,	0.505
32,	6.60016,	-0.008005,	-0.000125,	247.136,	0.495
33,	6.60016,	-0.007956,	-0.000138,	247.135,	0.550
34,	6.60016,	-0.008069,	-0.000774,	247.134,	0.550
35,	6.60016,	-0.007486,	-0.000211,	247.130,	0.500
36,	6.60016,	-0.008447,	-0.001816,	247.129,	0.500
37,	6.60016,	-0.007522,	-0.000718,	247.128,	0.505
38,	6.60016,	-0.007406,	0.000269,	247.126,	0.500
39,	6.60016,	-0.007560,	-0.000709,	247.123,	0.550
40,	6.60016,	-0.007269,	0.000693,	247.122,	0.500
41,	6.60016,	-0.007985,	0.000204,	247.120,	0.495
42,	6.60016,	-0.007568,	0.000577,	247.117,	0.500
43,	6.60016,	-0.007802,	-0.000108,	247.116,	0.505
44,	6.60016,	-0.007595,	-0.000142,	247.115,	0.500
45,	6.60016,	-0.006789,	-0.001239,	247.113,	0.550
46,	6.60016,	-0.007418,	0.000084,	247.110,	0.500
47,	6.60016,	-0.007414,	-0.000356,	247.109,	0.500
48,	6.60016,	-0.007959,	-0.000674,	247.108,	0.500
49,	6.60016,	-0.008210,	-0.000013,	247.106,	0.500
50,	6.60016,	-0.007786,	-0.000937,	247.102,	0.550
51,	6.60016,	-0.007879,	-0.000761,	247.101,	0.550
52,	6.60016,	-0.008197,	-0.000379,	247.098,	0.550
53,	6.60016,	-0.007248,	0.000974,	247.097,	0.505
54,	6.60016,	-0.007673,	-0.000166,	247.095,	0.505
55,	6.60016,	-0.007972,	0.001006,	247.094,	0.495
56,	6.60016,	-0.007161,	0.000002,	247.091,	0.505
57,	6.60016,	-0.007560,	-0.000457,	247.089,	0.550
58,	6.60016,	-0.007587,	0.000353,	247.088,	0.500
59,	6.60016,	-0.008345,	-0.000610,	247.084,	0.495
60,	6.60016,	-0.007268,	-0.000121,	247.083,	0.500
61,	6.60016,	-0.006855,	0.000090,	247.081,	0.500
62,	6.60016,	-0.008975,	0.000314,	247.080,	0.555
63,	6.60016,	-0.008154,	-0.000431,	247.077,	0.545
64,	6.60016,	-0.007923,	-0.000192,	247.075,	0.505
65,	6.60016,	-0.008435,	-0.000129,	247.075,	0.505
66,	6.60016,	-0.008030,	0.000551,	247.072,	0.495
67,	6.60016,	-0.007185,	0.000252,	247.069,	0.500
68,	6.60016,	-0.008044,	-0.000672,	247.068,	0.500
69,	6.60016,	-0.008104,	-0.000739,	247.067,	0.555
70,	6.60016,	-0.007375,	-0.000786,	247.064,	0.500
71,	6.60016,	-0.007203,	-0.000778,	247.062,	0.495
72,	6.60016,	-0.007260,	0.001193,	247.061,	0.500
73,	6.60016,	-0.008328,	-0.000332,	247.059,	0.505
74,	6.60016,	-0.007709,	0.000418,	247.056,	0.500
75,	6.60016,	-0.007722,	-0.000666,	247.055,	0.550
76,	6.60016,	-0.007267,	0.000006,	247.053,	0.550
77,	6.60016,	-0.007931,	0.000360,	247.050,	0.550
78,	6.60016,	-0.008209,	0.000088,	247.048,	0.550
79,	6.60016,	-0.007132,	-0.000289,	247.047,	0.495
80,	6.60016,	-0.007983,	0.000730,	247.045,	0.500
81,	6.60016,	-0.008026,	0.000291,	247.043,	0.500
82,	6.60016,	-0.007982,	-0.000694,	247.042,	0.505
83,	6.60016,	-0.008178,	-0.000588,	247.040,	0.550
84,	6.60016,	-0.006696,	-0.000765,	247.037,	0.495
85,	6.60016,	-0.007751,	-0.000728,	247.035,	0.500
86,	6.60016,	-0.007432,	0.000594,	247.034,	0.505
87,	6.60016,	-0.008130,	-0.000282,	247.032,	0.500
88,	6.60016,	-0.007759,	-0.000181,	247.031,	0.500
89,	6.60016,	-0.007763,	-0.001090,	247.029,	0.550
90,	6.60016,	-0.007973,	0.000327,	247.027,	0.550
91,	6.60016,	-0.007673,	-0.000252,	247.024,	0.550
92,	6.60016,	-0.006682,	-0.000287,	247.022,	0.550
93,	6.60016,	-0.008177,	0.000064,	247.020,	0.545
94,	6.60016,	-0.007294,	0.000549,	247.018,	0.500
95,	6.60016,	-0.007806,	-0.000644,	247.017,	0.505
96,	6.60016,	-0.008425,	0.000276,	247.015,	0.505
97,	6.60016,	-0.007028,	-0.000371,	247.012,	0.500
98,	6.60016,	-0.007866,	0.000232,	247.011,	0.545
99,	6.60016,	-0.006873,	-0.000179,	247.008,	0.505
100,	6.60016,	-0.006640,	-0.000599,	247.005,	0.500
