Smpl, Det, sig,    mon,    Ring,  sec
#lmd,   E,  HOYAX,  Y,  Smpl,  Det, AGC X, Y, Smpl, Det, ppsSmpl, ppsDet
#6.75016,	183.6760,	57.000,	22.000,	4.300,	30.000,	-24.600,	3.500,	69.930,	139.651,100,100

69.880,	139.558,	-0.000313,	-0.000870,	252.276,	37.535
69.977,	139.752,	-0.003298,	0.001848,	252.272,	0.540
70.067,	139.928,	-0.003940,	0.002893,	252.271,	0.495
70.153,	140.105,	-0.004614,	0.002729,	252.270,	0.490
70.243,	140.285,	-0.005091,	0.002092,	252.268,	0.495
70.330,	140.461,	-0.005828,	0.002432,	252.266,	0.490
70.427,	140.656,	-0.006359,	0.001516,	252.263,	0.535
70.517,	140.832,	-0.005208,	0.001497,	252.261,	0.500
70.607,	141.008,	-0.004748,	0.002341,	252.260,	0.490
70.697,	141.188,	-0.003035,	0.003494,	252.256,	0.495
70.783,	141.365,	-0.002873,	0.002234,	252.256,	0.495
70.880,	141.559,	-0.000347,	0.002751,	252.254,	0.540
70.970,	141.739,	0.000868,	0.003057,	252.252,	0.495
71.057,	141.916,	0.002700,	0.003024,	252.250,	0.490
71.147,	142.096,	0.004554,	0.001648,	252.248,	0.500
71.237,	142.272,	0.005828,	0.002160,	252.246,	0.490
71.334,	142.466,	0.007658,	0.001995,	252.245,	0.540
71.424,	142.643,	0.008421,	0.002473,	252.242,	0.495
71.510,	142.819,	0.009458,	0.002479,	252.241,	0.490
71.600,	142.999,	0.009468,	0.002365,	252.238,	0.495
71.690,	143.176,	0.009015,	0.003834,	252.237,	0.495
71.788,	143.374,	0.008265,	0.003026,	252.233,	0.545
71.874,	143.550,	0.006278,	0.003154,	252.232,	0.490
71.964,	143.730,	0.004795,	0.002303,	252.231,	0.500
72.054,	143.906,	0.004112,	0.002130,	252.229,	0.490
72.144,	144.086,	0.001631,	0.002930,	252.225,	0.500
72.241,	144.281,	-0.001179,	0.001075,	252.224,	0.540
72.328,	144.457,	-0.001615,	0.002152,	252.223,	0.485
72.418,	144.634,	-0.003348,	0.001609,	252.219,	0.495
72.508,	144.810,	-0.004412,	0.001990,	252.218,	0.495
72.594,	144.986,	-0.006067,	0.003326,	252.216,	0.490
72.691,	145.184,	-0.006198,	0.002415,	252.214,	0.545
72.781,	145.361,	-0.005292,	0.001669,	252.211,	0.490
72.868,	145.537,	-0.003159,	0.003014,	252.209,	0.490
72.958,	145.717,	-0.001237,	0.002421,	252.208,	0.500
73.048,	145.894,	0.001134,	0.002710,	252.206,	0.490
73.145,	146.088,	0.004419,	0.000599,	252.203,	0.540
73.242,	146.282,	0.008963,	0.001891,	252.201,	0.540
73.332,	146.459,	0.013082,	0.002206,	252.200,	0.495
73.418,	146.639,	0.018070,	0.002253,	252.198,	0.495
73.508,	146.815,	0.022763,	0.004450,	252.196,	0.490
73.598,	146.995,	0.026995,	0.003087,	252.195,	0.500
73.696,	147.190,	0.031613,	0.001516,	252.193,	0.540
73.782,	147.362,	0.034948,	0.002544,	252.191,	0.485
73.872,	147.542,	0.037898,	0.002591,	252.189,	0.495
73.962,	147.719,	0.039932,	0.002234,	252.188,	0.495
74.048,	147.895,	0.041865,	0.002861,	252.186,	0.490
74.146,	148.093,	0.041538,	0.001786,	252.183,	0.545
74.236,	148.270,	0.041880,	0.002262,	252.181,	0.490
74.322,	148.446,	0.040322,	0.002637,	252.179,	0.490
74.412,	148.626,	0.036893,	0.001982,	252.178,	0.500
74.502,	148.802,	0.033997,	0.003287,	252.177,	0.490
74.599,	148.993,	0.029108,	0.001439,	252.173,	0.535
74.686,	149.173,	0.025173,	0.002225,	252.172,	0.495
74.776,	149.350,	0.020330,	0.002729,	252.170,	0.490
74.866,	149.530,	0.016302,	0.002649,	252.165,	0.500
74.952,	149.706,	0.010924,	0.002604,	252.165,	0.490
75.049,	149.900,	0.005127,	0.000571,	252.163,	0.540
75.139,	150.077,	0.002918,	0.003054,	252.161,	0.490
75.229,	150.253,	0.000070,	0.002925,	252.158,	0.495
75.316,	150.433,	-0.001726,	0.002809,	252.156,	0.495
75.406,	150.610,	-0.001924,	0.002800,	252.155,	0.490
75.503,	150.804,	-0.000751,	0.002115,	252.153,	0.545
75.600,	151.002,	0.003697,	0.002902,	252.150,	0.545
75.690,	151.178,	0.009467,	0.001835,	252.148,	0.490
75.776,	151.355,	0.016726,	0.002124,	252.148,	0.490
75.866,	151.535,	0.026877,	0.002458,	252.146,	0.500
75.956,	151.708,	0.039364,	0.003175,	252.143,	0.490
76.054,	151.906,	0.053324,	0.001432,	252.141,	0.545
76.140,	152.082,	0.071268,	0.002251,	252.140,	0.485
76.230,	152.258,	0.088215,	0.003016,	252.138,	0.495
76.320,	152.438,	0.107985,	0.001990,	252.134,	0.500
76.406,	152.615,	0.128441,	0.002757,	252.133,	0.485
76.507,	152.809,	0.151467,	0.001146,	252.132,	0.550
76.594,	152.989,	0.175886,	0.002798,	252.129,	0.490
76.684,	153.166,	0.198971,	0.003115,	252.127,	0.490
76.774,	153.342,	0.222997,	0.001917,	252.125,	0.500
76.860,	153.518,	0.245579,	0.002453,	252.123,	0.485
76.957,	153.716,	0.272619,	0.001648,	252.120,	0.550
77.047,	153.893,	0.295450,	0.001784,	252.119,	0.490
77.137,	154.069,	0.317813,	0.003100,	252.118,	0.490
77.224,	154.249,	0.340283,	0.002578,	252.117,	0.500
77.314,	154.426,	0.358050,	0.002639,	252.115,	0.490
77.411,	154.620,	0.377806,	0.000905,	252.112,	0.540
77.501,	154.796,	0.395519,	0.002160,	252.109,	0.495
77.587,	154.973,	0.409986,	0.003845,	252.108,	0.490
77.677,	155.153,	0.422818,	0.002199,	252.105,	0.495
77.767,	155.329,	0.434640,	0.002858,	252.104,	0.490
77.864,	155.524,	0.443688,	0.002481,	252.102,	0.540
77.951,	155.704,	0.451515,	0.002792,	252.101,	0.495
78.041,	155.880,	0.456654,	0.002654,	252.097,	0.490
78.127,	156.056,	0.462075,	0.003755,	252.096,	0.495
78.217,	156.236,	0.462853,	0.003421,	252.094,	0.495
78.314,	156.427,	0.462119,	0.001538,	252.093,	0.535
78.404,	156.604,	0.460160,	0.002563,	252.091,	0.490
78.491,	156.784,	0.457056,	0.003602,	252.088,	0.500
78.581,	156.960,	0.451335,	0.003746,	252.086,	0.490
78.671,	157.140,	0.445270,	0.002436,	252.086,	0.495
78.768,	157.334,	0.435217,	0.002277,	252.083,	0.540
78.854,	157.507,	0.426500,	0.003005,	252.080,	0.485
78.944,	157.687,	0.415539,	0.003339,	252.080,	0.495
79.031,	157.864,	0.404355,	0.003354,	252.078,	0.490
79.121,	158.040,	0.392994,	0.003718,	252.075,	0.495
79.211,	158.220,	0.379446,	0.002234,	252.072,	0.495
79.308,	158.414,	0.363737,	0.001829,	252.071,	0.540
79.394,	158.591,	0.349913,	0.001519,	252.070,	0.490
79.484,	158.767,	0.334814,	0.003649,	252.066,	0.490
79.574,	158.944,	0.321025,	0.001831,	252.065,	0.495
79.661,	159.124,	0.304656,	0.002469,	252.063,	0.495
79.758,	159.318,	0.287485,	0.002064,	252.062,	0.540
79.848,	159.494,	0.273528,	0.002313,	252.059,	0.490
79.934,	159.671,	0.258450,	0.001684,	252.058,	0.490
80.024,	159.851,	0.243700,	0.002503,	252.057,	0.500
80.114,	160.027,	0.228628,	0.002994,	252.055,	0.490
80.212,	160.218,	0.212350,	0.002654,	252.051,	0.535
80.298,	160.398,	0.199342,	0.001609,	252.051,	0.500
80.388,	160.574,	0.185172,	0.002602,	252.049,	0.490
80.478,	160.754,	0.171940,	0.002600,	252.047,	0.495
80.564,	160.931,	0.159603,	0.001833,	252.044,	0.495
80.662,	161.125,	0.145031,	0.002298,	252.042,	0.535
80.752,	161.302,	0.134399,	0.003552,	252.041,	0.495
80.838,	161.478,	0.122854,	0.001710,	252.038,	0.490
80.928,	161.654,	0.113509,	0.004304,	252.037,	0.490
81.018,	161.831,	0.103412,	0.003164,	252.035,	0.495
81.115,	162.025,	0.094162,	0.001682,	252.033,	0.535
81.202,	162.202,	0.084568,	0.002951,	252.029,	0.495
81.292,	162.378,	0.077563,	0.002087,	252.028,	0.490
81.378,	162.558,	0.070285,	0.002253,	252.027,	0.495
81.468,	162.734,	0.063386,	0.002400,	252.026,	0.490
81.565,	162.929,	0.056581,	0.001756,	252.025,	0.540
81.655,	163.109,	0.050736,	0.001712,	252.021,	0.500
81.742,	163.285,	0.046697,	0.002710,	252.020,	0.490
81.832,	163.462,	0.042270,	0.002165,	252.018,	0.490
81.922,	163.642,	0.037961,	0.002514,	252.015,	0.495
82.019,	163.832,	0.032641,	0.001807,	252.013,	0.535
82.105,	164.012,	0.030597,	0.002268,	252.011,	0.500
82.195,	164.189,	0.027492,	0.002264,	252.010,	0.490
82.285,	164.365,	0.025227,	0.002079,	252.007,	0.495
82.372,	164.545,	0.022001,	0.001519,	252.004,	0.495
82.469,	164.740,	0.019748,	0.002682,	252.004,	0.535
82.559,	164.916,	0.019023,	0.002385,	252.002,	0.495
82.649,	165.092,	0.016992,	0.003311,	251.998,	0.495
82.735,	165.269,	0.015181,	0.002061,	251.997,	0.485
82.825,	165.449,	0.013809,	0.001898,	251.996,	0.500
82.922,	165.643,	0.012457,	0.002966,	251.994,	0.540
83.009,	165.820,	0.012278,	0.002501,	251.990,	0.490
83.099,	165.996,	0.011800,	0.002981,	251.989,	0.490
83.189,	166.176,	0.000470,	0.003059,	251.987,	0.495
83.275,	166.352,	-0.003216,	0.003026,	251.986,	0.490
83.376,	166.547,	-0.003646,	0.001868,	251.983,	0.545
83.462,	166.723,	-0.004376,	0.002910,	251.982,	0.495
83.552,	166.900,	-0.003137,	0.003444,	251.981,	0.490
83.639,	167.080,	-0.003981,	0.003317,	251.979,	0.495
83.729,	167.256,	-0.006299,	0.003029,	251.976,	0.490
83.826,	167.450,	-0.007794,	0.002548,	251.974,	0.540
83.916,	167.630,	-0.006570,	0.001379,	251.973,	0.495
84.002,	167.803,	-0.006719,	0.003294,	251.972,	0.490
84.092,	167.983,	-0.006223,	0.003263,	251.969,	0.495
84.182,	168.160,	-0.006651,	0.002428,	251.968,	0.495
84.276,	168.354,	-0.007561,	0.001954,	251.966,	0.535
84.366,	168.534,	-0.006244,	0.001689,	251.963,	0.495
84.456,	168.710,	-0.007037,	0.001361,	251.960,	0.490
84.542,	168.887,	-0.003288,	0.002553,	251.959,	0.490
84.632,	169.067,	-0.002514,	0.002865,	251.957,	0.500
84.722,	169.240,	-0.002854,	0.003528,	251.957,	0.490
84.820,	169.434,	0.003470,	0.002275,	251.953,	0.540
84.906,	169.614,	0.006025,	0.001945,	251.951,	0.495
84.996,	169.790,	0.005607,	0.003001,	251.951,	0.490
85.086,	169.970,	0.005034,	0.001510,	251.949,	0.495
85.172,	170.147,	0.005578,	0.001631,	251.945,	0.490
85.270,	170.338,	0.001825,	0.002925,	251.944,	0.540
85.360,	170.518,	-0.007266,	0.002744,	251.942,	0.495
85.450,	170.694,	-0.006579,	0.003328,	251.940,	0.495
85.536,	170.870,	-0.006186,	0.002348,	251.937,	0.490
85.626,	171.050,	-0.007355,	0.002501,	251.936,	0.495
85.723,	171.245,	-0.007957,	0.002462,	251.934,	0.540
85.813,	171.421,	-0.006824,	0.002413,	251.931,	0.495
85.900,	171.601,	-0.008300,	0.001896,	251.929,	0.490
85.990,	171.774,	-0.010364,	0.002223,	251.928,	0.490
86.080,	171.954,	-0.007868,	0.003343,	251.926,	0.495
86.173,	172.148,	-0.007472,	0.000541,	251.923,	0.540
86.263,	172.325,	-0.007437,	0.001842,	251.921,	0.490
86.353,	172.505,	-0.006824,	0.002410,	251.920,	0.495
86.440,	172.681,	-0.007288,	0.002369,	251.918,	0.495
86.530,	172.858,	-0.006862,	0.003520,	251.917,	0.495
86.627,	173.052,	-0.006753,	0.002055,	251.914,	0.535
86.717,	173.228,	-0.007306,	0.002445,	251.913,	0.495
86.803,	173.405,	-0.006937,	0.002294,	251.912,	0.490
86.893,	173.585,	-0.006405,	0.002695,	251.908,	0.495
86.980,	173.761,	-0.006718,	0.002346,	251.906,	0.490
87.077,	173.956,	-0.006877,	0.002492,	251.904,	0.540
87.167,	174.136,	-0.007109,	0.002755,	251.902,	0.495
87.257,	174.308,	-0.007065,	0.002527,	251.900,	0.490
87.343,	174.488,	-0.006551,	0.001652,	251.897,	0.495
87.433,	174.665,	-0.006663,	0.001904,	251.896,	0.490
87.530,	174.859,	-0.006494,	0.002014,	251.894,	0.540
87.620,	175.036,	-0.006295,	0.002350,	251.892,	0.490
87.707,	175.216,	-0.001065,	0.002938,	251.891,	0.495
87.797,	175.392,	-0.005318,	0.002753,	251.890,	0.490
87.883,	175.568,	-0.007047,	0.001525,	251.887,	0.495
87.984,	175.766,	-0.006624,	0.002320,	251.884,	0.545
88.070,	175.939,	-0.007136,	0.002774,	251.883,	0.490
88.160,	176.119,	-0.006463,	0.002503,	251.881,	0.500
88.250,	176.296,	-0.007007,	0.002488,	251.881,	0.490
88.337,	176.476,	-0.005263,	0.002764,	251.877,	0.495
88.434,	176.670,	-0.004735,	0.002533,	251.875,	0.540
88.524,	176.843,	-0.005086,	0.002264,	251.873,	0.485
88.610,	177.023,	-0.004606,	0.002301,	251.872,	0.500
88.700,	177.203,	-0.005118,	0.003679,	251.869,	0.490
88.790,	177.379,	-0.005945,	0.003737,	251.868,	0.495
88.877,	177.556,	-0.005272,	0.003039,	251.867,	0.495
88.974,	177.750,	-0.005976,	0.002094,	251.864,	0.535
89.064,	177.930,	-0.005434,	0.002251,	251.862,	0.495
89.154,	178.106,	-0.005410,	0.002309,	251.860,	0.495
89.240,	178.283,	-0.006748,	0.002606,	251.858,	0.485
89.330,	178.459,	-0.006524,	0.002285,	251.857,	0.500
89.428,	178.654,	-0.006840,	0.001631,	251.853,	0.535
89.518,	178.830,	-0.006670,	0.003190,	251.852,	0.490
89.604,	179.006,	-0.006619,	0.003018,	251.852,	0.495
89.694,	179.186,	-0.006353,	0.003223,	251.849,	0.495
89.780,	179.363,	-0.007133,	0.002537,	251.846,	0.490
89.878,	179.557,	-0.008629,	0.001980,	251.844,	0.540
89.968,	179.734,	-0.008089,	0.001191,	251.843,	0.490
