Num, Lmd, sig,    mon,    Ring,  sec
#lmd,   E,  HOYAX,  Y,  Smpl,  Det, AGC X, Y, Smpl, Det
#6.65010,	186.4397,	57.000,	22.000,	4.300,	30.000,	0.000,	-76.000,	-0.068,	-0.346

1,	6.65010,	7.836575,	-0.002633,	279.822,	127.770
2,	6.65010,	7.834363,	0.001068,	279.819,	0.550
3,	6.65010,	7.837863,	-0.000267,	279.817,	0.500
4,	6.65010,	7.836347,	-0.000116,	279.814,	0.505
5,	6.65010,	7.834645,	-0.001056,	279.810,	0.495
6,	6.65010,	7.833609,	0.000795,	279.808,	0.500
7,	6.65010,	7.833117,	0.000502,	279.807,	0.550
8,	6.65010,	7.833987,	-0.000610,	279.803,	0.555
9,	6.65010,	7.835228,	-0.000397,	279.802,	0.545
10,	6.65010,	7.834256,	0.000252,	279.799,	0.505
11,	6.65010,	7.834501,	0.001376,	279.796,	0.500
12,	6.65010,	7.832782,	0.000248,	279.794,	0.495
13,	6.65010,	7.835006,	0.000021,	279.792,	0.500
14,	6.65010,	7.834699,	0.000821,	279.790,	0.550
15,	6.65010,	7.833977,	0.000024,	279.786,	0.500
16,	6.65010,	7.833820,	-0.000265,	279.784,	0.500
17,	6.65010,	7.833476,	-0.000315,	279.783,	0.500
18,	6.65010,	7.831162,	-0.000157,	279.781,	0.500
19,	6.65010,	7.831987,	-0.000274,	279.776,	0.505
20,	6.65010,	7.831195,	-0.000455,	279.774,	0.545
21,	6.65010,	7.831217,	0.000569,	279.774,	0.555
22,	6.65010,	7.832673,	0.000946,	279.769,	0.545
23,	6.65010,	7.833304,	-0.000821,	279.767,	0.550
24,	6.65010,	7.831712,	0.000220,	279.765,	0.550
25,	6.65010,	7.832322,	-0.000250,	279.761,	0.500
26,	6.65010,	7.830424,	-0.001359,	279.758,	0.500
27,	6.65010,	7.832726,	-0.000209,	279.758,	0.500
28,	6.65010,	7.832158,	-0.000129,	279.755,	0.500
29,	6.65010,	7.831190,	-0.000028,	279.752,	0.555
30,	6.65010,	7.832311,	-0.000920,	279.751,	0.500
31,	6.65010,	7.832619,	-0.000487,	279.748,	0.500
32,	6.65010,	7.832081,	-0.001191,	279.744,	0.495
33,	6.65010,	7.830059,	0.000153,	279.742,	0.500
34,	6.65010,	7.831643,	-0.000733,	279.741,	0.500
35,	6.65010,	7.830975,	-0.001204,	279.739,	0.550
36,	6.65010,	7.830112,	0.000153,	279.735,	0.500
37,	6.65010,	7.829416,	0.000047,	279.732,	0.500
38,	6.65010,	7.828104,	0.000902,	279.730,	0.505
39,	6.65010,	7.830041,	0.000519,	279.727,	0.495
40,	6.65010,	7.830290,	-0.000250,	279.726,	0.505
41,	6.65010,	7.830081,	0.001204,	279.724,	0.545
42,	6.65010,	7.830040,	-0.000173,	279.720,	0.555
43,	6.65010,	7.830716,	-0.000022,	279.717,	0.545
44,	6.65010,	7.830758,	-0.000213,	279.715,	0.500
45,	6.65010,	7.828993,	-0.000323,	279.715,	0.500
46,	6.65010,	7.829640,	0.000071,	279.710,	0.500
47,	6.65010,	7.828835,	0.000187,	279.708,	0.505
48,	6.65010,	7.827909,	0.000431,	279.707,	0.545
49,	6.65010,	7.830550,	-0.000291,	279.702,	0.505
50,	6.65010,	7.831781,	-0.000504,	279.701,	0.495
51,	6.65010,	7.830846,	0.000215,	279.699,	0.505
52,	6.65010,	7.830502,	-0.000063,	279.697,	0.495
53,	6.65010,	7.830044,	0.000105,	279.695,	0.500
54,	6.65010,	7.830119,	-0.000763,	279.692,	0.555
55,	6.65010,	7.828855,	0.000556,	279.690,	0.495
56,	6.65010,	7.828590,	-0.000954,	279.687,	0.505
57,	6.65010,	7.829774,	0.000862,	279.683,	0.495
58,	6.65010,	7.829124,	-0.000870,	279.682,	0.505
59,	6.65010,	7.829033,	0.001422,	279.680,	0.495
60,	6.65010,	7.829967,	0.000140,	279.677,	0.550
61,	6.65010,	7.828867,	0.000276,	279.674,	0.555
62,	6.65010,	7.827979,	0.000112,	279.671,	0.545
63,	6.65010,	7.829631,	-0.000101,	279.668,	0.500
64,	6.65010,	7.830969,	0.001562,	279.666,	0.500
65,	6.65010,	7.830933,	-0.000076,	279.664,	0.505
66,	6.65010,	7.831854,	-0.000621,	279.662,	0.495
67,	6.65010,	7.830062,	0.000194,	279.658,	0.555
68,	6.65010,	7.832303,	0.000534,	279.656,	0.495
69,	6.65010,	7.829409,	-0.000239,	279.654,	0.500
70,	6.65010,	7.831210,	-0.001028,	279.653,	0.500
71,	6.65010,	7.833235,	0.000254,	279.650,	0.500
72,	6.65010,	7.832535,	0.000021,	279.647,	0.555
73,	6.65010,	7.831994,	0.000635,	279.646,	0.550
74,	6.65010,	7.831275,	0.000310,	279.641,	0.500
75,	6.65010,	7.833211,	0.000321,	279.640,	0.500
76,	6.65010,	7.833239,	-0.000334,	279.637,	0.500
77,	6.65010,	7.830793,	-0.000069,	279.636,	0.500
78,	6.65010,	7.827534,	0.000125,	279.631,	0.550
79,	6.65010,	7.831275,	-0.000513,	279.630,	0.500
80,	6.65010,	7.830799,	-0.001142,	279.628,	0.495
81,	6.65010,	7.829153,	0.000239,	279.626,	0.505
82,	6.65010,	7.831813,	-0.001443,	279.623,	0.495
83,	6.65010,	7.832915,	0.000435,	279.621,	0.505
84,	6.65010,	7.831701,	-0.000254,	279.618,	0.545
85,	6.65010,	7.829359,	-0.000009,	279.614,	0.500
86,	6.65010,	7.831403,	-0.000095,	279.613,	0.500
87,	6.65010,	7.830272,	-0.000532,	279.611,	0.505
88,	6.65010,	7.831217,	0.000855,	279.610,	0.500
89,	6.65010,	7.832320,	0.000620,	279.606,	0.495
90,	6.65010,	7.832420,	-0.000334,	279.603,	0.550
91,	6.65010,	7.830860,	-0.000670,	279.602,	0.505
92,	6.65010,	7.831001,	-0.000599,	279.597,	0.500
93,	6.65010,	7.834482,	0.000622,	279.595,	0.495
94,	6.65010,	7.831071,	-0.000789,	279.594,	0.505
95,	6.65010,	7.832543,	0.000519,	279.592,	0.495
96,	6.65010,	7.830728,	-0.000401,	279.588,	0.550
97,	6.65010,	7.831889,	-0.000170,	279.586,	0.500
98,	6.65010,	7.834333,	0.000405,	279.585,	0.500
99,	6.65010,	7.831450,	0.000737,	279.583,	0.505
100,	6.65010,	7.831970,	-0.000209,	279.579,	0.495
