Num, Lmd, sig,    mon,    Ring,  sec
#lmd,   E,  HOYAX,  Y,  Smpl,  Det, AGC X, Y, Smpl, Det
#6.60012,	187.8515,	57.000,	22.000,	4.300,	30.000,	0.000,	-76.000,	-0.068,	-0.346

1,	6.60012,	8.121700,	-0.003436,	281.986,	127.860
2,	6.60012,	8.119465,	-0.000173,	281.985,	0.550
3,	6.60012,	8.119121,	0.000918,	281.983,	0.550
4,	6.60012,	8.119621,	0.000198,	281.977,	0.550
5,	6.60012,	8.120264,	0.000299,	281.976,	0.495
6,	6.60012,	8.119247,	-0.000493,	281.974,	0.505
7,	6.60012,	8.118211,	-0.000071,	281.970,	0.500
8,	6.60012,	8.119178,	0.000657,	281.968,	0.500
9,	6.60012,	8.120248,	0.000336,	281.967,	0.550
10,	6.60012,	8.115534,	-0.001157,	281.964,	0.500
11,	6.60012,	8.118596,	0.000224,	281.959,	0.495
12,	6.60012,	8.117026,	-0.000257,	281.958,	0.500
13,	6.60012,	8.117238,	-0.000886,	281.955,	0.505
14,	6.60012,	8.117126,	-0.000521,	281.954,	0.500
15,	6.60012,	8.115600,	0.000532,	281.951,	0.550
16,	6.60012,	8.117085,	-0.000179,	281.949,	0.500
17,	6.60012,	8.116751,	0.001146,	281.946,	0.500
18,	6.60012,	8.116272,	0.001594,	281.942,	0.500
19,	6.60012,	8.117609,	0.000627,	281.941,	0.500
20,	6.60012,	8.116235,	0.000594,	281.939,	0.500
21,	6.60012,	8.116434,	-0.000328,	281.937,	0.545
22,	6.60012,	8.115672,	-0.000067,	281.932,	0.555
23,	6.60012,	8.115720,	-0.000282,	281.931,	0.550
24,	6.60012,	8.114998,	0.000375,	281.928,	0.500
25,	6.60012,	8.113899,	-0.000672,	281.925,	0.500
26,	6.60012,	8.115787,	-0.000261,	281.923,	0.505
27,	6.60012,	8.113863,	0.000513,	281.920,	0.500
28,	6.60012,	8.113978,	0.000349,	281.919,	0.550
29,	6.60012,	8.114135,	-0.000935,	281.915,	0.500
30,	6.60012,	8.115359,	0.000086,	281.913,	0.500
31,	6.60012,	8.112169,	-0.000091,	281.910,	0.500
32,	6.60012,	8.112043,	0.000935,	281.908,	0.500
33,	6.60012,	8.112148,	0.001105,	281.905,	0.500
34,	6.60012,	8.110586,	-0.000636,	281.903,	0.545
35,	6.60012,	8.112702,	0.000312,	281.901,	0.505
36,	6.60012,	8.110938,	-0.000776,	281.897,	0.500
37,	6.60012,	8.110917,	0.000620,	281.895,	0.505
38,	6.60012,	8.111553,	-0.000453,	281.894,	0.500
39,	6.60012,	8.109721,	-0.000696,	281.890,	0.550
40,	6.60012,	8.111373,	-0.000315,	281.887,	0.505
41,	6.60012,	8.112027,	0.000049,	281.886,	0.500
42,	6.60012,	8.110610,	-0.000980,	281.883,	0.505
43,	6.60012,	8.109269,	-0.001527,	281.879,	0.505
44,	6.60012,	8.109546,	-0.000379,	281.877,	0.550
45,	6.60012,	8.108471,	0.000039,	281.875,	0.545
46,	6.60012,	8.108618,	-0.000666,	281.872,	0.550
47,	6.60012,	8.109381,	-0.000405,	281.870,	0.505
48,	6.60012,	8.107495,	0.000011,	281.869,	0.500
49,	6.60012,	8.109558,	0.000008,	281.865,	0.500
50,	6.60012,	8.109515,	0.000696,	281.864,	0.500
51,	6.60012,	8.109209,	-0.000239,	281.861,	0.550
52,	6.60012,	8.107045,	0.000334,	281.858,	0.500
53,	6.60012,	8.109847,	0.000444,	281.855,	0.500
54,	6.60012,	8.108896,	-0.000054,	281.852,	0.500
55,	6.60012,	8.108233,	0.000228,	281.850,	0.500
56,	6.60012,	8.108756,	0.000398,	281.850,	0.500
57,	6.60012,	8.109704,	0.000388,	281.845,	0.550
58,	6.60012,	8.108869,	0.001456,	281.844,	0.500
59,	6.60012,	8.108872,	-0.000160,	281.841,	0.500
60,	6.60012,	8.109168,	-0.000795,	281.838,	0.500
61,	6.60012,	8.110306,	0.000013,	281.835,	0.500
62,	6.60012,	8.106143,	0.000222,	281.833,	0.545
63,	6.60012,	8.109831,	0.000362,	281.832,	0.500
64,	6.60012,	8.109366,	-0.001114,	281.827,	0.500
65,	6.60012,	8.109239,	-0.000481,	281.826,	0.505
66,	6.60012,	8.108226,	-0.000093,	281.824,	0.500
67,	6.60012,	8.107587,	-0.000244,	281.822,	0.550
68,	6.60012,	8.108773,	0.000467,	281.818,	0.545
69,	6.60012,	8.106005,	0.000383,	281.816,	0.505
70,	6.60012,	8.109916,	0.000635,	281.814,	0.500
71,	6.60012,	8.107738,	0.000353,	281.810,	0.500
72,	6.60012,	8.107557,	0.000935,	281.809,	0.500
73,	6.60012,	8.107262,	-0.000782,	281.807,	0.550
74,	6.60012,	8.108571,	0.000189,	281.802,	0.550
75,	6.60012,	8.108850,	0.000429,	281.799,	0.550
76,	6.60012,	8.107610,	0.000930,	281.800,	0.495
77,	6.60012,	8.109452,	0.000969,	281.796,	0.505
78,	6.60012,	8.106840,	0.000323,	281.793,	0.500
79,	6.60012,	8.110278,	-0.000524,	281.792,	0.505
80,	6.60012,	8.108323,	-0.000931,	281.789,	0.545
81,	6.60012,	8.107702,	0.000547,	281.785,	0.555
82,	6.60012,	8.109102,	0.000467,	281.784,	0.550
83,	6.60012,	8.108289,	0.000314,	281.782,	0.550
84,	6.60012,	8.107595,	-0.000864,	281.777,	0.550
85,	6.60012,	8.107018,	-0.000345,	281.776,	0.550
86,	6.60012,	8.109387,	0.000969,	281.771,	0.500
87,	6.60012,	8.109434,	0.000045,	281.772,	0.500
88,	6.60012,	8.108317,	0.000069,	281.769,	0.500
89,	6.60012,	8.108632,	0.000138,	281.767,	0.500
90,	6.60012,	8.108170,	-0.000778,	281.763,	0.550
91,	6.60012,	8.109056,	-0.000677,	281.762,	0.500
92,	6.60012,	8.109410,	0.000021,	281.760,	0.495
93,	6.60012,	8.109421,	0.000719,	281.758,	0.500
94,	6.60012,	8.109466,	-0.000875,	281.753,	0.505
95,	6.60012,	8.108712,	-0.000007,	281.751,	0.550
96,	6.60012,	8.108093,	-0.000373,	281.750,	0.550
97,	6.60012,	8.108350,	-0.000138,	281.746,	0.550
98,	6.60012,	8.109732,	-0.000780,	281.742,	0.550
99,	6.60012,	8.108765,	0.000039,	281.741,	0.550
100,	6.60012,	8.110537,	0.000265,	281.736,	0.500
