Num, Lmd, sig,    mon,    Ring,  sec
#lmd,   E,  HOYAX,  Y,  Smpl,  Det, AGC X, Y, Smpl, Det
#6.55015,	189.2846,	57.000,	22.000,	4.300,	30.000,	2.400,	4.000,	69.930,	29.999

1,	6.55015,	-0.004636,	-0.002839,	271.069,	63.505
2,	6.55015,	-0.006938,	0.000377,	271.066,	0.545
3,	6.55015,	-0.006638,	0.001107,	271.064,	0.505
4,	6.55015,	-0.006578,	0.001245,	271.060,	0.505
5,	6.55015,	-0.006363,	0.000064,	271.060,	0.495
6,	6.55015,	-0.006765,	-0.000388,	271.058,	0.505
7,	6.55015,	-0.006578,	0.000049,	271.057,	0.500
8,	6.55015,	-0.007708,	0.000933,	271.052,	0.545
9,	6.55015,	-0.006511,	-0.000390,	271.051,	0.555
10,	6.55015,	-0.007095,	-0.000722,	271.048,	0.545
11,	6.55015,	-0.007535,	-0.000302,	271.045,	0.500
12,	6.55015,	-0.006503,	-0.000405,	271.044,	0.500
13,	6.55015,	-0.007503,	-0.000052,	271.042,	0.505
14,	6.55015,	-0.006960,	-0.000183,	271.041,	0.500
15,	6.55015,	-0.006256,	-0.000386,	271.037,	0.545
16,	6.55015,	-0.006587,	0.000795,	271.036,	0.505
17,	6.55015,	-0.007531,	0.000241,	271.034,	0.505
18,	6.55015,	-0.007114,	0.000515,	271.030,	0.505
19,	6.55015,	-0.006518,	0.000008,	271.028,	0.495
20,	6.55015,	-0.006815,	-0.000138,	271.026,	0.555
21,	6.55015,	-0.007222,	-0.001308,	271.022,	0.545
22,	6.55015,	-0.006681,	0.000739,	271.020,	0.555
23,	6.55015,	-0.007342,	-0.000814,	271.019,	0.500
24,	6.55015,	-0.006339,	-0.000129,	271.016,	0.500
25,	6.55015,	-0.007393,	-0.000431,	271.015,	0.505
26,	6.55015,	-0.007399,	0.000047,	271.012,	0.505
27,	6.55015,	-0.006642,	-0.000123,	271.010,	0.545
28,	6.55015,	-0.007384,	-0.000366,	271.006,	0.550
29,	6.55015,	-0.006987,	0.000239,	271.004,	0.555
30,	6.55015,	-0.007727,	0.000054,	271.003,	0.550
31,	6.55015,	-0.006474,	0.001040,	270.999,	0.495
32,	6.55015,	-0.006919,	-0.000864,	270.997,	0.505
33,	6.55015,	-0.007293,	-0.000407,	270.995,	0.505
34,	6.55015,	-0.006420,	0.000472,	270.994,	0.495
35,	6.55015,	-0.006713,	0.000915,	270.989,	0.555
36,	6.55015,	-0.006528,	0.000250,	270.989,	0.495
37,	6.55015,	-0.007266,	-0.001038,	270.987,	0.505
38,	6.55015,	-0.006379,	0.000267,	270.984,	0.505
39,	6.55015,	-0.006967,	-0.000257,	270.982,	0.505
40,	6.55015,	-0.006752,	0.000724,	270.981,	0.495
41,	6.55015,	-0.006508,	-0.000338,	270.979,	0.550
42,	6.55015,	-0.006684,	0.000523,	270.975,	0.505
43,	6.55015,	-0.006823,	-0.000489,	270.973,	0.500
44,	6.55015,	-0.006584,	0.000588,	270.972,	0.500
45,	6.55015,	-0.006929,	0.000267,	270.968,	0.500
46,	6.55015,	-0.006246,	-0.000250,	270.966,	0.550
47,	6.55015,	-0.006665,	0.000521,	270.964,	0.505
48,	6.55015,	-0.007406,	-0.000099,	270.961,	0.505
49,	6.55015,	-0.007555,	-0.000562,	270.959,	0.505
50,	6.55015,	-0.007226,	0.000239,	270.957,	0.500
51,	6.55015,	-0.006446,	0.000314,	270.955,	0.500
52,	6.55015,	-0.006514,	-0.000213,	270.952,	0.550
53,	6.55015,	-0.007551,	0.000250,	270.950,	0.510
54,	6.55015,	-0.007342,	-0.000709,	270.948,	0.505
55,	6.55015,	-0.007010,	-0.000310,	270.946,	0.500
56,	6.55015,	-0.007650,	-0.000724,	270.943,	0.505
57,	6.55015,	-0.006869,	0.000043,	270.941,	0.505
58,	6.55015,	-0.006893,	-0.000295,	270.939,	0.555
59,	6.55015,	-0.007880,	-0.000670,	270.935,	0.505
60,	6.55015,	-0.007045,	-0.000175,	270.933,	0.500
61,	6.55015,	-0.007363,	0.000495,	270.932,	0.510
62,	6.55015,	-0.007038,	-0.000700,	270.929,	0.505
63,	6.55015,	-0.006243,	0.001223,	270.926,	0.545
64,	6.55015,	-0.007374,	-0.000625,	270.925,	0.510
65,	6.55015,	-0.006655,	0.000459,	270.923,	0.500
66,	6.55015,	-0.007428,	-0.000519,	270.919,	0.500
67,	6.55015,	-0.006720,	0.000082,	270.918,	0.505
68,	6.55015,	-0.006261,	-0.000416,	270.915,	0.505
69,	6.55015,	-0.006559,	-0.000274,	270.914,	0.545
70,	6.55015,	-0.006906,	-0.000153,	270.910,	0.505
71,	6.55015,	-0.007057,	-0.000683,	270.908,	0.500
72,	6.55015,	-0.006363,	0.000401,	270.906,	0.500
73,	6.55015,	-0.007137,	0.000108,	270.905,	0.505
74,	6.55015,	-0.006678,	0.000024,	270.900,	0.545
75,	6.55015,	-0.007026,	0.000403,	270.900,	0.550
76,	6.55015,	-0.006784,	0.001109,	270.898,	0.550
77,	6.55015,	-0.007766,	0.001012,	270.894,	0.555
78,	6.55015,	-0.006937,	-0.001194,	270.892,	0.500
79,	6.55015,	-0.006533,	-0.000261,	270.891,	0.500
80,	6.55015,	-0.006707,	0.000273,	270.887,	0.500
81,	6.55015,	-0.007235,	0.000385,	270.885,	0.500
82,	6.55015,	-0.006993,	-0.000209,	270.884,	0.550
83,	6.55015,	-0.006337,	0.000413,	270.880,	0.505
84,	6.55015,	-0.006872,	0.000271,	270.878,	0.505
85,	6.55015,	-0.006322,	-0.000655,	270.876,	0.495
86,	6.55015,	-0.006669,	-0.001558,	270.874,	0.500
87,	6.55015,	-0.006189,	0.000396,	270.872,	0.500
88,	6.55015,	-0.006244,	-0.001043,	270.869,	0.550
89,	6.55015,	-0.006866,	-0.000830,	270.867,	0.550
90,	6.55015,	-0.006743,	0.000786,	270.864,	0.505
91,	6.55015,	-0.007594,	0.000088,	270.862,	0.500
92,	6.55015,	-0.006469,	-0.000448,	270.859,	0.505
93,	6.55015,	-0.006160,	0.000853,	270.858,	0.505
94,	6.55015,	-0.006919,	-0.000681,	270.854,	0.550
95,	6.55015,	-0.007052,	-0.000181,	270.852,	0.550
96,	6.55015,	-0.007702,	-0.001060,	270.851,	0.550
97,	6.55015,	-0.007924,	-0.001114,	270.848,	0.550
98,	6.55015,	-0.006659,	-0.000944,	270.846,	0.550
99,	6.55015,	-0.007078,	0.000069,	270.842,	0.505
100,	6.55015,	-0.006760,	-0.000791,	270.841,	0.505
