Num, Lmd, sig,    mon,    Ring,  sec
#lmd,   E,  HOYAX,  Y,  Smpl,  Det, AGC X, Y, Smpl, Det
#6.55015,	189.2846,	57.000,	22.000,	4.300,	30.000,	0.000,	-76.000,	-0.068,	-0.346

1,	6.55011,	7.360972,	-0.002850,	249.452,	93.980
2,	6.55011,	7.362157,	-0.000784,	249.451,	0.550
3,	6.55015,	7.360761,	0.000530,	249.446,	0.500
4,	6.55011,	7.360869,	0.000849,	249.444,	0.500
5,	6.55011,	7.360508,	0.000390,	249.443,	0.500
6,	6.55011,	7.360864,	0.000254,	249.442,	0.500
7,	6.55011,	7.359618,	-0.000995,	249.439,	0.550
8,	6.55011,	7.362255,	0.000039,	249.438,	0.500
9,	6.55015,	7.362088,	-0.000078,	249.437,	0.505
10,	6.55015,	7.358875,	-0.001327,	249.433,	0.495
11,	6.55015,	7.360126,	-0.000192,	249.432,	0.500
12,	6.55011,	7.361444,	0.000069,	249.431,	0.555
13,	6.55011,	7.361245,	-0.000121,	249.429,	0.550
14,	6.55015,	7.360912,	0.000015,	249.425,	0.550
15,	6.55011,	7.362838,	-0.000586,	249.425,	0.495
16,	6.55015,	7.361692,	-0.000132,	249.422,	0.500
17,	6.55015,	7.362887,	0.001073,	249.420,	0.500
18,	6.55015,	7.361064,	0.000345,	249.417,	0.500
19,	6.55011,	7.362888,	0.000116,	249.417,	0.550
20,	6.55015,	7.361842,	-0.001010,	249.413,	0.500
21,	6.55015,	7.362533,	-0.000644,	249.411,	0.505
22,	6.55015,	7.362680,	-0.000295,	249.411,	0.495
23,	6.55015,	7.361479,	-0.000015,	249.409,	0.500
24,	6.55015,	7.363594,	0.000267,	249.407,	0.500
25,	6.55015,	7.362103,	-0.000280,	249.404,	0.550
26,	6.55015,	7.363879,	-0.000028,	249.404,	0.505
27,	6.55015,	7.363027,	-0.000009,	249.401,	0.495
28,	6.55015,	7.361694,	-0.001058,	249.398,	0.500
29,	6.55015,	7.362145,	0.000573,	249.397,	0.500
30,	6.55015,	7.362779,	0.000685,	249.396,	0.550
31,	6.55015,	7.361272,	0.000678,	249.392,	0.505
32,	6.55015,	7.364031,	0.000687,	249.391,	0.495
33,	6.55015,	7.363663,	0.000543,	249.390,	0.500
34,	6.55015,	7.363255,	-0.000942,	249.388,	0.500
35,	6.55015,	7.362551,	-0.000020,	249.385,	0.555
36,	6.55015,	7.363269,	0.000730,	249.383,	0.495
37,	6.55015,	7.364460,	-0.000168,	249.382,	0.500
38,	6.55011,	7.363048,	-0.000244,	249.380,	0.500
39,	6.55011,	7.362861,	0.000304,	249.377,	0.500
40,	6.55015,	7.361889,	-0.000547,	249.376,	0.550
41,	6.55015,	7.361916,	-0.000485,	249.374,	0.550
42,	6.55015,	7.363474,	-0.000530,	249.371,	0.550
43,	6.55015,	7.361958,	-0.000289,	249.369,	0.505
44,	6.55015,	7.358825,	0.000045,	249.368,	0.495
45,	6.55015,	7.363709,	-0.000052,	249.365,	0.500
46,	6.55015,	7.361366,	-0.000017,	249.363,	0.500
47,	6.55015,	7.362406,	0.000508,	249.363,	0.555
48,	6.55015,	7.361088,	-0.000575,	249.361,	0.495
49,	6.55015,	7.361885,	0.000017,	249.358,	0.500
50,	6.55015,	7.359553,	-0.000037,	249.355,	0.500
51,	6.55015,	7.363207,	0.000280,	249.354,	0.500
52,	6.55015,	7.361397,	-0.000071,	249.353,	0.500
53,	6.55015,	7.360548,	0.000321,	249.350,	0.550
54,	6.55015,	7.358906,	0.000431,	249.348,	0.500
55,	6.55015,	7.360932,	-0.000347,	249.347,	0.500
56,	6.55015,	7.357956,	-0.001174,	249.344,	0.500
57,	6.55015,	7.360639,	0.000316,	249.342,	0.500
58,	6.55015,	7.359873,	-0.000035,	249.340,	0.500
59,	6.55015,	7.357735,	0.000575,	249.338,	0.555
60,	6.55015,	7.359817,	0.001355,	249.335,	0.545
61,	6.55015,	7.358130,	-0.000276,	249.335,	0.550
62,	6.55015,	7.358937,	0.000646,	249.333,	0.505
63,	6.55015,	7.359911,	-0.000024,	249.331,	0.495
64,	6.55015,	7.357493,	0.000715,	249.330,	0.500
65,	6.55015,	7.357371,	0.000332,	249.328,	0.500
66,	6.55015,	7.358356,	0.000250,	249.327,	0.550
67,	6.55015,	7.356873,	0.000155,	249.323,	0.500
68,	6.55015,	7.358135,	-0.000601,	249.320,	0.500
69,	6.55015,	7.357702,	0.000745,	249.320,	0.500
70,	6.55015,	7.356664,	-0.000054,	249.318,	0.500
71,	6.55015,	7.357530,	-0.000448,	249.314,	0.550
72,	6.55015,	7.356465,	0.000146,	249.314,	0.505
73,	6.55015,	7.356464,	0.000282,	249.311,	0.495
74,	6.55015,	7.356762,	0.000000,	249.309,	0.500
75,	6.55015,	7.356901,	-0.000069,	249.307,	0.505
76,	6.55015,	7.357690,	0.000564,	249.306,	0.495
77,	6.55015,	7.355522,	0.000489,	249.304,	0.550
78,	6.55015,	7.357392,	-0.000114,	249.302,	0.550
79,	6.55015,	7.354370,	-0.000177,	249.299,	0.550
80,	6.55015,	7.356892,	0.000485,	249.297,	0.500
81,	6.55015,	7.357054,	-0.000827,	249.296,	0.500
82,	6.55015,	7.355371,	-0.000149,	249.294,	0.500
83,	6.55015,	7.354668,	0.001191,	249.293,	0.500
84,	6.55015,	7.355124,	-0.000752,	249.290,	0.550
85,	6.55015,	7.354797,	0.000640,	249.288,	0.500
86,	6.55015,	7.353596,	0.000355,	249.287,	0.505
87,	6.55015,	7.352779,	0.000482,	249.285,	0.500
88,	6.55015,	7.355507,	0.000756,	249.282,	0.495
89,	6.55015,	7.353318,	-0.000448,	249.280,	0.500
90,	6.55015,	7.352963,	0.000459,	249.279,	0.550
91,	6.55015,	7.354489,	0.000777,	249.275,	0.500
92,	6.55015,	7.354052,	-0.000157,	249.274,	0.505
93,	6.55015,	7.352339,	-0.000711,	249.273,	0.495
94,	6.55015,	7.353437,	0.000101,	249.272,	0.500
95,	6.55015,	7.352543,	-0.000506,	249.270,	0.500
96,	6.55015,	7.355220,	0.000485,	249.267,	0.555
97,	6.55015,	7.352744,	0.000441,	249.265,	0.545
98,	6.55015,	7.352050,	-0.000696,	249.262,	0.550
99,	6.55015,	7.350704,	-0.000175,	249.260,	0.500
100,	6.55015,	7.352859,	0.001105,	249.258,	0.500
