Smpl, Det, sig,    mon,    Ring,  sec
#lmd,   E,  HOYAX,  Y,  Smpl,  Det, AGC X, Y, Smpl, Det, ppsSmpl, ppsDet
#6.65014,	186.4385,	57.000,	22.000,	4.300,	30.000,	-52.700,	13.300,	-0.068,	-0.346,100,100

-0.130,	-0.461,	2.905100,	-0.000730,	245.145,	14.760
-0.029,	-0.266,	2.516474,	0.000672,	245.141,	0.535
0.058,	-0.090,	2.330666,	0.002699,	245.141,	0.495
0.148,	0.090,	2.134284,	0.003513,	245.139,	0.495
0.238,	0.266,	1.969035,	0.001840,	245.136,	0.490
0.324,	0.443,	2.119288,	0.003983,	245.136,	0.495
0.421,	0.637,	2.198507,	0.001883,	245.134,	0.540
0.511,	0.817,	2.421346,	0.002652,	245.133,	0.500
0.601,	0.994,	2.388254,	0.002223,	245.131,	0.490
0.688,	1.170,	2.521912,	0.001784,	245.128,	0.490
0.778,	1.350,	2.828029,	0.002958,	245.127,	0.500
0.875,	1.544,	3.057247,	0.002337,	245.125,	0.535
0.965,	1.721,	3.126308,	0.002242,	245.123,	0.495
1.051,	1.897,	3.137169,	0.001486,	245.121,	0.490
1.141,	2.077,	3.140149,	0.003274,	245.119,	0.495
1.231,	2.254,	3.148834,	0.003526,	245.118,	0.495
1.328,	2.448,	3.156241,	0.002251,	245.115,	0.540
1.415,	2.628,	3.161049,	0.002497,	245.114,	0.495
1.505,	2.804,	3.165944,	0.002759,	245.112,	0.495
1.595,	2.981,	3.167923,	0.002785,	245.112,	0.490
1.681,	3.161,	3.140364,	0.001208,	245.108,	0.495
1.778,	3.355,	3.108429,	0.002094,	245.107,	0.540
1.868,	3.535,	3.111817,	0.002301,	245.105,	0.495
1.958,	3.708,	3.153862,	0.002033,	245.103,	0.490
2.045,	3.888,	3.227455,	0.001527,	245.099,	0.490
2.135,	4.064,	3.322731,	0.001129,	245.099,	0.495
2.232,	4.259,	3.440083,	0.001988,	245.097,	0.545
2.318,	4.435,	3.552645,	0.002453,	245.096,	0.485
2.408,	4.612,	3.665239,	0.002324,	245.094,	0.495
2.498,	4.792,	3.772299,	0.002734,	245.091,	0.495
2.588,	4.972,	3.880429,	0.002475,	245.090,	0.495
2.686,	5.166,	4.001909,	0.001777,	245.088,	0.540
2.772,	5.342,	4.114414,	0.001654,	245.085,	0.490
2.862,	5.519,	4.211988,	0.002406,	245.085,	0.500
2.952,	5.695,	4.311381,	0.002055,	245.083,	0.490
3.038,	5.875,	4.417688,	0.002742,	245.081,	0.495
3.136,	6.070,	4.553503,	0.001740,	245.078,	0.540
3.226,	6.246,	4.682680,	0.003050,	245.076,	0.490
3.316,	6.426,	4.797045,	0.003156,	245.074,	0.500
3.402,	6.602,	4.896649,	0.002145,	245.072,	0.490
3.492,	6.779,	4.982929,	0.003647,	245.071,	0.495
3.589,	6.977,	5.071777,	0.002839,	245.070,	0.540
3.679,	7.150,	5.148964,	0.002165,	245.068,	0.490
3.766,	7.330,	5.223687,	0.002178,	245.064,	0.495
3.856,	7.506,	5.287680,	0.003319,	245.063,	0.495
3.946,	7.686,	5.331822,	0.002061,	245.061,	0.495
4.043,	7.880,	5.364568,	0.002703,	245.059,	0.535
4.129,	8.057,	5.379145,	0.002802,	245.057,	0.495
4.219,	8.233,	5.383356,	0.001921,	245.057,	0.490
4.309,	8.413,	5.375823,	0.001219,	245.054,	0.495
4.396,	8.586,	5.362375,	0.002861,	245.052,	0.490
4.486,	8.766,	5.344043,	0.002643,	245.051,	0.495
4.583,	8.960,	5.316029,	0.000967,	245.048,	0.540
4.673,	9.137,	5.289825,	0.002535,	245.047,	0.490
4.759,	9.317,	5.261150,	0.001859,	245.046,	0.500
4.849,	9.493,	5.228087,	0.001288,	245.043,	0.490
4.939,	9.673,	5.196508,	0.002479,	245.042,	0.495
5.033,	9.864,	5.158864,	0.002273,	245.040,	0.540
5.123,	10.040,	5.124730,	0.002854,	245.038,	0.490
5.213,	10.220,	5.087423,	0.003042,	245.035,	0.495
5.299,	10.397,	5.053334,	0.002503,	245.033,	0.490
5.389,	10.573,	5.015365,	0.002783,	245.033,	0.490
5.486,	10.768,	4.972319,	0.001531,	245.031,	0.540
5.576,	10.948,	4.931164,	0.002686,	245.028,	0.495
5.663,	11.120,	4.891885,	0.002076,	245.027,	0.490
5.753,	11.300,	4.848173,	0.001607,	245.025,	0.495
5.843,	11.477,	4.805783,	0.002167,	245.023,	0.495
5.940,	11.671,	4.755125,	0.002016,	245.021,	0.535
6.026,	11.851,	4.711823,	0.002871,	245.019,	0.500
6.116,	12.028,	4.665075,	0.001723,	245.018,	0.490
6.206,	12.208,	4.617696,	0.002305,	245.017,	0.500
6.293,	12.384,	4.569500,	0.002895,	245.014,	0.490
6.390,	12.578,	4.517092,	0.001465,	245.012,	0.540
6.480,	12.755,	4.454075,	0.002283,	245.011,	0.495
6.570,	12.931,	4.399045,	0.003091,	245.010,	0.490
6.656,	13.111,	4.341473,	0.002167,	245.007,	0.495
6.746,	13.288,	4.281428,	0.002322,	245.005,	0.495
6.844,	13.482,	4.212127,	0.001579,	245.005,	0.535
6.934,	13.662,	4.148501,	0.001338,	245.001,	0.495
7.020,	13.838,	4.081314,	0.001503,	245.000,	0.495
7.110,	14.018,	4.012346,	0.002839,	244.998,	0.495
7.200,	14.191,	3.939198,	0.001827,	244.996,	0.490
7.290,	14.371,	3.865416,	0.002210,	244.994,	0.500
7.387,	14.566,	3.777887,	0.002038,	244.992,	0.540
7.474,	14.742,	3.695695,	0.002148,	244.991,	0.490
7.564,	14.922,	3.608990,	0.002893,	244.988,	0.500
7.654,	15.098,	3.518180,	0.001228,	244.986,	0.490
7.740,	15.278,	3.423997,	0.002329,	244.984,	0.500
7.837,	15.473,	3.316030,	0.003541,	244.982,	0.535
7.927,	15.649,	3.213244,	0.001990,	244.981,	0.495
8.017,	15.826,	3.104225,	0.002432,	244.979,	0.490
8.104,	16.006,	2.989002,	0.002600,	244.978,	0.495
8.194,	16.182,	2.868901,	0.001676,	244.976,	0.495
8.291,	16.376,	2.730858,	0.001659,	244.974,	0.540
8.381,	16.556,	2.599288,	0.002503,	244.972,	0.500
8.471,	16.733,	2.465359,	0.001926,	244.970,	0.490
8.557,	16.909,	2.321677,	0.002684,	244.968,	0.490
8.647,	17.089,	2.174577,	0.001747,	244.966,	0.500
8.744,	17.284,	2.012345,	0.002303,	244.964,	0.535
8.834,	17.464,	1.862365,	0.001077,	244.962,	0.500
8.921,	17.640,	1.715942,	0.001786,	244.961,	0.490
9.011,	17.820,	1.570948,	0.002221,	244.960,	0.500
9.101,	17.996,	1.430894,	0.001949,	244.957,	0.490
9.198,	18.191,	1.286595,	0.002925,	244.955,	0.540
9.284,	18.367,	1.162634,	0.002641,	244.952,	0.490
9.374,	18.544,	1.050693,	0.001107,	244.952,	0.495
9.464,	18.724,	0.950958,	0.001437,	244.949,	0.500
9.554,	18.900,	0.868516,	0.001859,	244.947,	0.490
9.652,	19.094,	0.791090,	0.002628,	244.946,	0.535
9.738,	19.274,	0.736660,	0.002964,	244.941,	0.500
9.828,	19.451,	0.694892,	0.002163,	244.939,	0.490
9.918,	19.631,	0.663152,	0.001667,	244.939,	0.500
10.004,	19.807,	0.640367,	0.002449,	244.937,	0.490
10.102,	19.998,	0.622224,	0.002822,	244.937,	0.535
10.192,	20.178,	0.611246,	0.001669,	244.934,	0.500
10.282,	20.354,	0.603168,	0.003468,	244.932,	0.490
10.372,	20.534,	0.596480,	0.001506,	244.931,	0.500
10.458,	20.711,	0.588539,	0.002740,	244.930,	0.490
10.555,	20.905,	0.577080,	0.001926,	244.926,	0.535
10.645,	21.082,	0.565710,	0.003503,	244.924,	0.495
10.732,	21.262,	0.551020,	0.002766,	244.923,	0.495
10.822,	21.438,	0.531694,	0.003115,	244.920,	0.500
10.912,	21.614,	0.511774,	0.002064,	244.919,	0.485
11.009,	21.809,	0.484766,	0.001090,	244.918,	0.545
11.099,	21.989,	0.459816,	0.002346,	244.916,	0.495
11.185,	22.165,	0.431420,	0.002550,	244.913,	0.490
11.275,	22.345,	0.402497,	0.002833,	244.912,	0.500
11.365,	22.522,	0.372727,	0.003324,	244.909,	0.485
11.459,	22.716,	0.338853,	0.000594,	244.909,	0.540
11.549,	22.892,	0.309140,	0.001943,	244.906,	0.495
11.639,	23.072,	0.279685,	0.002830,	244.903,	0.495
11.729,	23.249,	0.250923,	0.001801,	244.902,	0.495
11.815,	23.429,	0.224192,	0.002787,	244.901,	0.495
11.912,	23.620,	0.195731,	0.003134,	244.899,	0.540
12.002,	23.800,	0.174294,	0.002710,	244.898,	0.495
12.092,	23.976,	0.153174,	0.003136,	244.896,	0.490
12.179,	24.152,	0.134113,	0.002604,	244.894,	0.490
12.269,	24.332,	0.118163,	0.002891,	244.891,	0.495
12.366,	24.530,	0.104913,	0.001891,	244.890,	0.555
12.456,	24.707,	0.094555,	0.002852,	244.888,	0.485
12.546,	24.887,	0.087668,	0.002846,	244.886,	0.500
12.632,	25.063,	0.082471,	0.002932,	244.884,	0.490
12.722,	25.243,	0.078681,	0.002436,	244.883,	0.500
12.820,	25.438,	0.076368,	0.002296,	244.881,	0.540
12.910,	25.610,	0.078150,	0.002570,	244.878,	0.485
13.000,	25.790,	0.078536,	0.002301,	244.877,	0.505
13.086,	25.967,	0.081950,	0.001564,	244.875,	0.485
13.176,	26.147,	0.086418,	0.001934,	244.873,	0.500
13.273,	26.341,	0.091203,	0.002329,	244.871,	0.540
13.360,	26.518,	0.095244,	0.002441,	244.870,	0.485
13.450,	26.694,	0.099798,	0.002529,	244.869,	0.500
13.540,	26.874,	0.104495,	0.001674,	244.866,	0.490
13.626,	27.050,	0.108879,	0.001210,	244.865,	0.495
13.727,	27.245,	0.113910,	0.001032,	244.862,	0.545
13.813,	27.421,	0.117183,	0.001967,	244.861,	0.485
13.903,	27.598,	0.118800,	0.001359,	244.860,	0.495
13.990,	27.778,	0.121100,	0.002277,	244.857,	0.495
14.080,	27.954,	0.122222,	0.002117,	244.855,	0.490
14.177,	28.152,	0.122556,	0.000881,	244.854,	0.545
14.267,	28.328,	0.122924,	0.002290,	244.853,	0.490
14.357,	28.505,	0.120613,	0.002675,	244.849,	0.500
14.443,	28.681,	0.119412,	0.003595,	244.848,	0.490
14.533,	28.861,	0.115872,	0.003397,	244.846,	0.500
14.630,	29.056,	0.110321,	0.001355,	244.845,	0.540
14.720,	29.232,	0.106957,	0.000907,	244.842,	0.485
14.807,	29.412,	0.103462,	0.002841,	244.840,	0.500
14.897,	29.588,	0.096857,	0.002593,	244.839,	0.490
14.987,	29.765,	0.090669,	0.002813,	244.837,	0.495
15.073,	29.945,	0.086002,	0.003014,	244.834,	0.495
15.170,	30.139,	0.077160,	0.002089,	244.832,	0.535
15.260,	30.319,	0.071152,	0.002421,	244.831,	0.500
15.350,	30.496,	0.065877,	0.002042,	244.829,	0.490
15.440,	30.672,	0.059150,	0.003867,	244.827,	0.500
15.527,	30.848,	0.053304,	0.002014,	244.825,	0.490
15.624,	31.043,	0.046209,	0.000821,	244.823,	0.535
15.714,	31.223,	0.041909,	0.002942,	244.822,	0.500
15.804,	31.399,	0.035733,	0.001954,	244.820,	0.490
15.890,	31.579,	0.030646,	0.002092,	244.818,	0.500
15.980,	31.756,	0.026608,	0.001712,	244.817,	0.485
16.078,	31.950,	0.021888,	0.001396,	244.815,	0.545
16.168,	32.130,	0.018004,	0.002264,	244.813,	0.495
16.254,	32.306,	0.015059,	0.002850,	244.811,	0.495
16.344,	32.486,	0.012336,	0.001945,	244.810,	0.495
16.434,	32.659,	0.011374,	0.002753,	244.808,	0.490
16.531,	32.854,	0.009301,	0.002609,	244.806,	0.540
16.618,	33.034,	0.008363,	0.002669,	244.804,	0.495
16.708,	33.210,	0.007773,	0.003867,	244.802,	0.490
16.798,	33.390,	0.007702,	0.002464,	244.800,	0.500
16.884,	33.566,	0.006606,	0.002548,	244.798,	0.485
16.981,	33.761,	0.007456,	0.002979,	244.798,	0.540
17.071,	33.941,	0.008335,	0.003184,	244.796,	0.500
17.161,	34.114,	0.011429,	0.002587,	244.792,	0.490
17.251,	34.297,	0.010625,	0.001639,	244.791,	0.500
17.338,	34.470,	0.012639,	0.002824,	244.790,	0.485
17.428,	34.650,	0.013188,	0.003132,	244.789,	0.495
17.525,	34.844,	0.015922,	0.001913,	244.785,	0.545
17.615,	35.021,	0.018483,	0.001995,	244.784,	0.495
17.701,	35.201,	0.019637,	0.003052,	244.783,	0.490
17.791,	35.377,	0.020106,	0.002160,	244.781,	0.490
17.881,	35.554,	0.023600,	0.002316,	244.780,	0.500
17.978,	35.748,	0.023686,	0.002031,	244.777,	0.540
18.068,	35.928,	0.024635,	0.002785,	244.774,	0.500
18.155,	36.104,	0.025495,	0.002460,	244.774,	0.490
18.245,	36.281,	0.025106,	0.002540,	244.771,	0.490
18.335,	36.461,	0.025675,	0.002660,	244.770,	0.500
18.432,	36.655,	0.026061,	0.002182,	244.769,	0.535
18.518,	36.832,	0.026930,	0.003190,	244.767,	0.495
18.608,	37.008,	0.026796,	0.003035,	244.763,	0.490
18.695,	37.188,	0.025866,	0.002391,	244.763,	0.490
18.785,	37.364,	0.026929,	0.001351,	244.762,	0.500
18.882,	37.559,	0.027165,	0.001234,	244.759,	0.540
18.972,	37.739,	0.025244,	0.003401,	244.756,	0.495
19.062,	37.915,	0.024796,	0.002509,	244.755,	0.495
19.148,	38.092,	0.024253,	0.002404,	244.754,	0.490
19.238,	38.272,	0.022830,	0.001344,	244.752,	0.495
19.336,	38.466,	0.020830,	0.001648,	244.750,	0.540
19.426,	38.646,	0.020623,	0.003048,	244.748,	0.495
19.512,	38.819,	0.018926,	0.001883,	244.748,	0.490
19.602,	38.999,	0.017972,	0.002878,	244.744,	0.495
19.692,	39.179,	0.017601,	0.003145,	244.743,	0.495
19.789,	39.370,	0.013367,	0.001402,	244.741,	0.540
19.876,	39.550,	0.012166,	0.002785,	244.739,	0.495
19.966,	39.726,	0.011883,	0.002447,	244.736,	0.490
20.056,	39.902,	0.009979,	0.002533,	244.735,	0.490
20.142,	40.082,	0.008372,	0.001198,	244.733,	0.500
20.239,	40.277,	0.006401,	0.001919,	244.732,	0.540
20.329,	40.457,	0.004914,	0.002598,	244.729,	0.495
20.419,	40.633,	0.004338,	0.003009,	244.727,	0.495
20.506,	40.810,	0.002044,	0.002938,	244.726,	0.490
20.596,	40.990,	0.001927,	0.001213,	244.725,	0.495
20.693,	41.180,	-0.000792,	0.002382,	244.721,	0.535
20.783,	41.360,	-0.000276,	0.002630,	244.721,	0.495
20.873,	41.537,	-0.002133,	0.001930,	244.719,	0.500
20.959,	41.717,	-0.002475,	0.002820,	244.718,	0.490
21.049,	41.893,	-0.003079,	0.002152,	244.715,	0.495
21.146,	42.088,	-0.003218,	0.000823,	244.713,	0.540
21.236,	42.264,	-0.003399,	0.001648,	244.711,	0.495
21.323,	42.444,	-0.003457,	0.003207,	244.710,	0.490
21.413,	42.620,	-0.004691,	0.002522,	244.708,	0.495
21.503,	42.797,	-0.004193,	0.002537,	244.706,	0.495
21.600,	42.991,	-0.004026,	0.002727,	244.704,	0.535
21.686,	43.168,	-0.003589,	0.002746,	244.702,	0.495
21.776,	43.348,	-0.003528,	0.001878,	244.701,	0.495
21.866,	43.524,	-0.004508,	0.003410,	244.698,	0.495
21.956,	43.704,	-0.002380,	0.002363,	244.697,	0.495
22.050,	43.898,	-0.004600,	0.002223,	244.696,	0.540
22.140,	44.075,	-0.002756,	0.002115,	244.692,	0.495
22.230,	44.251,	-0.001165,	0.002238,	244.691,	0.490
22.320,	44.431,	-0.000804,	0.003578,	244.689,	0.500
22.406,	44.611,	-0.000560,	0.002686,	244.689,	0.490
22.504,	44.806,	-0.001135,	0.001198,	244.685,	0.550
22.594,	44.982,	-0.001027,	0.001941,	244.684,	0.490
22.684,	45.162,	0.001002,	0.002122,	244.682,	0.495
22.774,	45.338,	0.000692,	0.002020,	244.679,	0.490
22.860,	45.515,	0.001734,	0.002275,	244.678,	0.495
22.957,	45.713,	0.002630,	0.001977,	244.677,	0.545
23.047,	45.889,	0.002539,	0.002201,	244.675,	0.490
23.137,	46.069,	0.003243,	0.002363,	244.672,	0.495
23.224,	46.246,	0.002598,	0.002171,	244.671,	0.495
23.314,	46.422,	0.002983,	0.002089,	244.668,	0.490
23.411,	46.616,	0.002844,	0.001693,	244.668,	0.540
23.501,	46.793,	0.003757,	0.003470,	244.665,	0.495
23.587,	46.973,	0.003767,	0.002145,	244.664,	0.490
23.677,	47.149,	0.003661,	0.002171,	244.663,	0.495
23.767,	47.326,	0.003334,	0.003072,	244.661,	0.490
23.864,	47.524,	0.002751,	0.003492,	244.657,	0.545
23.951,	47.700,	0.003324,	0.001540,	244.656,	0.490
24.041,	47.876,	0.001858,	0.001133,	244.655,	0.500
24.131,	48.056,	0.002233,	0.003300,	244.654,	0.490
24.217,	48.233,	0.001710,	0.002232,	244.650,	0.495
24.314,	48.427,	0.001348,	0.001846,	244.649,	0.535
24.404,	48.604,	0.000370,	0.002912,	244.647,	0.495
24.494,	48.780,	0.001625,	0.001570,	244.645,	0.495
24.581,	48.960,	0.000366,	0.002490,	244.643,	0.495
24.671,	49.136,	-0.000237,	0.002369,	244.640,	0.490
24.768,	49.334,	0.002613,	0.001999,	244.640,	0.545
24.858,	49.511,	-0.001410,	0.002076,	244.636,	0.490
24.948,	49.687,	-0.001566,	0.003393,	244.635,	0.500
25.034,	49.864,	-0.002813,	0.002790,	244.633,	0.490
25.124,	50.044,	-0.002912,	0.001187,	244.632,	0.495
25.222,	50.238,	-0.003120,	0.002652,	244.630,	0.545
25.312,	50.414,	-0.003788,	0.001176,	244.628,	0.485
25.398,	50.591,	-0.005874,	0.002303,	244.626,	0.495
25.488,	50.771,	-0.004636,	0.003341,	244.625,	0.490
25.574,	50.947,	-0.004853,	0.002292,	244.625,	0.495
25.675,	51.142,	-0.006248,	0.001822,	244.621,	0.545
25.762,	51.318,	-0.006040,	0.003634,	244.619,	0.490
25.852,	51.498,	-0.006084,	0.001654,	244.618,	0.500
25.942,	51.674,	-0.005466,	0.002561,	244.615,	0.490
26.028,	51.854,	-0.006230,	0.003240,	244.614,	0.490
26.129,	52.049,	-0.006834,	0.001786,	244.613,	0.550
26.215,	52.225,	-0.006629,	0.001323,	244.611,	0.485
26.305,	52.405,	-0.006727,	0.001098,	244.608,	0.500
26.395,	52.582,	-0.005964,	0.001665,	244.606,	0.490
26.482,	52.758,	-0.006238,	0.002902,	244.605,	0.495
26.579,	52.956,	-0.006312,	0.002318,	244.603,	0.545
26.669,	53.129,	-0.006448,	0.001760,	244.601,	0.485
26.755,	53.309,	-0.006493,	0.002290,	244.598,	0.500
26.845,	53.489,	-0.006384,	0.001781,	244.598,	0.490
26.935,	53.662,	-0.006286,	0.002884,	244.596,	0.490
27.032,	53.860,	-0.006571,	0.002684,	244.592,	0.550
27.130,	54.054,	-0.006390,	0.001200,	244.591,	0.535
27.216,	54.230,	-0.006026,	0.001822,	244.590,	0.490
27.306,	54.410,	-0.005028,	0.002880,	244.588,	0.500
27.396,	54.587,	-0.005091,	0.001292,	244.587,	0.490
27.486,	54.767,	-0.005423,	0.001150,	244.585,	0.500
27.583,	54.958,	-0.006067,	0.001971,	244.584,	0.535
27.670,	55.134,	-0.004781,	0.002619,	244.581,	0.490
27.760,	55.314,	-0.005987,	0.002169,	244.580,	0.495
27.850,	55.490,	-0.005041,	0.001594,	244.578,	0.495
27.936,	55.670,	-0.004453,	0.002645,	244.576,	0.495
28.033,	55.865,	-0.005605,	0.001413,	244.573,	0.540
28.123,	56.041,	-0.004084,	0.002290,	244.571,	0.495
28.213,	56.221,	-0.003270,	0.002432,	244.570,	0.495
28.300,	56.398,	-0.004078,	0.003070,	244.569,	0.490
28.390,	56.578,	-0.003988,	0.002120,	244.566,	0.500
28.480,	56.750,	-0.003221,	0.002570,	244.565,	0.485
28.577,	56.948,	-0.003267,	0.002059,	244.563,	0.545
28.667,	57.125,	-0.004129,	0.001667,	244.562,	0.495
28.753,	57.301,	-0.003709,	0.003391,	244.558,	0.490
28.843,	57.481,	-0.003318,	0.002335,	244.556,	0.495
28.933,	57.658,	-0.002914,	0.002294,	244.556,	0.490
29.030,	57.856,	-0.003593,	0.001833,	244.553,	0.550
29.117,	58.028,	-0.003091,	0.001977,	244.550,	0.485
29.207,	58.208,	-0.002157,	0.002742,	244.550,	0.500
29.297,	58.385,	-0.002984,	0.002466,	244.548,	0.490
29.383,	58.561,	-0.002361,	0.002611,	244.545,	0.490
29.480,	58.756,	-0.002536,	0.003528,	244.543,	0.535
29.570,	58.936,	-0.004170,	0.001908,	244.542,	0.500
29.657,	59.112,	0.003659,	0.002529,	244.540,	0.490
29.747,	59.288,	-0.000527,	0.002329,	244.540,	0.495
29.837,	59.468,	-0.003139,	0.002410,	244.536,	0.495
29.934,	59.659,	-0.002081,	0.002688,	244.535,	0.535
30.020,	59.839,	-0.002960,	0.002908,	244.533,	0.495
30.110,	60.016,	-0.004194,	0.001906,	244.532,	0.495
30.200,	60.192,	-0.002857,	0.002219,	244.528,	0.490
30.287,	60.372,	-0.001605,	0.003177,	244.527,	0.495
30.384,	60.566,	-0.002465,	0.001930,	244.526,	0.540
30.474,	60.743,	-0.002881,	0.002117,	244.523,	0.495
30.564,	60.923,	-0.003641,	0.002313,	244.520,	0.495
30.650,	61.099,	-0.004107,	0.002053,	244.519,	0.490
30.740,	61.276,	-0.004048,	0.002951,	244.518,	0.495
30.838,	61.470,	-0.004741,	0.001482,	244.518,	0.540
30.928,	61.646,	-0.004999,	0.001900,	244.514,	0.495
31.018,	61.826,	-0.005127,	0.002744,	244.512,	0.495
31.104,	62.003,	-0.008279,	0.002257,	244.511,	0.490
31.194,	62.183,	-0.008816,	0.002139,	244.510,	0.495
31.291,	62.374,	-0.007310,	0.001936,	244.507,	0.540
31.381,	62.554,	-0.006090,	0.002111,	244.505,	0.495
31.468,	62.730,	-0.008327,	0.002148,	244.504,	0.495
31.558,	62.910,	-0.008225,	0.002966,	244.501,	0.495
31.648,	63.086,	-0.007144,	0.001885,	244.499,	0.490
31.745,	63.281,	-0.009031,	0.002079,	244.498,	0.540
31.838,	63.475,	-0.008136,	0.001687,	244.497,	0.535
31.928,	63.655,	-0.006507,	0.002822,	244.494,	0.500
32.018,	63.832,	-0.008046,	0.002736,	244.493,	0.490
32.108,	64.012,	-0.008370,	0.002208,	244.491,	0.500
32.195,	64.184,	-0.007356,	0.002867,	244.490,	0.490
32.292,	64.382,	-0.006517,	0.001282,	244.487,	0.540
32.382,	64.559,	-0.006246,	0.002983,	244.485,	0.495
32.472,	64.735,	-0.006803,	0.001708,	244.484,	0.490
32.562,	64.915,	-0.006619,	0.003138,	244.482,	0.500
32.648,	65.092,	-0.008932,	0.002197,	244.479,	0.485
32.746,	65.286,	-0.008583,	0.002197,	244.478,	0.545
32.836,	65.466,	-0.008141,	0.002734,	244.476,	0.495
32.922,	65.642,	-0.007868,	0.002809,	244.474,	0.495
33.012,	65.822,	-0.007233,	0.003001,	244.472,	0.495
33.102,	65.995,	-0.007721,	0.002438,	244.471,	0.485
33.199,	66.193,	-0.007527,	0.001506,	244.469,	0.545
33.296,	66.388,	-0.006903,	0.001469,	244.466,	0.540
33.383,	66.564,	-0.006415,	0.003162,	244.465,	0.490
33.473,	66.744,	-0.007047,	0.002227,	244.464,	0.500
33.563,	66.920,	-0.006562,	0.003759,	244.462,	0.495
33.653,	67.097,	-0.006603,	0.002529,	244.459,	0.490
33.746,	67.291,	-0.006470,	0.001226,	244.458,	0.540
33.836,	67.468,	-0.005850,	0.002529,	244.457,	0.490
33.926,	67.648,	-0.006258,	0.002531,	244.455,	0.495
34.016,	67.824,	-0.006242,	0.002387,	244.452,	0.500
34.103,	68.004,	-0.006222,	0.002473,	244.450,	0.490
34.200,	68.198,	-0.006441,	0.002822,	244.448,	0.540
34.290,	68.375,	-0.006522,	0.002389,	244.446,	0.490
34.380,	68.555,	-0.005790,	0.002762,	244.445,	0.500
34.466,	68.731,	-0.006525,	0.003677,	244.442,	0.490
34.556,	68.908,	-0.005990,	0.002576,	244.442,	0.495
34.654,	69.106,	-0.006371,	0.001618,	244.440,	0.545
34.744,	69.278,	-0.005819,	0.002518,	244.438,	0.485
34.834,	69.458,	-0.005489,	0.001428,	244.436,	0.505
34.920,	69.635,	-0.005617,	0.001723,	244.434,	0.485
35.010,	69.815,	-0.006716,	0.002807,	244.433,	0.495
35.107,	70.009,	-0.005357,	0.001312,	244.430,	0.540
35.194,	70.186,	-0.005998,	0.002369,	244.428,	0.490
35.284,	70.366,	-0.005858,	0.002902,	244.427,	0.500
35.374,	70.542,	-0.005927,	0.002070,	244.424,	0.495
35.464,	70.718,	-0.005575,	0.003268,	244.423,	0.495
35.561,	70.913,	-0.006970,	0.001297,	244.420,	0.540
35.647,	71.089,	-0.006123,	0.001911,	244.419,	0.485
35.737,	71.269,	-0.001980,	0.003656,	244.417,	0.500
35.827,	71.446,	-0.006896,	0.002798,	244.415,	0.490
35.914,	71.622,	-0.006757,	0.002471,	244.414,	0.495
36.011,	71.820,	-0.006390,	0.001534,	244.413,	0.540
36.101,	71.996,	-0.006229,	0.002292,	244.409,	0.490
36.191,	72.173,	-0.006763,	0.003119,	244.408,	0.495
36.277,	72.349,	-0.006169,	0.002880,	244.407,	0.495
36.367,	72.529,	-0.006767,	0.003287,	244.405,	0.495
36.464,	72.724,	-0.007066,	0.002421,	244.402,	0.540
36.554,	72.900,	-0.006085,	0.002197,	244.401,	0.490
36.641,	73.080,	-0.006508,	0.002163,	244.400,	0.495
36.731,	73.256,	-0.006476,	0.002617,	244.398,	0.495
36.821,	73.433,	-0.006296,	0.002206,	244.394,	0.490
36.918,	73.631,	-0.007946,	0.001900,	244.393,	0.545
37.004,	73.807,	-0.006323,	0.002867,	244.391,	0.490
37.094,	73.987,	-0.006606,	0.001499,	244.391,	0.500
37.184,	74.164,	-0.006818,	0.002486,	244.387,	0.490
37.271,	74.340,	-0.006585,	0.003212,	244.385,	0.495
37.361,	74.516,	-0.006654,	0.003332,	244.384,	0.490
37.458,	74.711,	-0.006501,	0.002589,	244.382,	0.540
37.548,	74.891,	-0.006301,	0.002208,	244.379,	0.495
37.634,	75.067,	-0.006199,	0.002242,	244.378,	0.495
37.724,	75.247,	-0.005154,	0.001266,	244.377,	0.495
37.814,	75.424,	-0.005958,	0.002637,	244.375,	0.490
37.912,	75.618,	-0.006730,	0.002320,	244.372,	0.545
38.002,	75.798,	-0.006441,	0.001840,	244.370,	0.495
38.088,	75.974,	-0.006791,	0.002966,	244.369,	0.490
38.178,	76.154,	-0.007006,	0.002550,	244.367,	0.500
38.268,	76.327,	-0.006534,	0.002400,	244.364,	0.485
38.365,	76.525,	-0.007599,	0.001116,	244.363,	0.545
38.455,	76.702,	-0.007085,	0.001964,	244.361,	0.495
38.542,	76.878,	-0.007120,	0.003304,	244.358,	0.490
38.632,	77.058,	-0.006739,	0.001585,	244.357,	0.495
38.718,	77.234,	-0.006273,	0.002850,	244.355,	0.495
38.815,	77.429,	-0.008073,	0.001874,	244.355,	0.540
38.905,	77.609,	-0.006376,	0.002124,	244.351,	0.495
38.995,	77.785,	-0.004825,	0.002279,	244.349,	0.490
39.085,	77.962,	-0.005768,	0.003798,	244.347,	0.500
39.172,	78.138,	-0.005586,	0.001848,	244.346,	0.485
39.269,	78.336,	-0.007325,	0.002333,	244.343,	0.545
39.359,	78.512,	-0.006414,	0.002581,	244.342,	0.495
39.449,	78.689,	-0.006823,	0.002917,	244.341,	0.495
39.535,	78.869,	-0.006773,	0.002068,	244.340,	0.490
39.625,	79.045,	-0.005996,	0.002415,	244.338,	0.495
39.722,	79.240,	-0.006284,	0.002359,	244.336,	0.545
39.812,	79.416,	-0.005653,	0.003026,	244.334,	0.490
39.899,	79.592,	-0.006037,	0.003363,	244.332,	0.490
