Num, Lmd, sig,    mon,    Ring,  sec
#lmd,   E,  HOYAX,  Y,  Smpl,  Det, AGC X, Y, Smpl, Det
#6.60016,	187.8504,	57.000,	22.000,	4.300,	30.000,	2.400,	4.000,	69.930,	29.999

1,	6.60016,	-0.005646,	-0.002979,	269.136,	63.590
2,	6.60016,	-0.006537,	-0.000515,	269.134,	0.550
3,	6.60016,	-0.006583,	0.000635,	269.131,	0.505
4,	6.60016,	-0.007036,	0.000730,	269.129,	0.495
5,	6.60016,	-0.006198,	0.000110,	269.128,	0.505
6,	6.60016,	-0.007238,	-0.000140,	269.125,	0.500
7,	6.60016,	-0.007061,	-0.000116,	269.121,	0.555
8,	6.60016,	-0.006736,	-0.000515,	269.119,	0.550
9,	6.60016,	-0.006850,	-0.000136,	269.117,	0.550
10,	6.60016,	-0.006122,	-0.000017,	269.115,	0.545
11,	6.60016,	-0.006820,	0.000002,	269.114,	0.505
12,	6.60016,	-0.006769,	-0.000147,	269.110,	0.500
13,	6.60016,	-0.006444,	-0.000310,	269.108,	0.500
14,	6.60016,	-0.006759,	0.000396,	269.106,	0.500
15,	6.60016,	-0.007453,	0.000905,	269.105,	0.550
16,	6.60016,	-0.006345,	0.001495,	269.101,	0.495
17,	6.60016,	-0.006609,	-0.000229,	269.100,	0.500
18,	6.60016,	-0.006587,	0.000114,	269.099,	0.500
19,	6.60016,	-0.007223,	-0.000185,	269.097,	0.505
20,	6.60016,	-0.006252,	-0.000560,	269.092,	0.545
21,	6.60016,	-0.007253,	-0.000407,	269.092,	0.505
22,	6.60016,	-0.007210,	-0.000216,	269.089,	0.505
23,	6.60016,	-0.006859,	-0.000360,	269.085,	0.505
24,	6.60016,	-0.006994,	0.000661,	269.084,	0.495
25,	6.60016,	-0.006085,	-0.000054,	269.082,	0.500
26,	6.60016,	-0.006488,	0.000877,	269.081,	0.555
27,	6.60016,	-0.006446,	0.000241,	269.077,	0.500
28,	6.60016,	-0.006892,	0.000327,	269.075,	0.500
29,	6.60016,	-0.007427,	-0.000907,	269.073,	0.500
30,	6.60016,	-0.007221,	-0.000235,	269.071,	0.500
31,	6.60016,	-0.006414,	-0.000702,	269.069,	0.555
32,	6.60016,	-0.007831,	-0.001551,	269.066,	0.545
33,	6.60016,	-0.007050,	0.000657,	269.065,	0.550
34,	6.60016,	-0.007168,	0.000730,	269.061,	0.550
35,	6.60016,	-0.007214,	0.000095,	269.060,	0.555
36,	6.60016,	-0.007041,	0.001047,	269.056,	0.500
37,	6.60016,	-0.006468,	-0.000050,	269.054,	0.500
38,	6.60016,	-0.007035,	0.000036,	269.052,	0.505
39,	6.60016,	-0.006881,	0.000549,	269.050,	0.500
40,	6.60016,	-0.007232,	0.000103,	269.047,	0.550
41,	6.60016,	-0.006620,	0.000017,	269.045,	0.555
42,	6.60016,	-0.006634,	-0.000597,	269.044,	0.550
43,	6.60016,	-0.006145,	-0.000274,	269.040,	0.545
44,	6.60016,	-0.005627,	0.000924,	269.038,	0.555
45,	6.60016,	-0.006080,	0.000019,	269.035,	0.500
46,	6.60016,	-0.006734,	-0.000336,	269.033,	0.495
47,	6.60016,	-0.007227,	0.000523,	269.031,	0.500
48,	6.60016,	-0.005764,	0.000172,	269.030,	0.505
49,	6.60016,	-0.007444,	-0.000926,	269.028,	0.545
50,	6.60016,	-0.006914,	-0.000554,	269.024,	0.505
51,	6.60016,	-0.007060,	-0.000562,	269.023,	0.495
52,	6.60016,	-0.007000,	0.000388,	269.021,	0.500
53,	6.60016,	-0.006430,	0.000579,	269.017,	0.505
54,	6.60016,	-0.006556,	-0.001146,	269.015,	0.505
55,	6.60016,	-0.007013,	0.000170,	269.013,	0.550
56,	6.60016,	-0.007583,	0.000118,	269.012,	0.550
57,	6.60016,	-0.007051,	0.000773,	269.008,	0.550
58,	6.60016,	-0.006869,	-0.000453,	269.007,	0.550
59,	6.60016,	-0.007021,	0.000523,	269.002,	0.510
60,	6.60016,	-0.007383,	-0.000323,	269.000,	0.505
61,	6.60016,	-0.006726,	0.000198,	268.999,	0.505
62,	6.60016,	-0.007238,	-0.000080,	268.997,	0.505
63,	6.60016,	-0.007510,	-0.000403,	268.993,	0.555
64,	6.60016,	-0.006890,	0.000110,	268.992,	0.505
65,	6.60016,	-0.006916,	0.000795,	268.991,	0.505
66,	6.60016,	-0.006842,	-0.000043,	268.986,	0.505
67,	6.60016,	-0.007034,	-0.000366,	268.985,	0.505
68,	6.60016,	-0.007208,	-0.001196,	268.983,	0.550
69,	6.60016,	-0.007437,	-0.000472,	268.982,	0.500
70,	6.60016,	-0.008349,	0.000569,	268.978,	0.505
71,	6.60016,	-0.006603,	-0.000110,	268.976,	0.500
72,	6.60016,	-0.006397,	0.000862,	268.975,	0.500
73,	6.60016,	-0.007012,	-0.000524,	268.972,	0.545
74,	6.60016,	-0.005744,	0.001202,	268.969,	0.500
75,	6.60016,	-0.006658,	-0.000257,	268.968,	0.505
76,	6.60016,	-0.006741,	-0.000351,	268.966,	0.505
77,	6.60016,	-0.006726,	0.000159,	268.962,	0.500
78,	6.60016,	-0.006763,	0.000108,	268.960,	0.550
79,	6.60016,	-0.006965,	0.000164,	268.959,	0.550
80,	6.60016,	-0.006282,	0.000635,	268.956,	0.500
81,	6.60016,	-0.006821,	0.000571,	268.954,	0.495
82,	6.60016,	-0.007006,	-0.000334,	268.952,	0.500
83,	6.60016,	-0.006472,	0.001023,	268.952,	0.500
84,	6.60016,	-0.006792,	-0.000110,	268.947,	0.555
85,	6.60016,	-0.006917,	0.000506,	268.945,	0.495
86,	6.60016,	-0.006550,	0.000407,	268.945,	0.500
87,	6.60016,	-0.006049,	0.000396,	268.943,	0.505
88,	6.60016,	-0.006716,	-0.001099,	268.939,	0.500
89,	6.60016,	-0.007113,	-0.000696,	268.937,	0.495
90,	6.60016,	-0.007066,	-0.000556,	268.935,	0.555
91,	6.60016,	-0.006961,	-0.000545,	268.931,	0.550
92,	6.60016,	-0.007017,	0.000538,	268.929,	0.550
93,	6.60016,	-0.007428,	-0.000549,	268.928,	0.545
94,	6.60016,	-0.006751,	0.000448,	268.923,	0.555
95,	6.60016,	-0.006944,	-0.000261,	268.922,	0.505
96,	6.60016,	-0.007252,	0.000028,	268.920,	0.505
97,	6.60016,	-0.006432,	-0.000244,	268.917,	0.500
98,	6.60016,	-0.007101,	-0.000506,	268.915,	0.500
99,	6.60016,	-0.007237,	0.000002,	268.914,	0.550
100,	6.60016,	-0.006635,	0.000633,	268.910,	0.550
