Num, Lmd, sig,    mon,    Ring,  sec
#lmd,   E,  HOYAX,  Y,  Smpl,  Det, AGC X, Y, Smpl, Det
#6.65014,	186.4385,	57.000,	22.000,	4.300,	30.000,	0.000,	-76.000,	-0.068,	-0.346

1,	6.65014,	6.877095,	-0.003107,	245.782,	94.150
2,	6.65014,	6.876095,	-0.000244,	245.782,	0.545
3,	6.65014,	6.873627,	-0.000112,	245.779,	0.500
4,	6.65014,	6.873110,	0.000215,	245.776,	0.500
5,	6.65014,	6.873942,	-0.000032,	245.775,	0.500
6,	6.65014,	6.874931,	0.000551,	245.774,	0.500
7,	6.65014,	6.872563,	0.000185,	245.772,	0.550
8,	6.65014,	6.873907,	0.000967,	245.771,	0.505
9,	6.65014,	6.875572,	-0.000627,	245.769,	0.500
10,	6.65014,	6.875778,	0.000168,	245.767,	0.495
11,	6.65014,	6.874366,	-0.000119,	245.766,	0.505
12,	6.65014,	6.873801,	0.000086,	245.763,	0.550
13,	6.65014,	6.872524,	0.000157,	245.761,	0.495
14,	6.65014,	6.875728,	0.000183,	245.760,	0.505
15,	6.65014,	6.875055,	0.000452,	245.756,	0.500
16,	6.65014,	6.873660,	-0.000916,	245.755,	0.495
17,	6.65014,	6.873157,	-0.000823,	245.754,	0.505
18,	6.65014,	6.872713,	-0.000341,	245.752,	0.550
19,	6.65014,	6.874302,	0.000939,	245.749,	0.500
20,	6.65014,	6.872995,	-0.000272,	245.747,	0.495
21,	6.65014,	6.874063,	0.001064,	245.746,	0.500
22,	6.65014,	6.873965,	0.000885,	245.745,	0.505
23,	6.65014,	6.875283,	0.000306,	245.743,	0.545
24,	6.65014,	6.873546,	0.001146,	245.740,	0.500
25,	6.65014,	6.876507,	-0.000058,	245.738,	0.505
26,	6.65014,	6.873881,	-0.000386,	245.735,	0.500
27,	6.65014,	6.873869,	0.000015,	245.734,	0.500
28,	6.65014,	6.872662,	0.000271,	245.733,	0.545
29,	6.65014,	6.873559,	0.001081,	245.731,	0.505
30,	6.65014,	6.875045,	0.000097,	245.728,	0.500
31,	6.65014,	6.874863,	0.000056,	245.727,	0.495
32,	6.65014,	6.874203,	0.000782,	245.725,	0.505
33,	6.65014,	6.873353,	0.000465,	245.723,	0.550
34,	6.65014,	6.876776,	-0.000185,	245.721,	0.550
35,	6.65014,	6.875928,	0.000836,	245.719,	0.500
36,	6.65014,	6.876424,	0.000392,	245.718,	0.500
37,	6.65014,	6.874665,	0.000726,	245.715,	0.495
38,	6.65014,	6.875641,	0.001068,	245.712,	0.505
39,	6.65014,	6.877389,	-0.001562,	245.712,	0.545
40,	6.65014,	6.875928,	-0.000543,	245.708,	0.505
41,	6.65014,	6.876796,	-0.000584,	245.706,	0.495
42,	6.65014,	6.878381,	0.000577,	245.706,	0.505
43,	6.65014,	6.876979,	-0.000104,	245.705,	0.500
44,	6.65014,	6.878778,	0.000142,	245.702,	0.545
45,	6.65014,	6.878671,	0.000054,	245.701,	0.505
46,	6.65014,	6.878400,	0.000075,	245.698,	0.495
47,	6.65014,	6.878500,	-0.000534,	245.698,	0.500
48,	6.65014,	6.877467,	0.000672,	245.694,	0.505
49,	6.65014,	6.879617,	-0.000457,	245.693,	0.495
50,	6.65014,	6.878865,	0.001025,	245.691,	0.550
51,	6.65014,	6.878317,	0.000312,	245.689,	0.550
52,	6.65014,	6.880040,	-0.000571,	245.688,	0.555
53,	6.65014,	6.878565,	-0.000409,	245.686,	0.545
54,	6.65014,	6.883457,	-0.000580,	245.684,	0.505
55,	6.65014,	6.882401,	0.000142,	245.682,	0.495
56,	6.65014,	6.884360,	0.000338,	245.680,	0.505
57,	6.65014,	6.884242,	-0.000185,	245.678,	0.500
58,	6.65014,	6.883635,	-0.000655,	245.675,	0.545
59,	6.65014,	6.883737,	0.000293,	245.674,	0.505
60,	6.65014,	6.884055,	-0.000144,	245.672,	0.495
61,	6.65014,	6.883973,	0.000383,	245.669,	0.505
62,	6.65014,	6.884234,	-0.000554,	245.668,	0.500
63,	6.65014,	6.886937,	0.000915,	245.668,	0.495
64,	6.65014,	6.884261,	0.000228,	245.666,	0.550
65,	6.65014,	6.886620,	-0.000562,	245.661,	0.500
66,	6.65014,	6.884887,	0.000256,	245.660,	0.500
67,	6.65014,	6.886236,	0.000618,	245.660,	0.505
68,	6.65014,	6.885864,	0.000971,	245.658,	0.495
69,	6.65014,	6.886753,	-0.000715,	245.655,	0.500
70,	6.65014,	6.886130,	0.000232,	245.654,	0.550
71,	6.65014,	6.886677,	-0.000726,	245.652,	0.550
72,	6.65014,	6.885785,	0.000493,	245.649,	0.550
73,	6.65014,	6.885870,	0.001012,	245.648,	0.505
74,	6.65014,	6.886578,	-0.000603,	245.647,	0.495
75,	6.65014,	6.884936,	-0.000319,	245.644,	0.500
76,	6.65014,	6.883693,	-0.000056,	245.643,	0.505
77,	6.65014,	6.882291,	-0.000746,	245.641,	0.545
78,	6.65014,	6.885335,	0.000155,	245.639,	0.505
79,	6.65014,	6.883873,	-0.000379,	245.636,	0.495
80,	6.65014,	6.882780,	0.000308,	245.634,	0.500
81,	6.65014,	6.886041,	0.000157,	245.633,	0.505
82,	6.65014,	6.883530,	-0.000127,	245.631,	0.495
83,	6.65014,	6.883200,	-0.000832,	245.629,	0.555
84,	6.65014,	6.882410,	0.001060,	245.627,	0.495
85,	6.65014,	6.885382,	0.000271,	245.626,	0.505
86,	6.65014,	6.884444,	0.001374,	245.624,	0.500
87,	6.65014,	6.882199,	-0.000063,	245.622,	0.495
88,	6.65014,	6.885297,	-0.000472,	245.620,	0.555
89,	6.65014,	6.883534,	-0.000771,	245.618,	0.505
90,	6.65014,	6.882999,	-0.000282,	245.615,	0.500
91,	6.65014,	6.882560,	0.000728,	245.614,	0.505
92,	6.65014,	6.882858,	-0.000577,	245.613,	0.505
93,	6.65014,	6.881103,	0.000693,	245.612,	0.495
94,	6.65014,	6.881288,	-0.000353,	245.608,	0.550
95,	6.65014,	6.882501,	-0.001954,	245.607,	0.550
96,	6.65014,	6.879780,	0.000332,	245.606,	0.505
97,	6.65014,	6.881093,	0.000625,	245.603,	0.495
98,	6.65014,	6.882075,	-0.000957,	245.600,	0.500
99,	6.65014,	6.880853,	-0.000493,	245.599,	0.505
100,	6.65014,	6.880293,	0.000476,	245.598,	0.545
