Num, Lmd, sig,    mon,    Ring,  sec
#lmd,   E,  HOYAX,  Y,  Smpl,  Det, AGC X, Y, Smpl, Det
#6.60012,	187.8515,	57.000,	22.000,	4.300,	30.000,	0.000,	-76.000,	-0.068,	-0.346

1,	6.60012,	8.311238,	-0.003863,	288.774,	186.605
2,	6.60012,	8.309544,	-0.000093,	288.771,	0.540
3,	6.60012,	8.309719,	0.000472,	288.769,	0.490
4,	6.60012,	8.309436,	-0.000718,	288.765,	0.490
5,	6.60012,	8.309967,	-0.000287,	288.764,	0.490
6,	6.60012,	8.311701,	0.000189,	288.761,	0.490
7,	6.60012,	8.311447,	-0.000991,	288.758,	0.540
8,	6.60012,	8.309200,	-0.000116,	288.756,	0.490
9,	6.60012,	8.308330,	0.000558,	288.755,	0.490
10,	6.60012,	8.307778,	-0.000506,	288.750,	0.485
11,	6.60012,	8.308128,	0.000862,	288.748,	0.495
12,	6.60012,	8.309004,	-0.000147,	288.745,	0.540
13,	6.60012,	8.310164,	0.000390,	288.743,	0.490
14,	6.60012,	8.309289,	0.001506,	288.740,	0.490
15,	6.60012,	8.309063,	-0.000054,	288.738,	0.490
16,	6.60012,	8.308720,	0.000633,	288.735,	0.490
17,	6.60012,	8.307805,	0.000672,	288.733,	0.540
18,	6.60012,	8.310757,	-0.001571,	288.729,	0.485
19,	6.60012,	8.309202,	0.000011,	288.726,	0.495
20,	6.60012,	8.309211,	0.001047,	288.725,	0.490
21,	6.60012,	8.309041,	0.000019,	288.723,	0.495
22,	6.60012,	8.308145,	-0.000674,	288.719,	0.540
23,	6.60012,	8.307439,	-0.000203,	288.716,	0.490
24,	6.60012,	8.308062,	-0.000817,	288.714,	0.490
25,	6.60012,	8.308573,	0.001159,	288.713,	0.490
26,	6.60012,	8.308687,	0.000112,	288.710,	0.495
27,	6.60012,	8.307708,	0.000196,	288.706,	0.545
28,	6.60012,	8.307366,	-0.000392,	288.705,	0.495
29,	6.60012,	8.307715,	-0.000323,	288.703,	0.495
30,	6.60012,	8.307703,	-0.000842,	288.699,	0.490
31,	6.60012,	8.308034,	-0.000461,	288.697,	0.500
32,	6.60012,	8.308617,	-0.000989,	288.695,	0.545
33,	6.60012,	8.306907,	-0.000666,	288.693,	0.495
34,	6.60012,	8.308127,	0.000773,	288.689,	0.495
35,	6.60012,	8.308686,	0.000446,	288.687,	0.495
36,	6.60012,	8.307578,	-0.000597,	288.684,	0.495
37,	6.60012,	8.308046,	-0.000549,	288.682,	0.545
38,	6.60012,	8.309061,	-0.001000,	288.679,	0.495
39,	6.60012,	8.309070,	0.000252,	288.676,	0.495
40,	6.60012,	8.307258,	0.000485,	288.674,	0.495
41,	6.60012,	8.306714,	0.000204,	288.672,	0.495
42,	6.60012,	8.307087,	-0.000067,	288.669,	0.545
43,	6.60012,	8.307158,	-0.000140,	288.667,	0.490
44,	6.60012,	8.307047,	0.000213,	288.665,	0.500
45,	6.60012,	8.304903,	0.000185,	288.660,	0.495
46,	6.60012,	8.307171,	-0.000373,	288.658,	0.495
47,	6.60012,	8.306551,	0.000265,	288.656,	0.490
48,	6.60012,	8.305476,	-0.000433,	288.655,	0.545
49,	6.60012,	8.304596,	-0.000114,	288.650,	0.500
50,	6.60012,	8.303876,	-0.000883,	288.649,	0.495
51,	6.60012,	8.305502,	0.000452,	288.646,	0.495
52,	6.60012,	8.305515,	-0.000093,	288.644,	0.495
53,	6.60012,	8.307293,	-0.000414,	288.640,	0.545
54,	6.60012,	8.306328,	-0.000336,	288.639,	0.545
55,	6.60012,	8.306912,	-0.000140,	288.636,	0.495
56,	6.60012,	8.304768,	0.000407,	288.632,	0.495
57,	6.60012,	8.303116,	-0.000114,	288.630,	0.495
58,	6.60012,	8.307415,	-0.000356,	288.629,	0.510
59,	6.60012,	8.305929,	0.000017,	288.626,	0.545
60,	6.60012,	8.305868,	-0.000842,	288.623,	0.495
61,	6.60012,	8.303606,	0.000021,	288.621,	0.495
62,	6.60012,	8.303862,	0.000472,	288.618,	0.495
63,	6.60012,	8.305150,	-0.000597,	288.617,	0.495
64,	6.60012,	8.305141,	-0.000948,	288.611,	0.545
65,	6.60012,	8.304526,	-0.000453,	288.610,	0.495
66,	6.60012,	8.303489,	-0.000269,	288.607,	0.495
67,	6.60012,	8.305161,	-0.000022,	288.606,	0.495
68,	6.60012,	8.304911,	0.000045,	288.601,	0.500
69,	6.60012,	8.303568,	0.000217,	288.599,	0.495
70,	6.60012,	8.303841,	0.000898,	288.597,	0.545
71,	6.60012,	8.303596,	0.000043,	288.594,	0.500
72,	6.60012,	8.303801,	-0.000638,	288.591,	0.495
73,	6.60012,	8.304591,	0.000260,	288.589,	0.500
74,	6.60012,	8.303139,	0.000795,	288.586,	0.500
75,	6.60012,	8.305189,	-0.000157,	288.583,	0.545
76,	6.60012,	8.303282,	0.000510,	288.582,	0.500
77,	6.60012,	8.302839,	-0.000377,	288.580,	0.500
78,	6.60012,	8.304632,	0.000293,	288.578,	0.500
79,	6.60012,	8.303105,	0.000129,	288.574,	0.500
80,	6.60012,	8.303262,	-0.000948,	288.571,	0.550
81,	6.60012,	8.303267,	-0.001071,	288.568,	0.495
82,	6.60012,	8.304204,	0.000338,	288.565,	0.505
83,	6.60012,	8.303589,	-0.000259,	288.564,	0.500
84,	6.60012,	8.299649,	-0.000282,	288.562,	0.500
85,	6.60012,	8.301551,	-0.000767,	288.559,	0.550
86,	6.60012,	8.303273,	-0.000144,	288.555,	0.500
87,	6.60012,	8.305029,	-0.000735,	288.553,	0.500
88,	6.60012,	8.302770,	0.000719,	288.551,	0.500
89,	6.60012,	8.303464,	-0.000567,	288.548,	0.500
90,	6.60012,	8.303530,	0.000041,	288.545,	0.550
91,	6.60012,	8.304263,	0.000067,	288.543,	0.500
92,	6.60012,	8.302111,	-0.000028,	288.540,	0.500
93,	6.60012,	8.303688,	0.000054,	288.537,	0.500
94,	6.60012,	8.303143,	0.000657,	288.535,	0.500
95,	6.60012,	8.302294,	0.001148,	288.532,	0.500
96,	6.60012,	8.301197,	0.000525,	288.531,	0.550
97,	6.60012,	8.304062,	0.000607,	288.525,	0.500
98,	6.60012,	8.302013,	-0.000896,	288.524,	0.500
99,	6.60012,	8.304544,	0.000711,	288.522,	0.500
100,	6.60012,	8.301972,	-0.000295,	288.520,	0.500
