Num, Lmd, sig,    mon,    Ring,  sec
#lmd,   E,  HOYAX,  Y,  Smpl,  Det, AGC X, Y, Smpl, Det
#6.70015,	185.0470,	57.000,	22.000,	4.300,	30.000,	27.600,	24.000,	83.999,	150.001

1,	6.70015,	-0.004362,	-0.002915,	300.055,	109.845
2,	6.70015,	-0.006733,	-0.000724,	300.052,	0.540
3,	6.70015,	-0.005762,	0.000329,	300.049,	0.500
4,	6.70015,	-0.007237,	0.000278,	300.046,	0.495
5,	6.70015,	-0.006076,	-0.000211,	300.043,	0.495
6,	6.70015,	-0.006523,	0.000133,	300.042,	0.495
7,	6.70015,	-0.006349,	-0.000832,	300.037,	0.540
8,	6.70015,	-0.006600,	-0.000763,	300.036,	0.495
9,	6.70015,	-0.006046,	-0.000761,	300.033,	0.495
10,	6.70015,	-0.006730,	0.000071,	300.031,	0.495
11,	6.70015,	-0.007086,	-0.000028,	300.029,	0.500
12,	6.70015,	-0.006301,	0.000157,	300.024,	0.540
13,	6.70015,	-0.006687,	-0.000011,	300.022,	0.500
14,	6.70015,	-0.006265,	-0.000972,	300.020,	0.495
15,	6.70015,	-0.007283,	-0.000610,	300.016,	0.495
16,	6.70015,	-0.007009,	-0.000097,	300.013,	0.495
17,	6.70015,	-0.006103,	0.000097,	300.012,	0.545
18,	6.70015,	-0.006269,	-0.000422,	300.007,	0.495
19,	6.70015,	-0.006477,	0.000215,	300.004,	0.495
20,	6.70015,	-0.007015,	0.000021,	300.003,	0.490
21,	6.70015,	-0.005496,	-0.000095,	300.001,	0.500
22,	6.70015,	-0.007248,	-0.000528,	299.998,	0.550
23,	6.70015,	-0.006513,	-0.000437,	299.994,	0.545
24,	6.70015,	-0.007094,	0.000769,	299.992,	0.495
25,	6.70015,	-0.006719,	0.000577,	299.989,	0.495
26,	6.70015,	-0.006964,	0.000618,	299.986,	0.495
27,	6.70015,	-0.006016,	-0.000789,	299.984,	0.495
28,	6.70015,	-0.005373,	-0.000862,	299.980,	0.545
29,	6.70015,	-0.005979,	0.000278,	299.976,	0.495
30,	6.70015,	-0.005911,	0.000635,	299.975,	0.495
31,	6.70015,	-0.006576,	-0.000696,	299.972,	0.490
32,	6.70015,	-0.006139,	0.000237,	299.970,	0.505
33,	6.70015,	-0.005865,	0.000174,	299.968,	0.545
34,	6.70015,	-0.006542,	-0.000097,	299.964,	0.495
35,	6.70015,	-0.007431,	-0.000565,	299.961,	0.495
36,	6.70015,	-0.006288,	0.000441,	299.959,	0.495
37,	6.70015,	-0.006670,	-0.000069,	299.957,	0.500
38,	6.70015,	-0.005678,	-0.000121,	299.952,	0.545
39,	6.70015,	-0.006578,	0.000375,	299.950,	0.495
40,	6.70015,	-0.006207,	-0.000030,	299.947,	0.490
41,	6.70015,	-0.006054,	0.000133,	299.943,	0.500
42,	6.70015,	-0.007114,	0.000342,	299.940,	0.495
43,	6.70015,	-0.006429,	-0.001041,	299.938,	0.540
44,	6.70015,	-0.006285,	-0.000836,	299.936,	0.555
45,	6.70015,	-0.005787,	-0.000524,	299.931,	0.500
46,	6.70015,	-0.006808,	0.000433,	299.929,	0.500
47,	6.70015,	-0.006433,	-0.000166,	299.928,	0.500
48,	6.70015,	-0.006729,	-0.000250,	299.925,	0.495
49,	6.70015,	-0.006784,	-0.000502,	299.919,	0.590
50,	6.70015,	-0.006912,	-0.000289,	299.918,	0.500
51,	6.70015,	-0.007151,	-0.001437,	299.914,	0.500
52,	6.70015,	-0.006195,	-0.000218,	299.911,	0.500
53,	6.70015,	-0.006264,	0.001256,	299.909,	0.500
54,	6.70015,	-0.006403,	-0.000220,	299.907,	0.545
55,	6.70015,	-0.005999,	0.000172,	299.902,	0.495
56,	6.70015,	-0.006547,	0.000077,	299.900,	0.495
57,	6.70015,	-0.006794,	0.000780,	299.898,	0.500
58,	6.70015,	-0.006487,	-0.000931,	299.896,	0.495
59,	6.70015,	-0.007081,	-0.001250,	299.893,	0.505
60,	6.70015,	-0.006797,	0.000284,	299.890,	0.545
61,	6.70015,	-0.006141,	-0.000371,	299.889,	0.500
62,	6.70015,	-0.006002,	-0.000401,	299.883,	0.500
63,	6.70015,	-0.006094,	0.000192,	299.881,	0.550
64,	6.70015,	-0.006481,	0.001159,	299.879,	0.500
65,	6.70015,	-0.006859,	-0.000121,	299.876,	0.495
66,	6.70015,	-0.006574,	0.000202,	299.872,	0.555
67,	6.70015,	-0.006531,	-0.000743,	299.870,	0.495
68,	6.70015,	-0.007099,	0.000140,	299.868,	0.500
69,	6.70015,	-0.006092,	0.000308,	299.866,	0.495
70,	6.70015,	-0.005974,	0.000700,	299.861,	0.495
71,	6.70015,	-0.006650,	-0.000855,	299.860,	0.550
72,	6.70015,	-0.006725,	0.000730,	299.857,	0.550
73,	6.70015,	-0.006104,	-0.000696,	299.853,	0.550
74,	6.70015,	-0.006249,	0.000075,	299.850,	0.495
75,	6.70015,	-0.006752,	0.001510,	299.847,	0.495
76,	6.70015,	-0.006252,	-0.000565,	299.844,	0.495
77,	6.70015,	-0.005999,	-0.000601,	299.842,	0.495
78,	6.70015,	-0.006867,	-0.001364,	299.839,	0.545
79,	6.70015,	-0.006230,	-0.001353,	299.837,	0.540
80,	6.70015,	-0.006031,	-0.000498,	299.832,	0.495
81,	6.70015,	-0.006639,	-0.001088,	299.830,	0.500
82,	6.70015,	-0.006672,	0.000095,	299.828,	0.495
83,	6.70015,	-0.007079,	-0.000696,	299.825,	0.500
84,	6.70015,	-0.006874,	0.000398,	299.821,	0.545
85,	6.70015,	-0.006438,	-0.000170,	299.818,	0.495
86,	6.70015,	-0.006360,	-0.000845,	299.817,	0.500
87,	6.70015,	-0.006582,	0.000332,	299.813,	0.505
88,	6.70015,	-0.006232,	0.000575,	299.811,	0.495
89,	6.70015,	-0.006695,	-0.000039,	299.808,	0.545
90,	6.70015,	-0.006291,	0.000588,	299.807,	0.495
91,	6.70015,	-0.006729,	0.000265,	299.801,	0.495
92,	6.70015,	-0.007397,	-0.000528,	299.800,	0.495
93,	6.70015,	-0.006467,	-0.000246,	299.798,	0.500
94,	6.70015,	-0.006643,	0.000151,	299.795,	0.500
95,	6.70015,	-0.006707,	-0.000071,	299.790,	0.540
96,	6.70015,	-0.006430,	0.000004,	299.788,	0.500
97,	6.70015,	-0.005859,	-0.000414,	299.785,	0.495
98,	6.70015,	-0.006600,	-0.000668,	299.784,	0.500
99,	6.70015,	-0.006580,	-0.000621,	299.780,	0.500
100,	6.70015,	-0.006749,	-0.000269,	299.778,	0.550
