Smpl, Det, sig,    mon,    Ring,  sec
#lmd,   E,  HOYAX,  Y,  Smpl,  Det, AGC X, Y, Smpl, Det, ppsSmpl, ppsDet
#6.50014,	190.7409,	57.000,	22.000,	4.300,	30.000,	-24.600,	3.500,	69.930,	139.651,100,100

69.872,	139.543,	0.395996,	0.000439,	261.251,	37.470
69.970,	139.738,	0.407824,	0.001193,	261.251,	0.540
70.067,	139.932,	0.416523,	0.001570,	261.248,	0.540
70.157,	140.112,	0.420337,	0.002738,	261.247,	0.495
70.247,	140.288,	0.419954,	0.002359,	261.244,	0.500
70.333,	140.468,	0.416647,	0.002744,	261.243,	0.490
70.423,	140.648,	0.407880,	0.003227,	261.240,	0.500
70.520,	140.839,	0.393883,	0.002378,	261.237,	0.540
70.610,	141.019,	0.379002,	0.002201,	261.236,	0.500
70.700,	141.196,	0.361853,	0.001510,	261.235,	0.490
70.787,	141.376,	0.341923,	0.003229,	261.231,	0.500
70.877,	141.556,	0.319913,	0.003009,	261.230,	0.490
70.974,	141.750,	0.293803,	0.002242,	261.228,	0.545
71.064,	141.926,	0.269870,	0.001758,	261.227,	0.495
71.154,	142.106,	0.245679,	0.003391,	261.224,	0.495
71.244,	142.283,	0.221208,	0.002716,	261.221,	0.495
71.334,	142.463,	0.197219,	0.002611,	261.220,	0.500
71.431,	142.657,	0.171677,	0.003356,	261.217,	0.535
71.521,	142.837,	0.150676,	0.002292,	261.214,	0.505
71.608,	143.014,	0.129839,	0.001534,	261.212,	0.490
71.698,	143.194,	0.111803,	0.002344,	261.210,	0.500
71.788,	143.370,	0.095055,	0.000693,	261.209,	0.490
71.885,	143.568,	0.080522,	0.001695,	261.206,	0.550
71.975,	143.744,	0.067283,	0.003679,	261.204,	0.485
72.061,	143.924,	0.056778,	0.002255,	261.202,	0.500
72.151,	144.101,	0.048497,	0.002680,	261.201,	0.495
72.241,	144.281,	0.040948,	0.002212,	261.197,	0.500
72.331,	144.457,	0.035055,	0.002197,	261.195,	0.490
72.428,	144.655,	0.029616,	0.000980,	261.194,	0.540
72.518,	144.832,	0.025570,	0.003477,	261.191,	0.500
72.605,	145.012,	0.023145,	0.002830,	261.189,	0.495
72.695,	145.192,	0.020970,	0.002092,	261.187,	0.500
72.785,	145.368,	0.018390,	0.002570,	261.186,	0.490
72.882,	145.566,	0.015987,	0.002509,	261.182,	0.545
72.972,	145.742,	0.015492,	0.001142,	261.181,	0.495
73.062,	145.922,	0.013815,	0.002145,	261.178,	0.500
73.148,	146.099,	0.013825,	0.002723,	261.177,	0.485
73.238,	146.275,	0.011095,	0.002227,	261.175,	0.500
73.336,	146.470,	0.010284,	0.001040,	261.172,	0.540
73.426,	146.650,	0.008587,	0.002509,	261.172,	0.500
73.516,	146.830,	0.008248,	0.003151,	261.170,	0.495
73.606,	147.010,	0.007403,	0.001288,	261.167,	0.500
73.696,	147.190,	0.006222,	0.002451,	261.164,	0.500
73.793,	147.384,	0.005207,	0.002094,	261.162,	0.540
73.883,	147.560,	0.005326,	0.002020,	261.161,	0.495
73.969,	147.737,	0.004283,	0.002902,	261.157,	0.490
74.059,	147.917,	0.004726,	0.002796,	261.155,	0.500
74.149,	148.093,	0.003001,	0.001809,	261.153,	0.490
74.246,	148.291,	0.002539,	0.001898,	261.152,	0.550
74.344,	148.486,	0.002572,	0.001762,	261.149,	0.540
74.441,	148.684,	0.001857,	0.002354,	261.147,	0.545
74.531,	148.860,	0.001004,	0.002466,	261.144,	0.495
74.621,	149.040,	0.002394,	0.001600,	261.142,	0.495
74.711,	149.216,	0.002274,	0.002979,	261.140,	0.495
74.797,	149.396,	0.002776,	0.002899,	261.139,	0.495
74.898,	149.591,	0.002790,	0.002563,	261.137,	0.545
74.984,	149.767,	0.001847,	0.001070,	261.133,	0.490
75.074,	149.947,	0.002893,	0.002540,	261.132,	0.495
75.164,	150.127,	0.002432,	0.003080,	261.130,	0.500
75.251,	150.304,	0.003210,	0.002906,	261.128,	0.495
75.352,	150.502,	0.002221,	0.002141,	261.125,	0.545
75.438,	150.678,	0.002059,	0.002249,	261.123,	0.490
75.528,	150.858,	0.001698,	0.001379,	261.121,	0.500
75.618,	151.034,	0.001129,	0.002783,	261.119,	0.490
75.708,	151.211,	0.001133,	0.002565,	261.117,	0.495
75.805,	151.405,	0.000140,	0.002124,	261.116,	0.545
75.895,	151.585,	0.000272,	0.002186,	261.114,	0.495
75.982,	151.762,	0.000356,	0.003266,	261.110,	0.495
76.072,	151.942,	0.000090,	0.002639,	261.108,	0.495
76.162,	152.118,	-0.001035,	0.002932,	261.107,	0.490
76.259,	152.312,	-0.001117,	0.002281,	261.106,	0.545
76.349,	152.492,	-0.001877,	0.002645,	261.102,	0.495
76.435,	152.672,	-0.002361,	0.003020,	261.101,	0.495
76.529,	152.852,	-0.002957,	0.002471,	261.100,	0.505
76.615,	153.029,	-0.002535,	0.001936,	261.098,	0.495
76.712,	153.223,	-0.002454,	0.002587,	261.095,	0.540
76.802,	153.403,	-0.003103,	0.002656,	261.093,	0.495
76.892,	153.583,	-0.002298,	0.002406,	261.092,	0.495
76.982,	153.760,	-0.002692,	0.002346,	261.088,	0.495
77.069,	153.940,	-0.003399,	0.002861,	261.086,	0.495
77.170,	154.134,	-0.003143,	0.001971,	261.083,	0.545
77.256,	154.314,	-0.002623,	0.002979,	261.082,	0.495
77.346,	154.490,	-0.003157,	0.002359,	261.079,	0.495
77.436,	154.670,	-0.002895,	0.001887,	261.078,	0.495
77.526,	154.847,	-0.003292,	0.002339,	261.076,	0.495
77.620,	155.041,	-0.002676,	0.002102,	261.074,	0.535
77.710,	155.218,	-0.002227,	0.002630,	261.070,	0.500
77.800,	155.398,	-0.002466,	0.003018,	261.068,	0.495
77.890,	155.574,	-0.002013,	0.002257,	261.067,	0.495
77.980,	155.754,	-0.002624,	0.001534,	261.065,	0.495
78.077,	155.948,	-0.002422,	0.001708,	261.062,	0.540
78.163,	156.125,	-0.002693,	0.002677,	261.060,	0.495
78.253,	156.308,	-0.002010,	0.003399,	261.059,	0.500
78.343,	156.485,	-0.003061,	0.002934,	261.058,	0.490
78.433,	156.665,	-0.003003,	0.003686,	261.054,	0.500
78.527,	156.856,	-0.002692,	0.001469,	261.052,	0.535
78.617,	157.036,	-0.002977,	0.001885,	261.051,	0.495
78.707,	157.212,	-0.003887,	0.002380,	261.048,	0.495
78.797,	157.392,	-0.003240,	0.002130,	261.046,	0.495
78.887,	157.568,	-0.003065,	0.002966,	261.043,	0.495
78.984,	157.766,	-0.004361,	0.002191,	261.042,	0.545
79.074,	157.943,	-0.003760,	0.002380,	261.039,	0.495
79.160,	158.123,	-0.002525,	0.003216,	261.037,	0.495
79.250,	158.299,	-0.004293,	0.003619,	261.035,	0.495
79.340,	158.479,	-0.003571,	0.002111,	261.035,	0.495
79.430,	158.656,	-0.003130,	0.001982,	261.033,	0.495
79.528,	158.854,	-0.004012,	0.001852,	261.030,	0.545
79.618,	159.030,	-0.003800,	0.002184,	261.028,	0.495
79.704,	159.210,	-0.004310,	0.002380,	261.026,	0.495
79.794,	159.386,	-0.004301,	0.002503,	261.023,	0.495
79.884,	159.566,	-0.003799,	0.002018,	261.022,	0.495
79.981,	159.757,	-0.004262,	0.002057,	261.020,	0.540
80.071,	159.937,	-0.003864,	0.002292,	261.019,	0.495
80.158,	160.114,	-0.003870,	0.001777,	261.015,	0.495
80.248,	160.294,	-0.004846,	0.002777,	261.013,	0.495
80.338,	160.470,	-0.003511,	0.003190,	261.013,	0.495
80.435,	160.664,	-0.004214,	0.001984,	261.010,	0.540
80.525,	160.844,	-0.003929,	0.002143,	261.007,	0.495
80.611,	161.024,	-0.003460,	0.003485,	261.006,	0.495
80.701,	161.201,	-0.004031,	0.002160,	261.005,	0.495
80.791,	161.381,	-0.003913,	0.003184,	261.003,	0.495
80.888,	161.575,	-0.005070,	0.002361,	261.001,	0.540
80.978,	161.752,	-0.004270,	0.001738,	260.999,	0.495
81.065,	161.932,	-0.003700,	0.002191,	260.996,	0.495
81.155,	162.108,	-0.003983,	0.002094,	260.992,	0.495
81.245,	162.288,	-0.003697,	0.003701,	260.990,	0.495
81.342,	162.482,	-0.003359,	0.001898,	260.989,	0.545
81.432,	162.662,	-0.004242,	0.002387,	260.988,	0.495
81.518,	162.839,	-0.002739,	0.003162,	260.983,	0.495
81.608,	163.019,	-0.003729,	0.003466,	260.983,	0.495
81.698,	163.195,	-0.003547,	0.001952,	260.981,	0.490
81.796,	163.393,	-0.003774,	0.001949,	260.979,	0.550
81.886,	163.570,	-0.004878,	0.003007,	260.976,	0.490
81.976,	163.750,	-0.004669,	0.003281,	260.973,	0.500
82.062,	163.922,	-0.003563,	0.002794,	260.972,	0.485
82.152,	164.102,	-0.003484,	0.002376,	260.970,	0.505
82.249,	164.297,	-0.003964,	0.001279,	260.967,	0.535
82.339,	164.473,	-0.004557,	0.002830,	260.965,	0.495
82.429,	164.653,	-0.003974,	0.002525,	260.964,	0.495
82.516,	164.830,	-0.004212,	0.002434,	260.962,	0.495
82.606,	165.010,	-0.003773,	0.002548,	260.959,	0.495
82.703,	165.208,	-0.005102,	0.001262,	260.958,	0.550
82.793,	165.384,	-0.004248,	0.002227,	260.955,	0.490
82.883,	165.564,	-0.004107,	0.001803,	260.954,	0.495
82.973,	165.740,	-0.003836,	0.002087,	260.951,	0.495
83.059,	165.920,	-0.004678,	0.003778,	260.950,	0.495
83.160,	166.115,	-0.006211,	0.001734,	260.948,	0.545
83.246,	166.295,	-0.006895,	0.001734,	260.944,	0.495
83.336,	166.471,	-0.005999,	0.002479,	260.942,	0.495
83.426,	166.651,	-0.006501,	0.002102,	260.941,	0.500
83.516,	166.828,	-0.007071,	0.003065,	260.939,	0.490
83.614,	167.026,	-0.007796,	0.002391,	260.936,	0.545
83.711,	167.220,	-0.007042,	0.001064,	260.935,	0.545
83.808,	167.414,	-0.007291,	0.001514,	260.933,	0.540
83.898,	167.591,	-0.006189,	0.002025,	260.929,	0.490
83.988,	167.774,	-0.006550,	0.002637,	260.927,	0.505
84.074,	167.947,	-0.006608,	0.003201,	260.926,	0.490
84.164,	168.127,	-0.005708,	0.002606,	260.924,	0.500
84.254,	168.304,	-0.006266,	0.002919,	260.922,	0.485
84.352,	168.502,	-0.006820,	0.001980,	260.918,	0.545
84.442,	168.678,	-0.006209,	0.001407,	260.918,	0.495
84.528,	168.858,	-0.006276,	0.002339,	260.916,	0.500
84.618,	169.034,	-0.006363,	0.002210,	260.913,	0.490
84.708,	169.214,	-0.005893,	0.002421,	260.911,	0.500
84.805,	169.409,	-0.006248,	0.000713,	260.910,	0.540
84.895,	169.589,	-0.004844,	0.001385,	260.908,	0.495
84.985,	169.765,	-0.004878,	0.002180,	260.904,	0.495
85.072,	169.945,	-0.005358,	0.001790,	260.902,	0.495
85.162,	170.122,	-0.003924,	0.002525,	260.901,	0.495
85.259,	170.320,	-0.005193,	0.001775,	260.900,	0.550
85.349,	170.496,	-0.006226,	0.002212,	260.897,	0.490
85.439,	170.676,	-0.006988,	0.002389,	260.894,	0.500
85.529,	170.852,	-0.006461,	0.001956,	260.893,	0.490
85.615,	171.032,	-0.006636,	0.002535,	260.891,	0.495
85.712,	171.227,	-0.007541,	0.001391,	260.888,	0.540
85.802,	171.407,	-0.006551,	0.002378,	260.886,	0.500
85.892,	171.583,	-0.006146,	0.003384,	260.885,	0.500
85.982,	171.763,	-0.007199,	0.003035,	260.881,	0.490
86.072,	171.943,	-0.006846,	0.003154,	260.881,	0.500
86.159,	172.120,	-0.006380,	0.002559,	260.878,	0.490
86.260,	172.314,	-0.007189,	0.001833,	260.876,	0.550
86.346,	172.490,	-0.007183,	0.001990,	260.874,	0.490
86.436,	172.674,	-0.007037,	0.002645,	260.871,	0.500
86.526,	172.850,	-0.006818,	0.003294,	260.869,	0.490
86.616,	173.030,	-0.007206,	0.002098,	260.868,	0.500
86.713,	173.221,	-0.007996,	0.000834,	260.865,	0.540
86.803,	173.405,	-0.007965,	0.001708,	260.863,	0.500
86.890,	173.581,	-0.007174,	0.003800,	260.860,	0.490
86.980,	173.758,	-0.006278,	0.001928,	260.858,	0.500
87.070,	173.938,	-0.006921,	0.002546,	260.856,	0.495
87.167,	174.132,	-0.006314,	0.001900,	260.855,	0.545
87.257,	174.308,	-0.005720,	0.002421,	260.852,	0.490
87.347,	174.488,	-0.005355,	0.001359,	260.851,	0.495
87.433,	174.668,	-0.005439,	0.002434,	260.848,	0.500
87.523,	174.845,	-0.005170,	0.002858,	260.846,	0.490
87.620,	175.039,	-0.005878,	0.001387,	260.843,	0.545
87.710,	175.219,	-0.002114,	0.002602,	260.841,	0.495
87.800,	175.399,	-0.005385,	0.001665,	260.838,	0.500
87.890,	175.576,	-0.006635,	0.002417,	260.837,	0.490
87.977,	175.756,	-0.005736,	0.003537,	260.836,	0.500
88.078,	175.950,	-0.007479,	0.001706,	260.833,	0.540
88.164,	176.130,	-0.006715,	0.002958,	260.831,	0.500
88.254,	176.306,	-0.005991,	0.002413,	260.829,	0.490
88.344,	176.486,	-0.005618,	0.002613,	260.827,	0.495
88.434,	176.663,	-0.004116,	0.002553,	260.825,	0.495
88.531,	176.861,	-0.004825,	0.001764,	260.822,	0.545
88.621,	177.037,	-0.005823,	0.001568,	260.821,	0.495
88.708,	177.217,	-0.005192,	0.002094,	260.819,	0.495
88.798,	177.394,	-0.004947,	0.002990,	260.815,	0.495
88.888,	177.574,	-0.004802,	0.002841,	260.814,	0.500
88.985,	177.768,	-0.005299,	0.001883,	260.812,	0.535
89.082,	177.962,	-0.006168,	0.001407,	260.808,	0.550
89.172,	178.139,	-0.005557,	0.002880,	260.807,	0.490
89.258,	178.319,	-0.006090,	0.001615,	260.806,	0.495
89.348,	178.499,	-0.005608,	0.002094,	260.804,	0.495
89.438,	178.679,	-0.006499,	0.002533,	260.802,	0.500
89.536,	178.870,	-0.006689,	0.002117,	260.799,	0.540
89.626,	179.050,	-0.006536,	0.002746,	260.797,	0.500
89.716,	179.226,	-0.006707,	0.002970,	260.795,	0.490
89.806,	179.406,	-0.006595,	0.002809,	260.792,	0.500
89.892,	179.586,	-0.008880,	0.003313,	260.789,	0.495
