Smpl, Det, sig,    mon,    Ring,  sec
#lmd,   E,  HOYAX,  Y,  Smpl,  Det, AGC X, Y, Smpl, Det, ppsSmpl, ppsDet
#6.55011,	189.2857,	57.000,	22.000,	4.300,	30.000,	27.600,	4.500,	69.930,	139.651,100,100

69.872,	139.540,	-0.001799,	-0.000584,	283.152,	37.450
69.962,	139.723,	-0.003315,	0.001790,	283.150,	0.500
70.060,	139.914,	-0.002984,	0.000926,	283.148,	0.535
70.150,	140.094,	-0.003272,	0.002499,	283.146,	0.505
70.236,	140.270,	-0.002732,	0.002647,	283.142,	0.490
70.326,	140.450,	-0.002287,	0.002546,	283.139,	0.500
70.416,	140.627,	-0.002797,	0.002512,	283.138,	0.485
70.513,	140.821,	-0.002629,	0.002128,	283.137,	0.545
70.603,	141.001,	-0.001164,	0.002811,	283.132,	0.495
70.690,	141.181,	-0.000477,	0.003018,	283.130,	0.500
70.780,	141.358,	-0.000240,	0.002574,	283.129,	0.490
70.870,	141.538,	0.000435,	0.002042,	283.127,	0.500
70.967,	141.732,	-0.000530,	0.001980,	283.123,	0.540
71.064,	141.926,	0.000406,	0.001497,	283.121,	0.535
71.150,	142.103,	0.001137,	0.002344,	283.119,	0.495
71.240,	142.279,	0.001167,	0.003414,	283.115,	0.495
71.330,	142.459,	0.000544,	0.003119,	283.113,	0.490
71.420,	142.636,	0.001497,	0.002787,	283.111,	0.500
71.518,	142.834,	0.000064,	0.001394,	283.109,	0.540
71.604,	143.010,	-0.000020,	0.002160,	283.105,	0.495
71.694,	143.190,	0.000766,	0.002397,	283.103,	0.495
71.784,	143.366,	-0.001021,	0.001788,	283.102,	0.495
71.874,	143.546,	-0.001605,	0.002945,	283.099,	0.500
71.971,	143.741,	-0.002439,	0.002072,	283.096,	0.540
72.058,	143.917,	-0.002927,	0.003100,	283.093,	0.490
72.148,	144.094,	-0.002642,	0.002320,	283.091,	0.495
72.238,	144.274,	-0.003127,	0.002184,	283.089,	0.490
72.328,	144.454,	-0.003377,	0.002320,	283.084,	0.505
72.425,	144.644,	-0.002587,	0.002070,	283.083,	0.535
72.511,	144.824,	-0.001668,	0.002318,	283.081,	0.495
72.601,	145.004,	-0.000381,	0.002145,	283.078,	0.495
72.691,	145.181,	-0.000065,	0.002671,	283.075,	0.495
72.781,	145.357,	0.000783,	0.003770,	283.074,	0.495
72.868,	145.537,	0.000603,	0.003412,	283.071,	0.490
72.965,	145.732,	0.001971,	0.000829,	283.068,	0.540
73.055,	145.912,	0.003552,	0.002406,	283.066,	0.500
73.145,	146.088,	0.004849,	0.001932,	283.063,	0.495
73.235,	146.268,	0.004612,	0.002585,	283.061,	0.495
73.325,	146.444,	0.005081,	0.002727,	283.060,	0.495
73.422,	146.639,	0.005563,	0.001297,	283.056,	0.545
73.508,	146.819,	0.006359,	0.003410,	283.054,	0.495
73.598,	146.999,	0.006803,	0.002182,	283.052,	0.500
73.688,	147.175,	0.005542,	0.003332,	283.049,	0.490
73.778,	147.352,	0.004907,	0.002854,	283.046,	0.495
73.876,	147.550,	0.003810,	0.001435,	283.044,	0.545
73.962,	147.726,	0.003510,	0.004058,	283.042,	0.490
74.052,	147.906,	0.002366,	0.002288,	283.038,	0.495
74.142,	148.082,	0.002273,	0.002397,	283.036,	0.490
74.232,	148.262,	0.002086,	0.002697,	283.034,	0.500
74.329,	148.453,	0.000653,	0.001885,	283.032,	0.540
74.419,	148.633,	0.000001,	0.003115,	283.029,	0.500
74.506,	148.810,	-0.000743,	0.002501,	283.026,	0.485
74.596,	148.990,	-0.001324,	0.002587,	283.024,	0.500
74.686,	149.166,	-0.001353,	0.002059,	283.023,	0.495
74.783,	149.364,	-0.001156,	0.002865,	283.018,	0.545
74.873,	149.540,	-0.000038,	0.002927,	283.017,	0.490
74.959,	149.720,	0.000707,	0.001699,	283.014,	0.500
75.049,	149.897,	0.001111,	0.002942,	283.009,	0.490
75.139,	150.077,	0.003275,	0.002326,	283.008,	0.500
75.226,	150.253,	0.004137,	0.002609,	283.006,	0.490
75.323,	150.448,	0.005243,	0.001189,	283.005,	0.540
75.413,	150.628,	0.008567,	0.002214,	283.001,	0.500
75.503,	150.804,	0.011270,	0.001975,	282.999,	0.490
75.593,	150.984,	0.013757,	0.001820,	282.996,	0.495
75.679,	151.160,	0.014721,	0.002684,	282.995,	0.490
75.780,	151.355,	0.017500,	0.001413,	282.990,	0.550
75.866,	151.531,	0.019475,	0.001790,	282.989,	0.490
75.956,	151.711,	0.021019,	0.001710,	282.987,	0.495
76.046,	151.888,	0.022397,	0.002740,	282.985,	0.495
76.133,	152.068,	0.024168,	0.001579,	282.981,	0.495
76.234,	152.262,	0.024253,	0.001426,	282.979,	0.540
76.320,	152.442,	0.025770,	0.003600,	282.977,	0.500
76.410,	152.618,	0.025256,	0.003283,	282.975,	0.490
76.500,	152.795,	0.024115,	0.002708,	282.971,	0.490
76.586,	152.975,	0.025573,	0.003332,	282.970,	0.500
76.684,	153.169,	0.023852,	0.002492,	282.968,	0.540
76.774,	153.349,	0.022242,	0.001824,	282.963,	0.495
76.864,	153.526,	0.021355,	0.001865,	282.961,	0.495
76.954,	153.706,	0.019773,	0.003059,	282.961,	0.495
77.040,	153.882,	0.018232,	0.002393,	282.958,	0.490
77.137,	154.076,	0.015844,	0.003113,	282.956,	0.545
77.238,	154.271,	0.014715,	0.003332,	282.951,	0.545
77.335,	154.465,	0.012739,	0.002593,	282.950,	0.540
77.422,	154.645,	0.011347,	0.002777,	282.946,	0.495
77.512,	154.822,	0.011471,	0.002729,	282.945,	0.495
77.602,	155.002,	0.010284,	0.002553,	282.943,	0.500
77.692,	155.182,	0.010348,	0.002699,	282.940,	0.495
77.821,	155.441,	0.014258,	-0.002290,	282.937,	0.725
77.908,	155.617,	0.014115,	0.002792,	282.935,	0.485
77.998,	155.794,	0.015635,	0.002755,	282.931,	0.495
78.088,	155.974,	0.019433,	0.003408,	282.929,	0.490
78.174,	156.150,	0.023086,	0.000724,	282.928,	0.495
78.271,	156.344,	0.028500,	0.002630,	282.925,	0.540
78.361,	156.521,	0.034705,	0.003584,	282.921,	0.490
78.451,	156.701,	0.041707,	0.002893,	282.919,	0.500
78.538,	156.877,	0.049338,	0.002352,	282.916,	0.490
78.628,	157.054,	0.057868,	0.002481,	282.915,	0.495
78.725,	157.248,	0.067657,	0.002208,	282.911,	0.540
78.822,	157.442,	0.078758,	0.001667,	282.910,	0.540
78.912,	157.622,	0.089940,	0.003242,	282.908,	0.490
79.002,	157.799,	0.101326,	0.002624,	282.906,	0.500
79.088,	157.975,	0.113103,	0.002507,	282.902,	0.490
79.178,	158.155,	0.126544,	0.002863,	282.898,	0.495
79.276,	158.353,	0.138968,	0.002507,	282.898,	0.555
79.366,	158.533,	0.151892,	0.003449,	282.894,	0.490
79.456,	158.713,	0.165653,	0.001469,	282.892,	0.500
79.549,	158.897,	0.177890,	0.002141,	282.890,	0.515
79.639,	159.077,	0.191409,	0.002068,	282.888,	0.500
79.729,	159.257,	0.203372,	0.001301,	282.886,	0.495
79.826,	159.451,	0.217134,	0.003240,	282.882,	0.545
79.916,	159.631,	0.229668,	0.001542,	282.880,	0.495
80.006,	159.811,	0.240723,	0.002363,	282.878,	0.500
80.093,	159.988,	0.252502,	0.002397,	282.875,	0.490
80.186,	160.171,	0.262337,	0.001531,	282.873,	0.515
80.276,	160.351,	0.273122,	0.002641,	282.870,	0.495
80.374,	160.546,	0.282947,	0.002585,	282.868,	0.545
80.464,	160.726,	0.292169,	0.003335,	282.865,	0.500
80.554,	160.902,	0.299771,	0.003082,	282.862,	0.490
80.640,	161.082,	0.307386,	0.002057,	282.861,	0.500
80.730,	161.258,	0.314442,	0.002643,	282.858,	0.495
80.827,	161.456,	0.320170,	0.002070,	282.854,	0.545
80.917,	161.633,	0.325843,	0.002154,	282.852,	0.490
81.007,	161.813,	0.330208,	0.003593,	282.850,	0.500
81.094,	161.989,	0.333273,	0.003188,	282.847,	0.490
81.184,	162.169,	0.334938,	0.001915,	282.845,	0.500
81.274,	162.346,	0.337877,	0.002033,	282.842,	0.490
81.371,	162.544,	0.338524,	0.001988,	282.841,	0.550
81.461,	162.720,	0.339894,	0.002410,	282.835,	0.490
81.551,	162.900,	0.339851,	0.002833,	282.835,	0.500
81.637,	163.076,	0.338526,	0.001738,	282.833,	0.490
81.727,	163.256,	0.337563,	0.002400,	282.831,	0.500
81.824,	163.451,	0.334332,	0.002064,	282.826,	0.540
81.914,	163.631,	0.332320,	0.001519,	282.825,	0.495
82.004,	163.807,	0.329484,	0.002839,	282.824,	0.500
82.094,	163.987,	0.326324,	0.002490,	282.821,	0.490
82.181,	164.164,	0.322442,	0.003274,	282.817,	0.500
82.282,	164.358,	0.316552,	0.002277,	282.814,	0.540
82.368,	164.534,	0.312013,	0.001680,	282.813,	0.490
82.458,	164.714,	0.305961,	0.001924,	282.810,	0.500
82.548,	164.894,	0.301339,	0.002076,	282.808,	0.495
82.638,	165.074,	0.295158,	0.002070,	282.804,	0.495
82.735,	165.265,	0.287942,	0.001480,	282.803,	0.540
82.832,	165.463,	0.281248,	0.001152,	282.798,	0.550
82.930,	165.658,	0.273333,	0.001773,	282.798,	0.540
83.027,	165.856,	0.266077,	0.002497,	282.795,	0.545
83.117,	166.032,	0.214883,	0.001773,	282.792,	0.490
83.207,	166.208,	0.047347,	0.002553,	282.789,	0.495
83.293,	166.388,	0.040101,	0.002550,	282.787,	0.495
83.383,	166.565,	0.038214,	0.002322,	282.785,	0.495
83.473,	166.745,	0.036947,	0.001926,	282.783,	0.495
83.570,	166.936,	0.035128,	0.000562,	282.778,	0.536
83.660,	167.116,	0.012396,	0.002542,	282.777,	0.495
83.747,	167.296,	-0.006284,	0.002260,	282.776,	0.500
83.837,	167.472,	-0.006230,	0.002079,	282.772,	0.490
83.927,	167.648,	-0.006126,	0.001762,	282.771,	0.495
84.024,	167.846,	-0.006115,	0.001587,	282.768,	0.545
84.114,	168.023,	0.008258,	0.002070,	282.767,	0.490
84.200,	168.203,	-0.005722,	0.003020,	282.762,	0.505
84.290,	168.379,	-0.006048,	0.003147,	282.760,	0.485
84.380,	168.559,	-0.005440,	0.003332,	282.759,	0.505
84.467,	168.736,	-0.004024,	0.002199,	282.756,	0.485
84.568,	168.934,	0.030476,	0.002301,	282.753,	0.550
84.654,	169.110,	0.031603,	0.001499,	282.751,	0.490
84.744,	169.286,	0.030913,	0.002354,	282.749,	0.495
84.834,	169.466,	0.115743,	0.002260,	282.747,	0.495
84.920,	169.643,	0.123328,	0.001900,	282.742,	0.495
85.021,	169.837,	0.116024,	0.001290,	282.740,	0.540
85.108,	170.014,	0.112194,	0.001620,	282.738,	0.490
85.198,	170.194,	0.106588,	0.001519,	282.736,	0.495
85.288,	170.370,	0.064617,	0.002695,	282.733,	0.495
85.378,	170.550,	-0.006783,	0.001603,	282.731,	0.495
85.475,	170.744,	-0.007379,	0.001501,	282.729,	0.545
85.561,	170.924,	-0.007354,	0.002277,	282.725,	0.495
85.651,	171.101,	-0.006513,	0.002076,	282.723,	0.490
85.741,	171.281,	-0.006240,	0.001893,	282.720,	0.500
85.828,	171.457,	-0.005970,	0.002318,	282.719,	0.495
85.928,	171.652,	-0.006857,	0.002757,	282.716,	0.540
86.015,	171.832,	-0.006287,	0.001969,	282.714,	0.495
86.105,	172.008,	-0.006244,	0.001712,	282.712,	0.490
86.195,	172.188,	-0.005615,	0.002871,	282.709,	0.500
86.285,	172.364,	-0.005584,	0.001133,	282.708,	0.495
86.382,	172.559,	-0.006595,	0.001809,	282.704,	0.540
86.468,	172.735,	-0.007095,	0.002415,	282.702,	0.490
86.558,	172.915,	-0.006246,	0.002835,	282.699,	0.500
86.648,	173.095,	-0.005695,	0.001857,	282.696,	0.495
86.738,	173.272,	-0.006966,	0.001053,	282.693,	0.495
86.836,	173.466,	-0.007183,	0.002970,	282.693,	0.540
86.922,	173.646,	-0.005873,	0.002576,	282.690,	0.495
87.012,	173.822,	-0.005320,	0.001852,	282.686,	0.490
87.102,	174.002,	-0.006719,	0.001766,	282.684,	0.500
87.188,	174.179,	-0.005725,	0.002165,	282.682,	0.490
87.289,	174.377,	-0.006691,	0.002811,	282.680,	0.550
87.376,	174.553,	-0.006420,	0.001751,	282.675,	0.490
87.466,	174.730,	-0.007000,	0.002497,	282.674,	0.495
87.556,	174.910,	-0.006181,	0.003365,	282.672,	0.495
87.642,	175.086,	-0.006713,	0.002316,	282.670,	0.495
87.732,	175.266,	-0.004935,	0.001986,	282.666,	0.495
87.829,	175.457,	-0.005303,	0.002195,	282.665,	0.535
87.919,	175.637,	-0.004766,	0.002079,	282.663,	0.500
88.009,	175.813,	-0.005469,	0.002014,	282.659,	0.490
88.099,	175.993,	-0.006090,	0.001648,	282.657,	0.500
88.186,	176.170,	-0.006428,	0.002294,	282.655,	0.490
88.283,	176.368,	-0.005586,	0.001452,	282.652,	0.545
88.373,	176.544,	-0.005992,	0.002613,	282.649,	0.495
88.463,	176.724,	-0.004057,	0.001379,	282.647,	0.495
88.549,	176.900,	-0.005120,	0.001878,	282.644,	0.495
88.639,	177.080,	-0.003977,	0.002563,	282.642,	0.495
88.736,	177.271,	-0.005055,	0.002064,	282.639,	0.530
88.826,	177.448,	-0.004093,	0.002800,	282.636,	0.495
88.913,	177.628,	-0.004444,	0.002434,	282.635,	0.500
89.003,	177.804,	-0.004912,	0.003836,	282.634,	0.495
89.093,	177.984,	-0.005424,	0.001967,	282.630,	0.495
89.183,	178.160,	-0.004448,	0.003113,	282.627,	0.490
89.276,	178.355,	-0.006485,	0.002811,	282.625,	0.535
89.366,	178.535,	-0.005496,	0.002671,	282.624,	0.505
89.456,	178.711,	-0.004661,	0.002068,	282.619,	0.490
89.546,	178.891,	-0.006277,	0.003276,	282.617,	0.495
89.633,	179.068,	-0.006985,	0.002079,	282.615,	0.490
89.730,	179.258,	-0.006139,	0.002998,	282.614,	0.535
89.820,	179.438,	-0.005536,	0.002404,	282.609,	0.500
89.910,	179.615,	-0.008241,	0.002154,	282.607,	0.495
