Num, Lmd, sig,    mon,    Ring,  sec
#lmd,   E,  HOYAX,  Y,  Smpl,  Det, AGC X, Y, Smpl, Det
#6.65014,	186.4385,	57.000,	22.000,	4.300,	30.000,	0.000,	-76.000,	-0.068,	-0.346

1,	6.65014,	7.184188,	-0.003415,	256.631,	126.915
2,	6.65014,	7.184690,	0.000816,	256.627,	0.550
3,	6.65014,	7.185325,	-0.000093,	256.626,	0.500
4,	6.65014,	7.184485,	0.000237,	256.625,	0.500
5,	6.65014,	7.183754,	-0.000170,	256.621,	0.500
6,	6.65014,	7.182981,	-0.000067,	256.620,	0.500
7,	6.65014,	7.186834,	-0.000349,	256.618,	0.500
8,	6.65014,	7.184336,	0.000616,	256.617,	0.555
9,	6.65014,	7.186617,	0.000625,	256.613,	0.500
10,	6.65014,	7.187152,	-0.000670,	256.612,	0.495
11,	6.65014,	7.185459,	-0.000827,	256.611,	0.500
12,	6.65014,	7.186135,	-0.000379,	256.608,	0.505
13,	6.65014,	7.186949,	-0.000528,	256.606,	0.500
14,	6.65014,	7.185311,	0.000045,	256.604,	0.545
15,	6.65014,	7.185153,	0.000069,	256.603,	0.500
16,	6.65014,	7.186513,	-0.000580,	256.599,	0.500
17,	6.65014,	7.186907,	0.000411,	256.598,	0.500
18,	6.65014,	7.186190,	-0.000035,	256.596,	0.500
19,	6.65014,	7.185955,	0.001189,	256.594,	0.500
20,	6.65014,	7.185986,	-0.000644,	256.592,	0.550
21,	6.65014,	7.187393,	-0.000465,	256.590,	0.555
22,	6.65014,	7.188917,	0.000026,	256.588,	0.545
23,	6.65014,	7.187483,	-0.000132,	256.585,	0.550
24,	6.65014,	7.185613,	0.000394,	256.583,	0.500
25,	6.65014,	7.187477,	-0.000786,	256.582,	0.500
26,	6.65014,	7.189355,	0.001023,	256.579,	0.500
27,	6.65014,	7.186505,	-0.000216,	256.577,	0.500
28,	6.65014,	7.188018,	-0.000119,	256.574,	0.550
29,	6.65014,	7.187733,	-0.000892,	256.573,	0.500
30,	6.65014,	7.188967,	0.000041,	256.570,	0.500
31,	6.65014,	7.187467,	0.000136,	256.569,	0.500
32,	6.65014,	7.187465,	0.000101,	256.568,	0.500
33,	6.65014,	7.187907,	0.000004,	256.566,	0.505
34,	6.65014,	7.187622,	0.000179,	256.562,	0.550
35,	6.65014,	7.188073,	-0.000995,	256.561,	0.495
36,	6.65014,	7.188031,	0.000056,	256.560,	0.500
37,	6.65014,	7.187625,	0.000319,	256.555,	0.500
38,	6.65014,	7.187893,	0.000166,	256.555,	0.500
39,	6.65014,	7.188898,	0.000170,	256.553,	0.500
40,	6.65014,	7.187641,	0.000105,	256.551,	0.550
41,	6.65014,	7.188341,	-0.001489,	256.548,	0.550
42,	6.65014,	7.187421,	-0.000888,	256.546,	0.550
43,	6.65014,	7.188339,	-0.000474,	256.544,	0.500
44,	6.65014,	7.188676,	-0.000571,	256.542,	0.500
45,	6.65014,	7.188304,	-0.000052,	256.541,	0.500
46,	6.65014,	7.188832,	0.001058,	256.538,	0.500
47,	6.65014,	7.189262,	-0.000220,	256.536,	0.550
48,	6.65014,	7.188508,	0.000118,	256.533,	0.500
49,	6.65014,	7.188257,	0.001391,	256.533,	0.505
50,	6.65014,	7.188656,	0.000504,	256.531,	0.500
51,	6.65014,	7.187920,	0.000299,	256.526,	0.500
52,	6.65014,	7.189505,	0.000043,	256.524,	0.500
53,	6.65014,	7.188950,	0.000765,	256.523,	0.555
54,	6.65014,	7.188406,	0.000338,	256.522,	0.495
55,	6.65014,	7.188866,	0.000416,	256.519,	0.500
56,	6.65014,	7.189462,	0.000133,	256.517,	0.500
57,	6.65014,	7.188473,	0.000530,	256.516,	0.505
58,	6.65014,	7.187755,	0.000775,	256.514,	0.545
59,	6.65014,	7.189480,	0.000644,	256.511,	0.550
60,	6.65014,	7.188173,	-0.000636,	256.510,	0.500
61,	6.65014,	7.189747,	-0.000976,	256.507,	0.500
62,	6.65014,	7.189663,	0.001170,	256.505,	0.500
63,	6.65014,	7.189064,	0.001010,	256.503,	0.500
64,	6.65014,	7.191804,	-0.000407,	256.502,	0.550
65,	6.65014,	7.189640,	0.000513,	256.498,	0.505
66,	6.65014,	7.189393,	-0.000248,	256.495,	0.500
67,	6.65014,	7.190482,	-0.000427,	256.495,	0.495
68,	6.65014,	7.186431,	0.000409,	256.494,	0.505
69,	6.65014,	7.190306,	-0.000672,	256.491,	0.495
70,	6.65014,	7.189749,	0.000424,	256.488,	0.550
71,	6.65014,	7.188286,	-0.000515,	256.487,	0.505
72,	6.65014,	7.189510,	-0.000677,	256.485,	0.495
73,	6.65014,	7.188548,	0.000293,	256.480,	0.500
74,	6.65014,	7.188359,	0.000306,	256.479,	0.500
75,	6.65014,	7.187821,	0.000366,	256.478,	0.500
76,	6.65014,	7.188652,	0.000332,	256.476,	0.550
77,	6.65014,	7.189673,	0.000495,	256.473,	0.555
78,	6.65014,	7.189475,	0.000239,	256.471,	0.550
79,	6.65014,	7.186513,	-0.000278,	256.468,	0.505
80,	6.65014,	7.187971,	-0.001342,	256.466,	0.495
81,	6.65014,	7.186995,	-0.000646,	256.464,	0.500
82,	6.65014,	7.187201,	0.000000,	256.463,	0.500
83,	6.65014,	7.186443,	-0.000231,	256.461,	0.550
84,	6.65014,	7.187055,	-0.000224,	256.458,	0.505
85,	6.65014,	7.186393,	0.000026,	256.457,	0.505
86,	6.65014,	7.187447,	-0.000883,	256.456,	0.500
87,	6.65014,	7.186016,	-0.001170,	256.452,	0.500
88,	6.65014,	7.185398,	-0.000207,	256.450,	0.500
89,	6.65014,	7.187690,	-0.000233,	256.449,	0.545
90,	6.65014,	7.186579,	-0.000349,	256.446,	0.550
91,	6.65014,	7.184869,	-0.000325,	256.445,	0.550
92,	6.65014,	7.185069,	-0.000509,	256.442,	0.500
93,	6.65014,	7.185851,	-0.000883,	256.440,	0.505
94,	6.65014,	7.183746,	0.000978,	256.438,	0.495
95,	6.65014,	7.185120,	0.000015,	256.436,	0.500
96,	6.65014,	7.183003,	0.001101,	256.435,	0.550
97,	6.65014,	7.183473,	0.000196,	256.432,	0.505
98,	6.65014,	7.182992,	-0.000108,	256.430,	0.495
99,	6.65014,	7.184240,	-0.000603,	256.428,	0.500
100,	6.65014,	7.184326,	0.000062,	256.427,	0.500
