Smpl, Det, sig,    mon,    Ring,  sec
#lmd,   E,  HOYAX,  Y,  Smpl,  Det, AGC X, Y, Smpl, Det, ppsSmpl, ppsDet
#6.55015,	189.2846,	57.000,	22.000,	4.300,	30.000,	-52.700,	13.300,	-0.068,	-0.346,100,100

-0.126,	-0.457,	3.115675,	-0.001553,	248.790,	14.695
-0.029,	-0.263,	2.691387,	0.001618,	248.788,	0.540
0.061,	-0.086,	2.495295,	0.002774,	248.786,	0.490
0.148,	0.090,	2.276458,	0.002029,	248.785,	0.490
0.238,	0.270,	2.093413,	0.002029,	248.783,	0.495
0.324,	0.446,	2.255555,	0.002229,	248.782,	0.490
0.425,	0.644,	2.342975,	0.002111,	248.780,	0.550
0.511,	0.817,	2.577415,	0.002617,	248.776,	0.485
0.601,	0.997,	2.541244,	0.002660,	248.774,	0.500
0.691,	1.174,	2.680812,	0.002725,	248.772,	0.490
0.778,	1.354,	2.998719,	0.002630,	248.772,	0.500
0.875,	1.548,	3.238434,	0.001924,	248.769,	0.540
0.965,	1.724,	3.308710,	0.002865,	248.766,	0.485
1.055,	1.904,	3.328968,	0.002611,	248.764,	0.500
1.141,	2.081,	3.333918,	0.002236,	248.763,	0.490
1.231,	2.261,	3.336793,	0.001557,	248.760,	0.500
1.328,	2.455,	3.348201,	0.001391,	248.758,	0.540
1.418,	2.632,	3.352898,	0.003014,	248.757,	0.490
1.505,	2.808,	3.359530,	0.001295,	248.757,	0.495
1.595,	2.984,	3.370002,	0.002430,	248.753,	0.490
1.685,	3.164,	3.351684,	0.002354,	248.751,	0.495
1.782,	3.359,	3.316903,	0.000360,	248.750,	0.540
1.868,	3.535,	3.328252,	0.003029,	248.748,	0.490
1.958,	3.715,	3.367120,	0.001363,	248.746,	0.500
2.048,	3.892,	3.447994,	0.002703,	248.744,	0.490
2.138,	4.072,	3.551235,	0.002354,	248.742,	0.500
2.236,	4.266,	3.673202,	0.003214,	248.741,	0.540
2.322,	4.439,	3.799744,	0.003429,	248.738,	0.485
2.412,	4.622,	3.918191,	0.002092,	248.736,	0.505
2.502,	4.795,	4.028205,	0.002257,	248.735,	0.485
2.588,	4.975,	4.148402,	0.002348,	248.732,	0.495
2.678,	5.152,	4.262201,	0.002774,	248.730,	0.490
2.776,	5.346,	4.389069,	0.001715,	248.729,	0.540
2.862,	5.522,	4.499370,	0.002294,	248.728,	0.495
2.952,	5.702,	4.605588,	0.002305,	248.724,	0.495
3.042,	5.879,	4.718785,	0.002318,	248.723,	0.490
3.132,	6.059,	4.844214,	0.000788,	248.721,	0.500
3.229,	6.250,	4.995206,	0.001641,	248.720,	0.535
3.316,	6.430,	5.120746,	0.002675,	248.717,	0.495
3.406,	6.606,	5.226211,	0.001661,	248.715,	0.495
3.496,	6.782,	5.319776,	0.003100,	248.714,	0.490
3.582,	6.962,	5.402172,	0.002040,	248.712,	0.495
3.679,	7.157,	5.493924,	0.001338,	248.709,	0.540
3.769,	7.337,	5.566857,	0.002805,	248.707,	0.500
3.859,	7.510,	5.627611,	0.003001,	248.705,	0.490
3.946,	7.690,	5.678944,	0.002576,	248.703,	0.490
4.036,	7.866,	5.714851,	0.002048,	248.702,	0.500
4.133,	8.060,	5.729203,	0.000646,	248.698,	0.535
4.223,	8.237,	5.729851,	0.002830,	248.698,	0.495
4.313,	8.417,	5.720070,	0.002899,	248.696,	0.495
4.399,	8.597,	5.703663,	0.002587,	248.693,	0.495
4.489,	8.773,	5.682141,	0.003033,	248.693,	0.490
4.586,	8.968,	5.651658,	0.002537,	248.691,	0.540
4.676,	9.144,	5.620460,	0.002438,	248.689,	0.495
4.763,	9.320,	5.587798,	0.002195,	248.685,	0.495
4.853,	9.497,	5.554130,	0.001691,	248.684,	0.490
4.943,	9.677,	5.517438,	0.002637,	248.683,	0.495
5.036,	9.871,	5.476184,	0.003195,	248.681,	0.535
5.126,	10.048,	5.437051,	0.002380,	248.678,	0.490
5.216,	10.228,	5.395287,	0.002012,	248.677,	0.500
5.303,	10.404,	5.354789,	0.002598,	248.675,	0.490
5.393,	10.580,	5.312681,	0.002165,	248.675,	0.500
5.490,	10.775,	5.263599,	0.002005,	248.672,	0.540
5.580,	10.951,	5.219038,	0.001874,	248.669,	0.485
5.670,	11.131,	5.172673,	0.002518,	248.667,	0.500
5.756,	11.308,	5.124163,	0.002958,	248.666,	0.490
5.846,	11.488,	5.075800,	0.003035,	248.662,	0.495
5.944,	11.678,	5.018165,	0.001262,	248.661,	0.540
6.030,	11.858,	4.968743,	0.002729,	248.659,	0.490
6.120,	12.038,	4.916039,	0.002210,	248.657,	0.500
6.210,	12.215,	4.862752,	0.002667,	248.656,	0.490
6.300,	12.391,	4.807028,	0.002923,	248.654,	0.495
6.397,	12.586,	4.738987,	0.002415,	248.653,	0.540
6.484,	12.762,	4.680214,	0.001361,	248.649,	0.490
6.574,	12.942,	4.613514,	0.002899,	248.649,	0.500
6.664,	13.118,	4.546990,	0.002372,	248.648,	0.490
6.750,	13.298,	4.479505,	0.002096,	248.646,	0.495
6.847,	13.493,	4.400298,	0.003979,	248.642,	0.540
6.937,	13.669,	4.325309,	0.002361,	248.641,	0.490
7.027,	13.849,	4.247968,	0.002499,	248.640,	0.500
7.114,	14.026,	4.167517,	0.002585,	248.638,	0.490
7.204,	14.206,	4.083540,	0.002686,	248.637,	0.500
7.301,	14.396,	3.989232,	0.001717,	248.633,	0.535
7.391,	14.573,	3.895459,	0.002188,	248.633,	0.490
7.477,	14.753,	3.798430,	0.002199,	248.631,	0.495
7.567,	14.929,	3.695893,	0.002436,	248.628,	0.495
7.657,	15.109,	3.590803,	0.002363,	248.626,	0.495
7.754,	15.304,	3.466341,	0.001969,	248.624,	0.540
7.841,	15.480,	3.351431,	0.002520,	248.623,	0.495
7.931,	15.660,	3.229991,	0.002348,	248.620,	0.495
8.021,	15.833,	3.100652,	0.002367,	248.619,	0.490
8.111,	16.016,	2.966364,	0.002109,	248.617,	0.500
8.208,	16.207,	2.810685,	0.001355,	248.616,	0.535
8.294,	16.384,	2.661805,	0.002930,	248.612,	0.490
8.384,	16.564,	2.511102,	0.001142,	248.610,	0.495
8.474,	16.740,	2.353470,	0.002195,	248.609,	0.495
8.561,	16.920,	2.193557,	0.002466,	248.608,	0.495
8.658,	17.114,	2.011604,	0.001566,	248.605,	0.540
8.748,	17.291,	1.850770,	0.001409,	248.603,	0.490
8.838,	17.467,	1.690998,	0.002290,	248.602,	0.500
8.924,	17.644,	1.536729,	0.002402,	248.601,	0.490
9.014,	17.824,	1.391702,	0.003828,	248.597,	0.500
9.104,	18.000,	1.257123,	0.002790,	248.596,	0.485
9.198,	18.194,	1.123089,	0.003671,	248.594,	0.540
9.288,	18.374,	1.015175,	0.003533,	248.591,	0.500
9.378,	18.551,	0.921737,	0.001417,	248.590,	0.485
9.468,	18.731,	0.845804,	0.002275,	248.589,	0.500
9.554,	18.907,	0.785240,	0.001723,	248.587,	0.490
9.652,	19.098,	0.734750,	0.001885,	248.585,	0.535
9.742,	19.278,	0.701093,	0.001784,	248.583,	0.500
9.832,	19.454,	0.679213,	0.002245,	248.581,	0.490
9.918,	19.631,	0.664728,	0.002148,	248.580,	0.495
10.008,	19.811,	0.652628,	0.003029,	248.578,	0.495
10.105,	20.005,	0.643205,	0.001391,	248.575,	0.540
10.195,	20.185,	0.636685,	0.002051,	248.574,	0.495
10.282,	20.362,	0.627272,	0.002684,	248.571,	0.490
10.372,	20.538,	0.618285,	0.003272,	248.567,	0.495
10.462,	20.714,	0.604435,	0.002057,	248.567,	0.495
10.559,	20.909,	0.586647,	0.000905,	248.565,	0.535
10.645,	21.089,	0.566587,	0.001109,	248.563,	0.500
10.735,	21.265,	0.544145,	0.002466,	248.560,	0.490
10.825,	21.442,	0.516991,	0.001954,	248.559,	0.490
10.912,	21.622,	0.489031,	0.001958,	248.557,	0.500
11.009,	21.816,	0.455820,	0.001193,	248.556,	0.535
11.099,	21.992,	0.423505,	0.004035,	248.554,	0.495
11.189,	22.169,	0.390367,	0.001639,	248.552,	0.490
11.275,	22.345,	0.357474,	0.002535,	248.550,	0.490
11.365,	22.525,	0.325429,	0.001566,	248.548,	0.500
11.462,	22.720,	0.289976,	0.001361,	248.546,	0.540
11.549,	22.896,	0.259138,	0.003001,	248.545,	0.485
11.639,	23.072,	0.229613,	0.002949,	248.544,	0.500
11.729,	23.252,	0.203550,	0.002219,	248.542,	0.490
11.815,	23.425,	0.178097,	0.002947,	248.538,	0.490
11.912,	23.623,	0.153353,	0.002122,	248.537,	0.545
12.002,	23.800,	0.135860,	0.003350,	248.536,	0.485
12.092,	23.976,	0.120459,	0.002555,	248.534,	0.495
12.179,	24.152,	0.106996,	0.001693,	248.530,	0.495
12.269,	24.332,	0.098147,	0.002070,	248.529,	0.490
12.366,	24.523,	0.089129,	0.001538,	248.528,	0.540
12.452,	24.703,	0.084580,	0.002066,	248.527,	0.490
12.542,	24.880,	0.081682,	0.002899,	248.523,	0.495
12.632,	25.060,	0.082324,	0.001805,	248.522,	0.500
12.719,	25.236,	0.082665,	0.002764,	248.521,	0.485
12.820,	25.430,	0.084466,	0.001947,	248.519,	0.545
12.906,	25.610,	0.089093,	0.002145,	248.517,	0.495
12.996,	25.787,	0.094046,	0.001348,	248.516,	0.490
13.086,	25.963,	0.099209,	0.003136,	248.513,	0.500
13.172,	26.140,	0.103860,	0.002591,	248.512,	0.490
13.270,	26.334,	0.109226,	0.002725,	248.509,	0.535
13.360,	26.510,	0.115010,	0.002738,	248.507,	0.490
13.446,	26.690,	0.119561,	0.002518,	248.506,	0.495
13.536,	26.867,	0.124251,	0.001437,	248.502,	0.490
13.622,	27.043,	0.126711,	0.003528,	248.501,	0.495
13.723,	27.241,	0.129902,	0.001277,	248.499,	0.545
13.810,	27.414,	0.131780,	0.002568,	248.498,	0.485
13.900,	27.594,	0.131776,	0.002686,	248.495,	0.495
13.986,	27.770,	0.132354,	0.000993,	248.494,	0.490
14.076,	27.947,	0.130407,	0.003673,	248.492,	0.495
14.166,	28.127,	0.128876,	0.001572,	248.491,	0.495
14.260,	28.318,	0.124983,	0.001799,	248.489,	0.530
14.350,	28.494,	0.122565,	0.000859,	248.485,	0.495
14.440,	28.670,	0.117579,	0.003421,	248.485,	0.490
14.526,	28.850,	0.112861,	0.002779,	248.483,	0.495
14.616,	29.027,	0.105669,	0.002718,	248.483,	0.495
14.713,	29.221,	0.099018,	0.002055,	248.478,	0.535
14.803,	29.398,	0.092422,	0.003132,	248.477,	0.500
14.890,	29.574,	0.087634,	0.002914,	248.476,	0.490
14.980,	29.754,	0.079680,	0.002800,	248.472,	0.495
15.070,	29.930,	0.072266,	0.003080,	248.470,	0.495
15.167,	30.125,	0.064812,	0.001049,	248.470,	0.535
15.253,	30.301,	0.058035,	0.001674,	248.468,	0.490
15.343,	30.481,	0.051646,	0.003235,	248.463,	0.500
15.430,	30.658,	0.046022,	0.002561,	248.463,	0.485
15.520,	30.834,	0.038680,	0.002706,	248.462,	0.490
15.617,	31.025,	0.033829,	0.001359,	248.461,	0.540
15.703,	31.205,	0.027871,	0.002395,	248.458,	0.495
15.793,	31.381,	0.024477,	0.002682,	248.457,	0.490
15.883,	31.561,	0.021262,	0.003054,	248.455,	0.495
15.970,	31.734,	0.016554,	0.001152,	248.453,	0.490
16.067,	31.928,	0.013401,	0.002016,	248.450,	0.535
16.157,	32.108,	0.011617,	0.002565,	248.449,	0.500
16.243,	32.285,	0.009728,	0.003253,	248.447,	0.490
16.333,	32.461,	0.008775,	0.002906,	248.445,	0.490
16.423,	32.641,	0.008313,	0.002466,	248.444,	0.495
16.520,	32.836,	0.006764,	0.001137,	248.441,	0.540
16.607,	33.012,	0.008054,	0.002503,	248.439,	0.490
16.697,	33.188,	0.008383,	0.002318,	248.438,	0.495
16.787,	33.365,	0.008977,	0.003121,	248.434,	0.490
16.873,	33.541,	0.010079,	0.002669,	248.434,	0.490
16.970,	33.736,	0.010918,	0.002871,	248.431,	0.535
17.057,	33.912,	0.014004,	0.002167,	248.430,	0.500
17.147,	34.088,	0.015654,	0.001557,	248.427,	0.490
17.237,	34.265,	0.017852,	0.001613,	248.426,	0.490
17.323,	34.445,	0.019018,	0.002298,	248.424,	0.495
17.420,	34.639,	0.021936,	0.003014,	248.424,	0.540
17.510,	34.816,	0.023614,	0.002762,	248.420,	0.485
17.600,	34.992,	0.024266,	0.002667,	248.419,	0.500
17.687,	35.168,	0.026259,	0.002815,	248.417,	0.490
17.777,	35.345,	0.027087,	0.002206,	248.415,	0.485
17.870,	35.539,	0.027293,	0.002876,	248.412,	0.535
17.960,	35.716,	0.029294,	0.002540,	248.411,	0.500
18.050,	35.896,	0.030819,	0.002197,	248.410,	0.490
18.137,	36.068,	0.030678,	0.001790,	248.408,	0.490
18.227,	36.248,	0.029826,	0.002313,	248.405,	0.490
18.324,	36.443,	0.030849,	0.000646,	248.403,	0.545
18.414,	36.619,	0.031179,	0.002102,	248.402,	0.490
18.500,	36.799,	0.031587,	0.001387,	248.400,	0.500
18.590,	36.976,	0.031146,	0.002413,	248.397,	0.490
18.677,	37.152,	0.029409,	0.002779,	248.396,	0.485
18.774,	37.343,	0.028856,	0.002367,	248.394,	0.540
18.864,	37.523,	0.027066,	0.002790,	248.392,	0.495
18.950,	37.699,	0.025698,	0.002199,	248.389,	0.490
19.040,	37.876,	0.023262,	0.002042,	248.388,	0.490
19.130,	38.052,	0.022329,	0.002555,	248.386,	0.495
19.228,	38.246,	0.020620,	0.002417,	248.385,	0.540
19.314,	38.423,	0.018863,	0.001111,	248.382,	0.485
19.404,	38.599,	0.017508,	0.001706,	248.382,	0.495
19.490,	38.779,	0.015482,	0.002548,	248.380,	0.490
19.580,	38.956,	0.014757,	0.003121,	248.377,	0.495
19.678,	39.146,	0.011243,	0.001346,	248.374,	0.535
19.764,	39.326,	0.010223,	0.001665,	248.374,	0.490
19.854,	39.503,	0.008450,	0.001790,	248.372,	0.495
19.940,	39.679,	0.006361,	0.002253,	248.370,	0.490
20.030,	39.859,	0.005621,	0.002061,	248.367,	0.495
20.128,	40.050,	0.002838,	0.001572,	248.365,	0.535
20.218,	40.226,	0.002082,	0.002516,	248.363,	0.495
20.304,	40.403,	0.000762,	0.002059,	248.362,	0.485
20.394,	40.583,	-0.000281,	0.002606,	248.359,	0.500
20.480,	40.759,	0.000405,	0.002158,	248.358,	0.490
20.578,	40.950,	-0.002184,	0.002115,	248.356,	0.535
20.668,	41.126,	-0.002292,	0.002998,	248.354,	0.490
20.754,	41.306,	-0.003044,	0.002094,	248.353,	0.495
20.844,	41.483,	-0.003706,	0.002581,	248.351,	0.490
20.930,	41.659,	-0.002964,	0.002673,	248.350,	0.490
21.028,	41.854,	-0.004679,	0.001351,	248.348,	0.540
21.118,	42.030,	-0.004171,	0.001878,	248.345,	0.495
21.208,	42.206,	-0.004891,	0.001217,	248.344,	0.490
21.294,	42.383,	-0.004777,	0.002986,	248.341,	0.490
21.384,	42.563,	-0.004355,	0.002721,	248.340,	0.495
21.481,	42.757,	-0.003361,	0.001781,	248.337,	0.540
21.568,	42.934,	-0.002541,	0.003763,	248.336,	0.490
21.658,	43.110,	-0.002941,	0.001805,	248.334,	0.490
21.744,	43.286,	-0.001794,	0.001984,	248.331,	0.490
21.834,	43.463,	-0.001012,	0.001964,	248.329,	0.495
21.931,	43.661,	-0.000136,	0.001596,	248.328,	0.545
22.021,	43.837,	-0.000823,	0.001734,	248.326,	0.490
22.108,	44.014,	0.001807,	0.002393,	248.323,	0.490
22.198,	44.190,	0.000666,	0.001753,	248.322,	0.490
22.288,	44.366,	0.000727,	0.002897,	248.321,	0.495
22.385,	44.561,	0.001528,	0.001400,	248.320,	0.540
22.471,	44.741,	0.001684,	0.002303,	248.316,	0.495
22.561,	44.917,	0.003823,	0.002598,	248.314,	0.490
22.648,	45.094,	0.003475,	0.002800,	248.313,	0.490
22.738,	45.270,	0.003579,	0.001984,	248.312,	0.495
22.835,	45.464,	0.003384,	0.001725,	248.308,	0.540
22.925,	45.641,	0.004919,	0.001840,	248.307,	0.490
23.011,	45.821,	0.005309,	0.002886,	248.306,	0.495
23.101,	45.997,	0.005007,	0.001055,	248.304,	0.495
23.191,	46.174,	0.004551,	0.003020,	248.302,	0.490
23.288,	46.368,	0.004960,	0.000674,	248.300,	0.540
23.375,	46.544,	0.004910,	0.002802,	248.298,	0.490
23.465,	46.724,	0.004839,	0.002884,	248.296,	0.495
23.555,	46.901,	0.004608,	0.003188,	248.293,	0.495
23.641,	47.077,	0.003997,	0.001745,	248.292,	0.490
23.738,	47.272,	0.002837,	0.001305,	248.291,	0.540
23.828,	47.448,	0.002716,	0.002154,	248.289,	0.490
23.915,	47.628,	0.002078,	0.003326,	248.286,	0.495
24.005,	47.804,	0.001893,	0.002505,	248.284,	0.490
24.095,	47.981,	0.001541,	0.001609,	248.283,	0.495
24.188,	48.175,	0.000971,	0.001480,	248.282,	0.535
24.278,	48.352,	-0.000300,	0.002647,	248.278,	0.490
24.365,	48.528,	0.001817,	0.002350,	248.277,	0.490
24.455,	48.708,	-0.001077,	0.002387,	248.275,	0.500
24.545,	48.881,	-0.000866,	0.001351,	248.273,	0.485
24.642,	49.075,	-0.003087,	0.002298,	248.271,	0.540
24.728,	49.252,	-0.002764,	0.002464,	248.270,	0.490
24.818,	49.432,	-0.003397,	0.002462,	248.268,	0.495
24.905,	49.608,	-0.003335,	0.002712,	248.267,	0.490
24.995,	49.784,	-0.004408,	0.002264,	248.264,	0.490
25.092,	49.979,	-0.005191,	0.002466,	248.262,	0.540
25.182,	50.155,	-0.005513,	0.002559,	248.260,	0.495
25.268,	50.332,	-0.006629,	0.002746,	248.257,	0.490
25.358,	50.512,	-0.005829,	0.001786,	248.255,	0.495
25.445,	50.688,	-0.006247,	0.002301,	248.254,	0.490
25.542,	50.879,	-0.007216,	0.002934,	248.252,	0.535
25.632,	51.059,	-0.006294,	0.002960,	248.249,	0.500
25.722,	51.235,	-0.006593,	0.001788,	248.249,	0.490
25.808,	51.412,	-0.006771,	0.002290,	248.248,	0.490
25.898,	51.592,	-0.006991,	0.003365,	248.246,	0.495
25.996,	51.786,	-0.007031,	0.001732,	248.243,	0.540
26.086,	51.962,	-0.007369,	0.002942,	248.241,	0.495
26.172,	52.139,	-0.006651,	0.001391,	248.239,	0.490
26.262,	52.315,	-0.006009,	0.002818,	248.238,	0.490
26.348,	52.495,	-0.005224,	0.003233,	248.237,	0.500
26.446,	52.690,	-0.006144,	0.001488,	248.234,	0.540
26.543,	52.884,	-0.005557,	0.001579,	248.231,	0.535
26.633,	53.060,	-0.006397,	0.001758,	248.231,	0.490
26.723,	53.240,	-0.006144,	0.002553,	248.228,	0.500
26.809,	53.413,	-0.006108,	0.001508,	248.225,	0.485
26.899,	53.593,	-0.006256,	0.002410,	248.224,	0.495
26.996,	53.788,	-0.005924,	0.001926,	248.223,	0.545
27.083,	53.964,	-0.005577,	0.001926,	248.219,	0.485
27.173,	54.144,	-0.004891,	0.003475,	248.217,	0.500
27.263,	54.320,	-0.004626,	0.002391,	248.216,	0.490
27.349,	54.497,	-0.005180,	0.002178,	248.215,	0.490
27.446,	54.691,	-0.005856,	0.002690,	248.211,	0.540
27.536,	54.868,	-0.004353,	0.001699,	248.210,	0.490
27.623,	55.044,	-0.004430,	0.003539,	248.209,	0.490
27.713,	55.224,	-0.003586,	0.002128,	248.208,	0.500
27.803,	55.400,	-0.003620,	0.002927,	248.205,	0.490
27.900,	55.595,	-0.005060,	0.002113,	248.202,	0.540
27.986,	55.771,	-0.003214,	0.002701,	248.202,	0.490
28.076,	55.948,	-0.002658,	0.003406,	248.199,	0.495
28.166,	56.124,	-0.003605,	0.002652,	248.197,	0.490
28.253,	56.304,	-0.002923,	0.001109,	248.195,	0.495
28.350,	56.498,	-0.003166,	0.001852,	248.193,	0.540
28.440,	56.675,	-0.002962,	0.003218,	248.191,	0.490
28.530,	56.855,	-0.002425,	0.002385,	248.190,	0.500
28.616,	57.031,	-0.002624,	0.002654,	248.189,	0.490
28.706,	57.204,	-0.003182,	0.002217,	248.187,	0.490
28.804,	57.402,	-0.003740,	0.002051,	248.186,	0.545
28.890,	57.578,	-0.002513,	0.002535,	248.182,	0.485
28.980,	57.755,	-0.003271,	0.003199,	248.180,	0.495
29.070,	57.935,	-0.002999,	0.000642,	248.179,	0.495
29.156,	58.111,	-0.002492,	0.003005,	248.178,	0.490
29.254,	58.302,	-0.002926,	0.001454,	248.174,	0.535
29.351,	58.500,	-0.002130,	0.001997,	248.172,	0.550
29.441,	58.676,	-0.001846,	0.003360,	248.170,	0.490
29.531,	58.856,	0.000833,	0.003167,	248.168,	0.495
29.617,	59.033,	0.002158,	0.002008,	248.166,	0.495
29.707,	59.209,	-0.002075,	0.001939,	248.165,	0.485
29.804,	59.400,	-0.003332,	0.001904,	248.164,	0.535
29.891,	59.580,	-0.002838,	0.001697,	248.161,	0.500
29.981,	59.756,	-0.002514,	0.002234,	248.159,	0.490
30.071,	59.933,	-0.002935,	0.001900,	248.157,	0.495
30.157,	60.113,	-0.002900,	0.003475,	248.156,	0.495
30.254,	60.307,	-0.001586,	0.002731,	248.153,	0.535
30.344,	60.487,	0.000916,	0.002292,	248.152,	0.500
30.434,	60.664,	-0.001645,	0.003625,	248.151,	0.490
30.521,	60.840,	-0.003537,	0.002316,	248.149,	0.495
30.611,	61.016,	-0.003712,	0.002565,	248.146,	0.495
30.708,	61.211,	-0.004491,	0.001413,	248.145,	0.535
30.805,	61.409,	-0.003036,	0.001766,	248.142,	0.550
30.895,	61.585,	-0.006147,	0.003138,	248.140,	0.490
30.985,	61.765,	-0.008322,	0.003699,	248.139,	0.495
31.072,	61.942,	-0.010024,	0.002938,	248.137,	0.495
31.162,	62.118,	-0.005790,	0.001846,	248.137,	0.485
31.259,	62.309,	-0.003870,	0.001458,	248.133,	0.535
31.345,	62.489,	-0.007821,	0.002718,	248.131,	0.500
31.435,	62.665,	-0.007911,	0.001999,	248.130,	0.490
31.525,	62.842,	-0.006730,	0.003156,	248.129,	0.495
31.612,	63.022,	-0.007161,	0.002288,	248.127,	0.495
31.709,	63.216,	-0.008314,	0.002251,	248.124,	0.535
31.799,	63.396,	-0.006370,	0.002585,	248.122,	0.500
31.889,	63.572,	-0.007786,	0.001796,	248.121,	0.490
31.975,	63.749,	-0.007868,	0.002548,	248.118,	0.495
32.065,	63.925,	-0.007388,	0.001486,	248.116,	0.495
32.162,	64.120,	-0.006343,	0.001163,	248.114,	0.535
32.252,	64.300,	-0.005988,	0.002520,	248.113,	0.495
32.339,	64.476,	-0.006857,	0.002699,	248.110,	0.495
32.429,	64.652,	-0.005243,	0.001723,	248.108,	0.485
32.519,	64.832,	-0.006067,	0.001911,	248.106,	0.500
32.612,	65.023,	-0.007946,	0.001447,	248.106,	0.535
32.702,	65.200,	-0.009523,	0.002850,	248.103,	0.490
32.792,	65.380,	-0.007345,	0.003253,	248.101,	0.500
32.879,	65.556,	-0.007556,	0.001542,	248.099,	0.490
32.969,	65.732,	-0.007165,	0.002471,	248.099,	0.495
33.066,	65.927,	-0.007408,	0.002568,	248.095,	0.540
33.156,	66.103,	-0.006675,	0.001460,	248.094,	0.490
33.242,	66.280,	-0.006156,	0.002027,	248.093,	0.490
33.332,	66.460,	-0.006123,	0.003438,	248.091,	0.495
33.422,	66.636,	-0.006395,	0.001846,	248.087,	0.490
33.516,	66.830,	-0.006087,	0.002639,	248.087,	0.540
33.606,	67.007,	-0.006313,	0.002275,	248.085,	0.495
33.696,	67.187,	-0.005914,	0.002044,	248.082,	0.490
33.782,	67.363,	-0.005526,	0.001454,	248.080,	0.495
33.872,	67.540,	-0.005125,	0.002137,	248.078,	0.495
33.970,	67.734,	-0.006378,	0.000958,	248.077,	0.535
34.060,	67.910,	-0.005181,	0.002555,	248.074,	0.490
34.146,	68.090,	-0.005186,	0.003039,	248.072,	0.500
34.236,	68.267,	-0.005796,	0.001469,	248.070,	0.485
34.322,	68.443,	-0.005882,	0.002417,	248.069,	0.495
34.420,	68.638,	-0.006729,	0.003195,	248.068,	0.540
34.510,	68.814,	-0.006556,	0.001598,	248.065,	0.490
34.600,	68.994,	-0.005543,	0.002357,	248.064,	0.500
34.686,	69.170,	-0.006148,	0.001049,	248.063,	0.490
34.776,	69.347,	-0.005433,	0.001493,	248.060,	0.490
34.873,	69.541,	-0.006194,	0.000648,	248.056,	0.540
34.963,	69.718,	-0.005582,	0.001478,	248.056,	0.495
35.050,	69.894,	-0.005993,	0.002578,	248.054,	0.490
35.140,	70.074,	-0.006620,	0.003373,	248.051,	0.495
35.230,	70.250,	-0.007142,	0.002163,	248.050,	0.495
35.323,	70.445,	-0.007121,	0.002199,	248.049,	0.535
35.413,	70.625,	-0.006356,	0.002309,	248.047,	0.495
35.503,	70.801,	-0.006642,	0.002787,	248.046,	0.495
35.590,	70.978,	-0.006217,	0.003048,	248.043,	0.490
35.680,	71.158,	-0.006610,	0.002725,	248.042,	0.495
35.777,	71.348,	-0.006888,	0.002406,	248.040,	0.535
35.867,	71.525,	-0.006075,	0.002229,	248.037,	0.495
35.953,	71.701,	-0.005221,	0.001775,	248.036,	0.490
36.043,	71.881,	-0.006755,	0.002441,	248.035,	0.495
36.130,	72.058,	-0.006501,	0.002886,	248.033,	0.490
36.227,	72.252,	-0.006958,	0.002753,	248.030,	0.540
36.317,	72.428,	-0.006462,	0.003470,	248.028,	0.495
36.407,	72.605,	-0.005605,	0.002126,	248.028,	0.490
36.493,	72.785,	-0.006296,	0.001357,	248.026,	0.495
36.583,	72.961,	-0.006814,	0.004007,	248.025,	0.490
36.680,	73.156,	-0.007075,	0.002693,	248.022,	0.540
36.770,	73.336,	-0.007214,	0.001852,	248.020,	0.500
36.857,	73.508,	-0.006591,	0.003627,	248.018,	0.485
36.947,	73.688,	-0.006582,	0.002337,	248.015,	0.495
37.037,	73.865,	-0.007034,	0.002240,	248.013,	0.495
37.130,	74.059,	-0.007312,	0.001381,	248.012,	0.535
37.220,	74.236,	-0.005994,	0.002262,	248.010,	0.490
37.310,	74.416,	-0.006838,	0.002410,	248.007,	0.500
37.397,	74.592,	-0.005745,	0.002874,	248.006,	0.490
37.487,	74.772,	-0.005643,	0.002893,	248.004,	0.500
37.577,	74.945,	-0.006121,	0.002522,	248.003,	0.485
37.674,	75.139,	-0.006008,	0.001307,	248.001,	0.540
37.760,	75.319,	-0.005863,	0.002055,	247.999,	0.495
37.850,	75.496,	-0.005552,	0.001531,	247.998,	0.495
37.940,	75.672,	-0.006278,	0.002820,	247.995,	0.490
38.027,	75.852,	-0.007316,	0.001818,	247.992,	0.495
38.124,	76.046,	-0.007057,	0.001017,	247.991,	0.540
38.214,	76.226,	-0.006355,	0.001101,	247.989,	0.500
38.304,	76.403,	-0.006413,	0.001997,	247.986,	0.490
38.390,	76.579,	-0.006204,	0.002802,	247.984,	0.490
38.480,	76.756,	-0.005280,	0.001096,	247.984,	0.495
38.578,	76.950,	-0.007161,	0.002008,	247.982,	0.535
38.668,	77.130,	-0.006303,	0.002990,	247.978,	0.500
38.754,	77.306,	-0.006287,	0.002497,	247.976,	0.490
38.844,	77.483,	-0.005866,	0.002667,	247.975,	0.495
38.934,	77.663,	-0.005631,	0.002800,	247.974,	0.495
39.031,	77.857,	-0.006089,	0.002040,	247.973,	0.540
39.121,	78.037,	-0.005408,	0.002064,	247.969,	0.500
39.208,	78.210,	-0.005495,	0.002171,	247.969,	0.485
39.298,	78.386,	-0.006123,	0.003845,	247.966,	0.490
39.384,	78.566,	-0.005608,	0.002871,	247.964,	0.495
39.481,	78.761,	-0.006327,	0.002593,	247.961,	0.540
39.571,	78.941,	-0.005706,	0.002031,	247.961,	0.500
39.661,	79.117,	-0.005856,	0.002068,	247.958,	0.490
39.751,	79.297,	-0.006280,	0.003561,	247.956,	0.500
39.838,	79.474,	-0.005920,	0.002841,	247.955,	0.490
39.935,	79.664,	-0.007037,	0.003220,	247.954,	0.535
