Num, Lmd, sig,    mon,    Ring,  sec
#lmd,   E,  HOYAX,  Y,  Smpl,  Det, AGC X, Y, Smpl, Det
#6.50014,	190.7409,	57.000,	22.000,	4.300,	30.000,	2.400,	4.000,	69.930,	29.999

1,	6.50014,	-0.005548,	-0.003160,	273.026,	63.515
2,	6.50014,	-0.006967,	-0.000847,	273.023,	0.555
3,	6.50014,	-0.006892,	0.000082,	273.020,	0.545
4,	6.50014,	-0.006679,	0.000166,	273.019,	0.505
5,	6.50014,	-0.006672,	-0.000108,	273.018,	0.500
6,	6.50014,	-0.006457,	0.000713,	273.014,	0.500
7,	6.50014,	-0.006824,	0.000039,	273.011,	0.505
8,	6.50014,	-0.006296,	0.000056,	273.009,	0.545
9,	6.50014,	-0.007621,	-0.000565,	273.007,	0.505
10,	6.50014,	-0.006913,	-0.001247,	273.005,	0.505
11,	6.50014,	-0.006017,	0.000851,	273.004,	0.495
12,	6.50014,	-0.006937,	-0.000022,	273.001,	0.500
13,	6.50014,	-0.006990,	-0.001954,	273.000,	0.505
14,	6.50014,	-0.007060,	0.000308,	272.995,	0.545
15,	6.50014,	-0.005282,	0.000532,	272.994,	0.550
16,	6.50014,	-0.005845,	0.000202,	272.993,	0.550
17,	6.50014,	-0.006273,	-0.000226,	272.990,	0.500
18,	6.50014,	-0.005998,	0.000566,	272.987,	0.505
19,	6.50014,	-0.006598,	0.001381,	272.986,	0.495
20,	6.50014,	-0.007093,	0.000155,	272.984,	0.505
21,	6.50014,	-0.006638,	0.000420,	272.980,	0.545
22,	6.50014,	-0.006374,	0.000000,	272.978,	0.505
23,	6.50014,	-0.006189,	0.000777,	272.976,	0.495
24,	6.50014,	-0.007291,	0.001633,	272.972,	0.505
25,	6.50014,	-0.006347,	0.001094,	272.970,	0.495
26,	6.50014,	-0.007064,	0.001176,	272.969,	0.500
27,	6.50014,	-0.007131,	-0.001166,	272.968,	0.550
28,	6.50014,	-0.007614,	0.000118,	272.964,	0.505
29,	6.50014,	-0.006777,	-0.000136,	272.962,	0.505
30,	6.50014,	-0.007072,	0.000489,	272.960,	0.495
31,	6.50014,	-0.006547,	-0.000114,	272.958,	0.505
32,	6.50014,	-0.006568,	-0.001319,	272.954,	0.550
33,	6.50014,	-0.007325,	-0.000463,	272.954,	0.500
34,	6.50014,	-0.006340,	-0.000065,	272.951,	0.495
35,	6.50014,	-0.006038,	-0.000448,	272.947,	0.505
36,	6.50014,	-0.006814,	-0.000593,	272.946,	0.495
37,	6.50014,	-0.006824,	0.000592,	272.944,	0.505
38,	6.50014,	-0.006264,	0.000485,	272.942,	0.545
39,	6.50014,	-0.006570,	-0.000420,	272.939,	0.500
40,	6.50014,	-0.006781,	0.000625,	272.937,	0.505
41,	6.50014,	-0.007817,	0.000306,	272.935,	0.495
42,	6.50014,	-0.006930,	-0.000295,	272.931,	0.505
43,	6.50014,	-0.007264,	0.000607,	272.929,	0.500
44,	6.50014,	-0.006639,	0.000349,	272.929,	0.545
45,	6.50014,	-0.006928,	0.000676,	272.926,	0.550
46,	6.50014,	-0.006574,	0.000342,	272.922,	0.550
47,	6.50014,	-0.006215,	-0.001454,	272.920,	0.505
48,	6.50014,	-0.006599,	0.000224,	272.919,	0.505
49,	6.50014,	-0.006642,	-0.000728,	272.915,	0.500
50,	6.50014,	-0.006592,	-0.000457,	272.913,	0.505
51,	6.50014,	-0.007454,	-0.000060,	272.912,	0.550
52,	6.50014,	-0.006119,	-0.000168,	272.907,	0.550
53,	6.50014,	-0.006829,	-0.000140,	272.905,	0.505
54,	6.50014,	-0.007305,	-0.000810,	272.904,	0.500
55,	6.50014,	-0.007200,	-0.000302,	272.902,	0.505
56,	6.50014,	-0.006395,	0.000405,	272.899,	0.500
57,	6.50014,	-0.006988,	0.000252,	272.896,	0.500
58,	6.50014,	-0.006847,	0.000015,	272.895,	0.555
59,	6.50014,	-0.006951,	0.000039,	272.892,	0.500
60,	6.50014,	-0.006509,	0.000390,	272.890,	0.500
61,	6.50014,	-0.006748,	-0.000125,	272.888,	0.505
62,	6.50014,	-0.007128,	0.000108,	272.886,	0.500
63,	6.50014,	-0.006897,	-0.000752,	272.882,	0.555
64,	6.50014,	-0.007184,	-0.000114,	272.880,	0.550
65,	6.50014,	-0.006621,	-0.000685,	272.879,	0.550
66,	6.50014,	-0.006820,	-0.000078,	272.875,	0.505
67,	6.50014,	-0.006939,	0.000013,	272.873,	0.500
68,	6.50014,	-0.006956,	0.000086,	272.871,	0.510
69,	6.50014,	-0.006391,	-0.000918,	272.869,	0.500
70,	6.50014,	-0.006991,	-0.000302,	272.867,	0.505
71,	6.50014,	-0.007540,	0.000189,	272.864,	0.555
72,	6.50014,	-0.006101,	-0.000862,	272.863,	0.545
73,	6.50014,	-0.007045,	0.000116,	272.859,	0.555
74,	6.50014,	-0.007123,	-0.000414,	272.856,	0.550
75,	6.50014,	-0.006916,	-0.000101,	272.853,	0.555
76,	6.50014,	-0.005918,	0.000469,	272.851,	0.495
77,	6.50014,	-0.006974,	0.000560,	272.850,	0.505
78,	6.50014,	-0.007024,	-0.000142,	272.848,	0.500
79,	6.50014,	-0.007049,	-0.000203,	272.843,	0.500
80,	6.50014,	-0.006936,	-0.000134,	272.842,	0.550
81,	6.50014,	-0.006167,	-0.000470,	272.840,	0.505
82,	6.50014,	-0.007286,	0.000383,	272.837,	0.500
83,	6.50014,	-0.006691,	-0.000840,	272.835,	0.505
84,	6.50014,	-0.007500,	0.000321,	272.833,	0.500
85,	6.50014,	-0.007016,	-0.000758,	272.832,	0.510
86,	6.50014,	-0.006884,	0.000080,	272.828,	0.550
87,	6.50014,	-0.007553,	0.000043,	272.826,	0.500
88,	6.50014,	-0.006977,	-0.001232,	272.825,	0.505
89,	6.50014,	-0.006339,	-0.000509,	272.821,	0.500
90,	6.50014,	-0.005531,	0.000489,	272.817,	0.510
91,	6.50014,	-0.007065,	-0.001163,	272.817,	0.545
92,	6.50014,	-0.007452,	-0.000267,	272.816,	0.550
93,	6.50014,	-0.006846,	-0.000838,	272.811,	0.510
94,	6.50014,	-0.006808,	-0.000741,	272.810,	0.505
95,	6.50014,	-0.006535,	-0.000493,	272.808,	0.500
96,	6.50014,	-0.006591,	-0.000002,	272.806,	0.505
97,	6.50014,	-0.006693,	0.000541,	272.803,	0.555
98,	6.50014,	-0.007278,	-0.001151,	272.800,	0.550
99,	6.50014,	-0.007533,	0.000062,	272.797,	0.505
100,	6.50014,	-0.006168,	0.000650,	272.796,	0.500
