Num, Lmd, sig,    mon,    Ring,  sec
#lmd,   E,  HOYAX,  Y,  Smpl,  Det, AGC X, Y, Smpl, Det
#6.65014,	186.4385,	57.000,	22.000,	4.300,	30.000,	2.400,	4.000,	69.930,	29.999

1,	6.65014,	-0.005719,	-0.002624,	267.231,	63.495
2,	6.65014,	-0.007113,	0.000172,	267.227,	0.555
3,	6.65014,	-0.006042,	-0.001612,	267.225,	0.500
4,	6.65014,	-0.006538,	0.000286,	267.224,	0.495
5,	6.65014,	-0.007237,	0.000258,	267.220,	0.505
6,	6.65014,	-0.007003,	-0.000069,	267.219,	0.500
7,	6.65014,	-0.007014,	-0.000041,	267.218,	0.545
8,	6.65014,	-0.006845,	0.000368,	267.214,	0.505
9,	6.65014,	-0.006999,	-0.000013,	267.212,	0.505
10,	6.65014,	-0.006701,	0.001491,	267.211,	0.500
11,	6.65014,	-0.006469,	0.000148,	267.209,	0.500
12,	6.65014,	-0.006653,	-0.000058,	267.205,	0.550
13,	6.65014,	-0.006981,	0.000351,	267.203,	0.550
14,	6.65014,	-0.005985,	-0.000257,	267.201,	0.550
15,	6.65014,	-0.006873,	-0.000957,	267.197,	0.545
16,	6.65014,	-0.007285,	0.000049,	267.195,	0.505
17,	6.65014,	-0.007498,	-0.000397,	267.194,	0.505
18,	6.65014,	-0.006379,	-0.000616,	267.191,	0.500
19,	6.65014,	-0.006829,	-0.000970,	267.189,	0.495
20,	6.65014,	-0.006880,	-0.000071,	267.187,	0.550
21,	6.65014,	-0.006702,	-0.000435,	267.185,	0.505
22,	6.65014,	-0.006575,	-0.000659,	267.182,	0.500
23,	6.65014,	-0.007519,	-0.000397,	267.180,	0.505
24,	6.65014,	-0.005867,	0.001338,	267.179,	0.505
25,	6.65014,	-0.007494,	0.000838,	267.177,	0.500
26,	6.65014,	-0.007580,	-0.000901,	267.173,	0.545
27,	6.65014,	-0.005929,	-0.000304,	267.172,	0.505
28,	6.65014,	-0.007339,	-0.000694,	267.171,	0.500
29,	6.65014,	-0.006933,	0.000844,	267.167,	0.500
30,	6.65014,	-0.006296,	0.000836,	267.165,	0.500
31,	6.65014,	-0.007808,	-0.000601,	267.163,	0.550
32,	6.65014,	-0.006905,	0.000543,	267.162,	0.500
33,	6.65014,	-0.006931,	0.000110,	267.158,	0.505
34,	6.65014,	-0.006667,	-0.000080,	267.157,	0.500
35,	6.65014,	-0.006721,	0.000232,	267.154,	0.495
36,	6.65014,	-0.006687,	-0.000638,	267.154,	0.555
37,	6.65014,	-0.006465,	0.000015,	267.149,	0.550
38,	6.65014,	-0.006511,	-0.000177,	267.148,	0.550
39,	6.65014,	-0.007067,	-0.000233,	267.144,	0.545
40,	6.65014,	-0.006925,	-0.000890,	267.142,	0.505
41,	6.65014,	-0.006650,	0.000388,	267.141,	0.505
42,	6.65014,	-0.007137,	-0.000196,	267.139,	0.500
43,	6.65014,	-0.007352,	0.000058,	267.136,	0.505
44,	6.65014,	-0.007244,	-0.000065,	267.134,	0.550
45,	6.65014,	-0.006392,	-0.000119,	267.133,	0.500
46,	6.65014,	-0.006943,	0.001025,	267.128,	0.505
47,	6.65014,	-0.006187,	-0.000718,	267.127,	0.500
48,	6.65014,	-0.007631,	-0.000687,	267.124,	0.505
49,	6.65014,	-0.007062,	0.000506,	267.124,	0.545
50,	6.65014,	-0.005935,	0.000431,	267.120,	0.505
51,	6.65014,	-0.007316,	-0.000407,	267.118,	0.505
52,	6.65014,	-0.006300,	-0.000571,	267.116,	0.500
53,	6.65014,	-0.006108,	0.000239,	267.113,	0.495
54,	6.65014,	-0.007466,	0.000062,	267.111,	0.505
55,	6.65014,	-0.007262,	0.000103,	267.110,	0.550
56,	6.65014,	-0.007290,	-0.000196,	267.108,	0.550
57,	6.65014,	-0.007729,	-0.000155,	267.105,	0.545
58,	6.65014,	-0.006814,	0.000375,	267.103,	0.555
59,	6.65014,	-0.007469,	-0.000743,	267.100,	0.550
60,	6.65014,	-0.006697,	0.000172,	267.097,	0.500
61,	6.65014,	-0.007432,	-0.000028,	267.096,	0.500
62,	6.65014,	-0.007837,	-0.000687,	267.095,	0.500
63,	6.65014,	-0.006493,	0.000618,	267.091,	0.500
64,	6.65014,	-0.007065,	-0.001543,	267.089,	0.545
65,	6.65014,	-0.006836,	0.000616,	267.087,	0.505
66,	6.65014,	-0.005762,	0.000056,	267.083,	0.500
67,	6.65014,	-0.007524,	-0.000649,	267.082,	0.505
68,	6.65014,	-0.006765,	0.000581,	267.079,	0.500
69,	6.65014,	-0.007188,	-0.000832,	267.078,	0.545
70,	6.65014,	-0.007457,	-0.000065,	267.074,	0.505
71,	6.65014,	-0.007434,	-0.000862,	267.074,	0.505
72,	6.65014,	-0.006238,	0.001198,	267.071,	0.500
73,	6.65014,	-0.006833,	0.000288,	267.070,	0.495
74,	6.65014,	-0.006592,	-0.000207,	267.066,	0.550
75,	6.65014,	-0.006880,	0.000373,	267.064,	0.505
76,	6.65014,	-0.007399,	0.000291,	267.062,	0.500
77,	6.65014,	-0.006624,	-0.001215,	267.059,	0.505
78,	6.65014,	-0.007093,	0.000077,	267.059,	0.495
79,	6.65014,	-0.007055,	-0.000192,	267.057,	0.555
80,	6.65014,	-0.006366,	-0.000170,	267.054,	0.545
81,	6.65014,	-0.006844,	-0.000300,	267.051,	0.500
82,	6.65014,	-0.007239,	-0.000392,	267.049,	0.505
83,	6.65014,	-0.007443,	0.000230,	267.047,	0.505
84,	6.65014,	-0.006948,	0.000459,	267.045,	0.505
85,	6.65014,	-0.006837,	0.000439,	267.042,	0.550
86,	6.65014,	-0.007116,	-0.000776,	267.040,	0.505
87,	6.65014,	-0.007789,	0.000071,	267.036,	0.505
88,	6.65014,	-0.007174,	0.000000,	267.035,	0.505
89,	6.65014,	-0.007433,	0.000590,	267.033,	0.500
90,	6.65014,	-0.007357,	0.000108,	267.031,	0.550
91,	6.65014,	-0.007169,	-0.000616,	267.027,	0.500
92,	6.65014,	-0.006732,	-0.000203,	267.026,	0.500
93,	6.65014,	-0.007261,	0.000039,	267.024,	0.500
94,	6.65014,	-0.007292,	-0.000248,	267.022,	0.500
95,	6.65014,	-0.007512,	0.000123,	267.019,	0.550
96,	6.65014,	-0.006939,	0.000842,	267.018,	0.550
97,	6.65014,	-0.006072,	-0.000461,	267.015,	0.550
98,	6.65014,	-0.007359,	-0.000289,	267.013,	0.545
99,	6.65014,	-0.006577,	-0.000179,	267.010,	0.555
100,	6.65014,	-0.006978,	0.000392,	267.007,	0.505
