Num, Lmd, sig,    mon,    Ring,  sec
#lmd,   E,  HOYAX,  Y,  Smpl,  Det, AGC X, Y, Smpl, Det
#6.75016,	183.6760,	57.000,	22.000,	4.300,	30.000,	-52.700,	13.300,	39.895,	79.589

1,	6.75020,	-0.005188,	-0.003253,	240.264,	159.760
2,	6.75020,	-0.008239,	0.000392,	240.263,	0.550
3,	6.75020,	-0.008201,	0.001172,	240.261,	0.505
4,	6.75016,	-0.007402,	-0.001224,	240.259,	0.505
5,	6.75020,	-0.007846,	-0.000002,	240.256,	0.500
6,	6.75020,	-0.007419,	-0.000898,	240.256,	0.500
7,	6.75020,	-0.008806,	0.000609,	240.255,	0.550
8,	6.75020,	-0.007230,	-0.000160,	240.252,	0.550
9,	6.75016,	-0.007254,	-0.000692,	240.251,	0.550
10,	6.75020,	-0.008254,	-0.001006,	240.249,	0.495
11,	6.75016,	-0.007805,	0.000067,	240.247,	0.505
12,	6.75016,	-0.008050,	0.000502,	240.246,	0.500
13,	6.75016,	-0.008763,	0.000672,	240.244,	0.500
14,	6.75020,	-0.007680,	-0.000317,	240.241,	0.550
15,	6.75020,	-0.007626,	0.000276,	240.239,	0.500
16,	6.75020,	-0.008287,	-0.000599,	240.237,	0.500
17,	6.75016,	-0.007719,	-0.000343,	240.236,	0.500
18,	6.75016,	-0.008592,	-0.000375,	240.233,	0.500
19,	6.75016,	-0.008318,	-0.000203,	240.231,	0.505
20,	6.75020,	-0.008081,	0.000105,	240.230,	0.555
21,	6.75020,	-0.008052,	0.000648,	240.228,	0.500
22,	6.75016,	-0.007922,	0.000493,	240.227,	0.500
23,	6.75016,	-0.007914,	-0.000509,	240.225,	0.505
24,	6.75016,	-0.008222,	-0.000593,	240.222,	0.495
25,	6.75020,	-0.008382,	-0.000534,	240.220,	0.555
26,	6.75016,	-0.008350,	0.000588,	240.218,	0.500
27,	6.75016,	-0.007370,	0.000754,	240.217,	0.500
28,	6.75020,	-0.007951,	0.000054,	240.216,	0.500
29,	6.75020,	-0.007843,	-0.001008,	240.214,	0.500
30,	6.75020,	-0.007470,	-0.000147,	240.212,	0.550
31,	6.75020,	-0.008201,	0.000314,	240.212,	0.500
32,	6.75016,	-0.007798,	-0.000351,	240.209,	0.505
33,	6.75016,	-0.008158,	-0.000476,	240.207,	0.500
34,	6.75016,	-0.008235,	0.000342,	240.206,	0.495
35,	6.75020,	-0.007785,	0.000329,	240.204,	0.555
36,	6.75016,	-0.007536,	-0.000013,	240.200,	0.500
37,	6.75016,	-0.007785,	-0.000343,	240.199,	0.500
38,	6.75016,	-0.008050,	-0.001319,	240.197,	0.500
39,	6.75016,	-0.006763,	0.000379,	240.195,	0.500
40,	6.75016,	-0.007275,	0.000021,	240.193,	0.505
41,	6.75016,	-0.008020,	0.000047,	240.192,	0.550
42,	6.75020,	-0.007203,	0.000224,	240.191,	0.500
43,	6.75020,	-0.008124,	-0.000108,	240.189,	0.505
44,	6.75016,	-0.007520,	0.000248,	240.187,	0.500
45,	6.75016,	-0.007358,	-0.000048,	240.186,	0.505
46,	6.75016,	-0.008106,	-0.000211,	240.183,	0.495
47,	6.75020,	-0.007928,	0.000123,	240.181,	0.555
48,	6.75016,	-0.007626,	0.000039,	240.180,	0.545
49,	6.75020,	-0.007834,	-0.000306,	240.178,	0.555
50,	6.75020,	-0.006968,	-0.000035,	240.175,	0.500
51,	6.75016,	-0.008569,	-0.000623,	240.173,	0.500
52,	6.75016,	-0.007924,	0.000314,	240.172,	0.500
53,	6.75016,	-0.007762,	0.000228,	240.172,	0.500
54,	6.75020,	-0.007965,	-0.000631,	240.169,	0.550
55,	6.75016,	-0.007410,	0.000179,	240.168,	0.500
56,	6.75020,	-0.008252,	0.000000,	240.165,	0.500
57,	6.75020,	-0.007808,	-0.001107,	240.163,	0.505
58,	6.75020,	-0.008392,	-0.000239,	240.161,	0.500
59,	6.75020,	-0.008391,	-0.000444,	240.160,	0.505
60,	6.75020,	-0.007274,	-0.000584,	240.158,	0.550
61,	6.75020,	-0.008874,	0.000405,	240.157,	0.550
62,	6.75016,	-0.006906,	0.000159,	240.155,	0.500
63,	6.75020,	-0.007923,	0.000689,	240.153,	0.500
64,	6.75020,	-0.007096,	0.000853,	240.149,	0.500
65,	6.75020,	-0.007394,	0.000213,	240.148,	0.500
66,	6.75020,	-0.007393,	0.000409,	240.147,	0.550
67,	6.75016,	-0.007829,	-0.000269,	240.145,	0.500
68,	6.75016,	-0.008218,	-0.001120,	240.144,	0.505
69,	6.75016,	-0.007457,	-0.000149,	240.142,	0.500
70,	6.75020,	-0.008223,	0.000159,	240.141,	0.505
71,	6.75020,	-0.007993,	0.000801,	240.140,	0.500
72,	6.75020,	-0.008045,	0.000297,	240.137,	0.550
73,	6.75016,	-0.008109,	-0.000642,	240.135,	0.550
74,	6.75020,	-0.007770,	-0.000896,	240.132,	0.510
75,	6.75020,	-0.007464,	0.000052,	240.131,	0.505
76,	6.75020,	-0.007588,	0.000187,	240.130,	0.505
77,	6.75020,	-0.008508,	-0.000121,	240.129,	0.505
78,	6.75020,	-0.008144,	0.000653,	240.125,	0.555
79,	6.75020,	-0.008082,	0.000176,	240.123,	0.505
80,	6.75020,	-0.007771,	0.000366,	240.123,	0.500
81,	6.75016,	-0.008104,	-0.000825,	240.119,	0.505
82,	6.75016,	-0.008163,	-0.000700,	240.118,	0.500
83,	6.75016,	-0.008026,	0.000586,	240.116,	0.545
84,	6.75016,	-0.007679,	-0.000457,	240.115,	0.505
85,	6.75020,	-0.007658,	0.000702,	240.113,	0.500
86,	6.75020,	-0.007541,	0.000633,	240.111,	0.500
87,	6.75020,	-0.008172,	0.000265,	240.109,	0.505
88,	6.75016,	-0.007511,	-0.000201,	240.108,	0.550
89,	6.75020,	-0.007073,	-0.000328,	240.106,	0.500
90,	6.75016,	-0.007605,	0.000407,	240.105,	0.500
91,	6.75016,	-0.007835,	0.000064,	240.103,	0.505
92,	6.75016,	-0.008338,	-0.000007,	240.101,	0.495
93,	6.75016,	-0.007726,	-0.000707,	240.099,	0.555
94,	6.75020,	-0.008150,	0.000334,	240.097,	0.550
95,	6.75020,	-0.008059,	-0.000754,	240.095,	0.545
96,	6.75020,	-0.007212,	0.000336,	240.093,	0.550
97,	6.75016,	-0.007252,	0.000629,	240.092,	0.555
98,	6.75020,	-0.007764,	-0.000700,	240.089,	0.505
99,	6.75020,	-0.007920,	-0.000192,	240.087,	0.505
100,	6.75020,	-0.008252,	0.000110,	240.084,	0.500
