Num, Lmd, sig,    mon,    Ring,  sec
#lmd,   E,  HOYAX,  Y,  Smpl,  Det, AGC X, Y, Smpl, Det
#6.55015,	189.2846,	57.000,	22.000,	4.300,	30.000,	0.000,	-76.000,	-0.068,	-0.346

1,	6.55015,	7.684043,	-0.002103,	260.271,	127.041
2,	6.55015,	7.683335,	-0.000304,	260.267,	0.555
3,	6.55015,	7.680458,	0.001236,	260.266,	0.550
4,	6.55015,	7.682151,	0.000250,	260.262,	0.555
5,	6.55015,	7.683320,	0.000924,	260.260,	0.545
6,	6.55015,	7.681007,	-0.000470,	260.259,	0.500
7,	6.55015,	7.681092,	0.000321,	260.256,	0.505
8,	6.55015,	7.680874,	0.000340,	260.255,	0.500
9,	6.55015,	7.681328,	0.000034,	260.253,	0.505
10,	6.55015,	7.683121,	0.000073,	260.252,	0.550
11,	6.55015,	7.681180,	0.000226,	260.247,	0.555
12,	6.55015,	7.679944,	-0.000987,	260.246,	0.550
13,	6.55015,	7.679579,	0.000198,	260.242,	0.550
14,	6.55015,	7.681519,	0.000799,	260.241,	0.505
15,	6.55015,	7.680645,	0.000760,	260.239,	0.505
16,	6.55015,	7.683094,	-0.000056,	260.238,	0.505
17,	6.55015,	7.680212,	0.000922,	260.234,	0.500
18,	6.55015,	7.681800,	-0.000170,	260.233,	0.555
19,	6.55015,	7.681216,	-0.000084,	260.231,	0.545
20,	6.55015,	7.680931,	-0.000123,	260.228,	0.555
21,	6.55015,	7.681118,	-0.000868,	260.226,	0.505
22,	6.55015,	7.680843,	-0.000715,	260.225,	0.505
23,	6.55015,	7.679131,	0.000549,	260.221,	0.505
24,	6.55015,	7.682062,	-0.000653,	260.219,	0.510
25,	6.55015,	7.683951,	-0.000474,	260.218,	0.500
26,	6.55015,	7.683041,	0.000155,	260.217,	0.560
27,	6.55015,	7.682098,	-0.000116,	260.214,	0.550
28,	6.55015,	7.682432,	-0.000041,	260.212,	0.505
29,	6.55015,	7.681352,	-0.000672,	260.210,	0.505
30,	6.55015,	7.683968,	-0.000670,	260.207,	0.510
31,	6.55015,	7.684364,	0.000323,	260.205,	0.500
32,	6.55015,	7.683273,	-0.001366,	260.204,	0.510
33,	6.55015,	7.683463,	-0.000134,	260.201,	0.545
34,	6.55015,	7.683870,	0.000590,	260.199,	0.505
35,	6.55015,	7.683081,	-0.000433,	260.197,	0.505
36,	6.55015,	7.682640,	0.000426,	260.195,	0.500
37,	6.55015,	7.684628,	0.000364,	260.192,	0.505
38,	6.55015,	7.681867,	0.000194,	260.190,	0.500
39,	6.55015,	7.682627,	0.000308,	260.188,	0.550
40,	6.55015,	7.680609,	0.000157,	260.185,	0.555
41,	6.55015,	7.680581,	-0.000487,	260.182,	0.550
42,	6.55015,	7.683163,	-0.000489,	260.181,	0.555
43,	6.55015,	7.680459,	-0.000071,	260.178,	0.505
44,	6.55015,	7.681555,	0.000224,	260.177,	0.500
45,	6.55015,	7.683481,	-0.000056,	260.175,	0.510
46,	6.55015,	7.682157,	-0.000580,	260.174,	0.500
47,	6.55015,	7.683850,	-0.000519,	260.170,	0.555
48,	6.55015,	7.681363,	-0.000011,	260.168,	0.505
49,	6.55015,	7.683875,	0.000039,	260.166,	0.510
50,	6.55015,	7.683012,	0.001051,	260.162,	0.500
51,	6.55015,	7.682197,	0.000771,	260.161,	0.510
52,	6.55015,	7.680060,	0.000017,	260.159,	0.550
53,	6.55015,	7.680995,	-0.000528,	260.155,	0.505
54,	6.55015,	7.681363,	-0.000573,	260.155,	0.500
55,	6.55015,	7.680661,	-0.000198,	260.153,	0.510
56,	6.55015,	7.684902,	-0.000259,	260.152,	0.500
57,	6.55015,	7.684626,	-0.000168,	260.149,	0.555
58,	6.55015,	7.682719,	-0.000655,	260.147,	0.550
59,	6.55015,	7.682814,	-0.000621,	260.146,	0.550
60,	6.55015,	7.681298,	0.000151,	260.143,	0.505
61,	6.55015,	7.684022,	-0.000603,	260.140,	0.505
62,	6.55015,	7.682720,	-0.000758,	260.139,	0.505
63,	6.55015,	7.683909,	0.001094,	260.137,	0.500
64,	6.55015,	7.682941,	0.000810,	260.134,	0.555
65,	6.55015,	7.683308,	-0.000506,	260.132,	0.545
66,	6.55015,	7.683385,	-0.001398,	260.131,	0.500
67,	6.55015,	7.682267,	0.000224,	260.128,	0.505
68,	6.55015,	7.681067,	-0.000498,	260.126,	0.510
69,	6.55015,	7.683385,	-0.000485,	260.125,	0.500
70,	6.55015,	7.681120,	-0.000015,	260.120,	0.550
71,	6.55015,	7.680495,	0.000316,	260.119,	0.550
72,	6.55015,	7.682934,	-0.001493,	260.118,	0.555
73,	6.55015,	7.681056,	0.000125,	260.114,	0.510
74,	6.55015,	7.683830,	0.000278,	260.113,	0.500
75,	6.55015,	7.683793,	0.000472,	260.111,	0.510
76,	6.55015,	7.685354,	-0.000157,	260.110,	0.500
77,	6.55015,	7.683941,	-0.000093,	260.106,	0.510
78,	6.55015,	7.683398,	-0.000750,	260.105,	0.545
79,	6.55015,	7.680166,	-0.001028,	260.102,	0.505
80,	6.55015,	7.682030,	-0.000593,	260.101,	0.505
81,	6.55015,	7.681267,	-0.001855,	260.099,	0.505
82,	6.55015,	7.681434,	-0.000595,	260.097,	0.505
83,	6.55015,	7.683260,	0.000084,	260.095,	0.510
84,	6.55015,	7.682813,	-0.000524,	260.092,	0.550
85,	6.55015,	7.682576,	-0.000608,	260.091,	0.510
86,	6.55015,	7.683278,	-0.000963,	260.089,	0.500
87,	6.55015,	7.684745,	-0.000373,	260.084,	0.505
88,	6.55015,	7.686382,	0.000747,	260.083,	0.500
89,	6.55015,	7.686985,	0.001286,	260.082,	0.550
90,	6.55015,	7.686167,	-0.000541,	260.080,	0.550
91,	6.55015,	7.688521,	0.001441,	260.076,	0.550
92,	6.55015,	7.688039,	0.001217,	260.075,	0.550
93,	6.55015,	7.687087,	-0.000297,	260.070,	0.510
94,	6.55015,	7.688837,	-0.001497,	260.069,	0.500
95,	6.55015,	7.686814,	0.000349,	260.068,	0.510
96,	6.55015,	7.688783,	-0.000560,	260.066,	0.500
97,	6.55015,	7.687055,	-0.000685,	260.063,	0.510
98,	6.55015,	7.685831,	-0.000483,	260.062,	0.545
99,	6.55015,	7.688935,	-0.000030,	260.060,	0.555
100,	6.55015,	7.686819,	-0.000487,	260.057,	0.555
