Num, Lmd, sig,    mon,    Ring,  sec
#lmd,   E,  HOYAX,  Y,  Smpl,  Det, AGC X, Y, Smpl, Det
#6.60016,	187.8504,	57.000,	22.000,	4.300,	30.000,	0.000,	-76.000,	-0.068,	-0.346

1,	6.60012,	7.120047,	-0.002585,	247.602,	94.095
2,	6.60012,	7.117454,	0.000508,	247.600,	0.555
3,	6.60016,	7.117222,	-0.000375,	247.598,	0.545
4,	6.60016,	7.118655,	-0.000922,	247.595,	0.550
5,	6.60016,	7.119667,	-0.001254,	247.594,	0.550
6,	6.60016,	7.119087,	-0.000549,	247.593,	0.500
7,	6.60016,	7.116402,	0.000614,	247.589,	0.500
8,	6.60016,	7.117544,	0.001008,	247.588,	0.500
9,	6.60016,	7.118207,	0.000284,	247.586,	0.500
10,	6.60016,	7.118310,	-0.000325,	247.585,	0.550
11,	6.60016,	7.118629,	-0.000132,	247.582,	0.500
12,	6.60016,	7.119257,	0.000194,	247.580,	0.500
13,	6.60016,	7.118206,	0.000092,	247.578,	0.500
14,	6.60012,	7.118123,	-0.000778,	247.576,	0.505
15,	6.60012,	7.120725,	0.000980,	247.574,	0.495
16,	6.60016,	7.119166,	-0.000605,	247.573,	0.550
17,	6.60016,	7.118103,	0.000450,	247.570,	0.550
18,	6.60016,	7.121602,	0.000758,	247.568,	0.500
19,	6.60016,	7.120005,	-0.000328,	247.568,	0.500
20,	6.60012,	7.118182,	-0.000696,	247.564,	0.505
21,	6.60012,	7.120394,	0.000381,	247.563,	0.495
22,	6.60016,	7.119006,	-0.000065,	247.560,	0.550
23,	6.60016,	7.119765,	-0.000761,	247.560,	0.550
24,	6.60016,	7.119327,	-0.000409,	247.557,	0.550
25,	6.60016,	7.120343,	0.000368,	247.554,	0.500
26,	6.60016,	7.119086,	-0.000858,	247.553,	0.500
27,	6.60016,	7.118882,	-0.000420,	247.552,	0.500
28,	6.60016,	7.119961,	-0.000073,	247.550,	0.505
29,	6.60016,	7.120158,	-0.000621,	247.548,	0.545
30,	6.60016,	7.118349,	0.000015,	247.546,	0.500
31,	6.60016,	7.120863,	-0.000179,	247.544,	0.500
32,	6.60016,	7.119729,	0.000243,	247.541,	0.500
33,	6.60016,	7.120752,	-0.001219,	247.540,	0.505
34,	6.60016,	7.123167,	0.001256,	247.539,	0.495
35,	6.60016,	7.121501,	-0.000711,	247.536,	0.550
36,	6.60016,	7.120016,	0.000956,	247.533,	0.500
37,	6.60016,	7.120005,	-0.000767,	247.532,	0.500
38,	6.60016,	7.120952,	0.001152,	247.531,	0.500
39,	6.60016,	7.119528,	-0.000437,	247.528,	0.500
40,	6.60016,	7.122047,	0.000627,	247.526,	0.550
41,	6.60016,	7.121881,	0.001458,	247.524,	0.505
42,	6.60016,	7.121300,	0.000575,	247.523,	0.495
43,	6.60016,	7.121561,	-0.000004,	247.521,	0.500
44,	6.60016,	7.121542,	0.000444,	247.519,	0.500
45,	6.60016,	7.120851,	-0.000437,	247.517,	0.500
46,	6.60016,	7.120200,	-0.000707,	247.515,	0.550
47,	6.60016,	7.120785,	-0.000218,	247.513,	0.500
48,	6.60016,	7.123256,	-0.000086,	247.510,	0.505
49,	6.60016,	7.121463,	0.000170,	247.510,	0.495
50,	6.60016,	7.120911,	0.000120,	247.506,	0.500
51,	6.60016,	7.119428,	-0.001155,	247.505,	0.505
52,	6.60016,	7.120768,	0.000032,	247.503,	0.545
53,	6.60016,	7.120909,	-0.000043,	247.503,	0.500
54,	6.60016,	7.123290,	-0.000616,	247.500,	0.500
55,	6.60016,	7.122874,	-0.000588,	247.498,	0.500
56,	6.60016,	7.121777,	-0.001114,	247.496,	0.500
57,	6.60016,	7.123759,	0.001553,	247.494,	0.500
58,	6.60016,	7.121372,	-0.000506,	247.493,	0.550
59,	6.60016,	7.121818,	0.000269,	247.490,	0.505
60,	6.60016,	7.122891,	0.000185,	247.489,	0.495
61,	6.60016,	7.122010,	0.000360,	247.486,	0.500
62,	6.60016,	7.121246,	-0.000086,	247.484,	0.505
63,	6.60016,	7.123365,	-0.000556,	247.483,	0.545
64,	6.60016,	7.122728,	0.000444,	247.480,	0.505
65,	6.60016,	7.123331,	0.000700,	247.478,	0.495
66,	6.60016,	7.121675,	-0.000864,	247.477,	0.500
67,	6.60016,	7.121949,	0.000827,	247.476,	0.500
68,	6.60016,	7.121770,	-0.000095,	247.474,	0.550
69,	6.60016,	7.122632,	-0.000306,	247.471,	0.500
70,	6.60016,	7.122840,	-0.000623,	247.468,	0.500
71,	6.60016,	7.121648,	-0.000399,	247.467,	0.500
72,	6.60016,	7.123374,	0.000002,	247.466,	0.505
73,	6.60016,	7.120750,	-0.000924,	247.462,	0.545
74,	6.60016,	7.120485,	0.000653,	247.460,	0.550
75,	6.60016,	7.121837,	0.000282,	247.457,	0.555
76,	6.60016,	7.121686,	-0.000623,	247.457,	0.495
77,	6.60016,	7.121346,	0.000013,	247.455,	0.500
78,	6.60016,	7.122737,	-0.000300,	247.453,	0.500
79,	6.60016,	7.120160,	-0.000252,	247.451,	0.500
80,	6.60016,	7.119884,	-0.000300,	247.450,	0.555
81,	6.60016,	7.121288,	0.001506,	247.447,	0.495
82,	6.60016,	7.121408,	-0.001163,	247.445,	0.500
83,	6.60016,	7.120042,	-0.000209,	247.443,	0.505
84,	6.60016,	7.121296,	-0.000414,	247.442,	0.495
85,	6.60016,	7.119729,	-0.001127,	247.441,	0.550
86,	6.60016,	7.119898,	-0.000537,	247.437,	0.550
87,	6.60016,	7.119852,	0.000530,	247.437,	0.500
88,	6.60016,	7.119357,	-0.000735,	247.434,	0.500
89,	6.60016,	7.118204,	-0.000836,	247.431,	0.500
90,	6.60016,	7.120616,	0.000530,	247.431,	0.500
91,	6.60016,	7.119823,	0.000217,	247.430,	0.550
92,	6.60016,	7.117710,	-0.000254,	247.428,	0.500
93,	6.60016,	7.119618,	-0.000362,	247.424,	0.500
94,	6.60016,	7.117244,	0.000504,	247.422,	0.500
95,	6.60016,	7.120502,	0.001088,	247.421,	0.500
96,	6.60016,	7.117591,	0.000250,	247.421,	0.505
97,	6.60016,	7.118451,	0.000976,	247.418,	0.560
98,	6.60016,	7.118860,	-0.000282,	247.415,	0.500
99,	6.60016,	7.118699,	-0.000429,	247.414,	0.565
100,	6.60016,	7.117942,	-0.000349,	247.411,	0.500
