Smpl, Det, sig,    mon,    Ring,  sec
#lmd,   E,  HOYAX,  Y,  Smpl,  Det, AGC X, Y, Smpl, Det, ppsSmpl, ppsDet
#6.50014,	190.7409,	57.000,	22.000,	4.300,	30.000,	2.400,	4.000,	69.930,	139.651,100,100

69.869,	139.540,	-0.001996,	-0.000334,	272.625,	37.451
69.966,	139.734,	-0.002189,	0.001111,	272.623,	0.540
70.056,	139.914,	-0.001028,	0.002841,	272.619,	0.495
70.146,	140.090,	0.000384,	0.002693,	272.618,	0.495
70.236,	140.267,	-0.000466,	0.003561,	272.615,	0.490
70.322,	140.447,	-0.000591,	0.003063,	272.613,	0.500
70.420,	140.641,	-0.001198,	0.001911,	272.611,	0.535
70.510,	140.821,	-0.001532,	0.002025,	272.610,	0.505
70.600,	140.998,	-0.002520,	0.002298,	272.608,	0.490
70.690,	141.178,	-0.003510,	0.003197,	272.606,	0.500
70.776,	141.354,	-0.003273,	0.002563,	272.602,	0.485
70.873,	141.548,	-0.004998,	0.002884,	272.601,	0.545
70.974,	141.746,	-0.004523,	0.002014,	272.599,	0.545
71.071,	141.937,	-0.004152,	0.002333,	272.596,	0.540
71.161,	142.117,	-0.003162,	0.002132,	272.593,	0.500
71.248,	142.297,	-0.004073,	0.002925,	272.591,	0.490
71.338,	142.474,	-0.003516,	0.001990,	272.589,	0.495
71.428,	142.654,	-0.003599,	0.002208,	272.585,	0.500
71.525,	142.848,	-0.003849,	0.002111,	272.584,	0.540
71.615,	143.028,	-0.003670,	0.002706,	272.582,	0.500
71.705,	143.204,	-0.003105,	0.002516,	272.578,	0.490
71.791,	143.384,	-0.003828,	0.001641,	272.576,	0.500
71.881,	143.561,	-0.003533,	0.002148,	272.575,	0.490
71.978,	143.759,	-0.004169,	0.001445,	272.573,	0.550
72.076,	143.953,	-0.004045,	0.001833,	272.569,	0.540
72.166,	144.130,	-0.002771,	0.003104,	272.568,	0.485
72.256,	144.310,	-0.003042,	0.002701,	272.565,	0.500
72.342,	144.486,	-0.003134,	0.001738,	272.564,	0.490
72.432,	144.666,	-0.003644,	0.003154,	272.561,	0.500
72.529,	144.860,	-0.004087,	0.001355,	272.559,	0.540
72.619,	145.037,	-0.003905,	0.002260,	272.558,	0.490
72.709,	145.213,	-0.003792,	0.003472,	272.555,	0.495
72.796,	145.393,	-0.003828,	0.002940,	272.551,	0.500
72.886,	145.570,	-0.004076,	0.001872,	272.550,	0.490
72.983,	145.768,	-0.004310,	0.001148,	272.548,	0.550
73.073,	145.944,	-0.002647,	0.002583,	272.545,	0.490
73.163,	146.120,	-0.003464,	0.002759,	272.543,	0.490
73.253,	146.300,	-0.003123,	0.001900,	272.541,	0.500
73.339,	146.480,	-0.002740,	0.002061,	272.539,	0.495
73.436,	146.675,	-0.001500,	0.003024,	272.536,	0.545
73.526,	146.851,	-0.001404,	0.001596,	272.534,	0.485
73.616,	147.031,	-0.001921,	0.002087,	272.532,	0.505
73.703,	147.208,	-0.001210,	0.002662,	272.529,	0.485
73.793,	147.384,	-0.001112,	0.002199,	272.527,	0.500
73.883,	147.564,	-0.001159,	0.002486,	272.525,	0.490
73.980,	147.758,	-0.000495,	0.001587,	272.524,	0.545
74.070,	147.935,	-0.000402,	0.002428,	272.522,	0.495
74.156,	148.115,	0.000480,	0.002619,	272.517,	0.495
74.246,	148.291,	-0.000291,	0.001936,	272.516,	0.490
74.336,	148.471,	0.000394,	0.002656,	272.514,	0.500
74.434,	148.666,	-0.000164,	0.002201,	272.512,	0.540
74.524,	148.846,	-0.000301,	0.003003,	272.509,	0.500
74.610,	149.022,	-0.000215,	0.003375,	272.507,	0.490
74.700,	149.198,	-0.001264,	0.002346,	272.506,	0.490
74.790,	149.378,	-0.001005,	0.002247,	272.504,	0.500
74.887,	149.573,	-0.001100,	0.001346,	272.499,	0.535
74.977,	149.753,	0.000343,	0.001848,	272.497,	0.505
75.064,	149.929,	0.001245,	0.002744,	272.496,	0.490
75.154,	150.109,	0.001769,	0.002533,	272.493,	0.500
75.244,	150.286,	0.003657,	0.001807,	272.489,	0.485
75.341,	150.480,	0.004092,	0.001458,	272.488,	0.550
75.431,	150.656,	0.005898,	0.001307,	272.487,	0.490
75.517,	150.836,	0.007309,	0.002387,	272.483,	0.495
75.607,	151.013,	0.006967,	0.002003,	272.481,	0.495
75.697,	151.193,	0.008089,	0.001792,	272.479,	0.490
75.794,	151.387,	0.007659,	0.001779,	272.478,	0.545
75.884,	151.564,	0.010617,	0.002188,	272.473,	0.495
75.971,	151.744,	0.011548,	0.003625,	272.472,	0.495
76.061,	151.920,	0.013081,	0.002135,	272.470,	0.495
76.151,	152.100,	0.017885,	0.002742,	272.469,	0.495
76.241,	152.276,	0.011009,	0.001831,	272.468,	0.490
76.338,	152.474,	0.019949,	0.002792,	272.463,	0.550
76.424,	152.651,	0.021289,	0.002854,	272.461,	0.485
76.514,	152.827,	0.022173,	0.001857,	272.460,	0.500
76.604,	153.007,	0.021227,	0.002641,	272.456,	0.490
76.694,	153.184,	0.020132,	0.001327,	272.454,	0.500
76.792,	153.378,	0.019669,	0.001407,	272.452,	0.540
76.878,	153.554,	0.020790,	0.002596,	272.450,	0.485
76.968,	153.734,	0.022897,	0.003154,	272.447,	0.505
77.058,	153.911,	0.026820,	0.003518,	272.444,	0.485
77.144,	154.091,	0.030557,	0.002757,	272.442,	0.505
77.242,	154.285,	0.031805,	0.002464,	272.441,	0.535
77.332,	154.462,	0.032389,	0.002441,	272.437,	0.495
77.422,	154.642,	0.032438,	0.002548,	272.435,	0.495
77.512,	154.818,	0.034312,	0.001652,	272.434,	0.490
77.598,	154.998,	0.036213,	0.003054,	272.433,	0.500
77.695,	155.192,	0.036491,	0.001493,	272.429,	0.540
77.785,	155.369,	0.037994,	0.001167,	272.426,	0.495
77.875,	155.549,	0.042368,	0.002074,	272.424,	0.490
77.965,	155.725,	0.048275,	0.001503,	272.424,	0.500
78.052,	155.905,	0.053419,	0.003261,	272.420,	0.495
78.149,	156.100,	0.065227,	0.001424,	272.419,	0.545
78.239,	156.276,	0.072068,	0.002003,	272.416,	0.490
78.329,	156.456,	0.069021,	0.002813,	272.413,	0.500
78.415,	156.632,	0.072279,	0.002850,	272.411,	0.485
78.505,	156.812,	0.077975,	0.002423,	272.409,	0.505
78.602,	157.007,	0.075690,	0.002598,	272.408,	0.535
78.692,	157.183,	0.076713,	0.003522,	272.404,	0.495
78.782,	157.363,	0.080767,	0.001982,	272.402,	0.495
78.872,	157.540,	0.085562,	0.002070,	272.400,	0.495
78.959,	157.720,	0.090507,	0.002992,	272.399,	0.495
79.056,	157.914,	0.101512,	0.001900,	272.395,	0.535
79.146,	158.090,	0.115998,	0.002955,	272.392,	0.500
79.236,	158.270,	0.117729,	0.002053,	272.391,	0.490
79.326,	158.447,	0.113177,	0.002574,	272.389,	0.500
79.412,	158.623,	0.113675,	0.002813,	272.387,	0.490
79.510,	158.821,	0.102468,	0.002171,	272.384,	0.545
79.600,	158.998,	0.096240,	0.002173,	272.382,	0.495
79.690,	159.178,	0.092477,	0.002081,	272.380,	0.500
79.780,	159.354,	0.087708,	0.001835,	272.376,	0.490
79.866,	159.530,	0.086283,	0.002973,	272.374,	0.490
79.963,	159.728,	0.087647,	0.002880,	272.373,	0.550
80.053,	159.905,	0.098516,	0.001475,	272.371,	0.490
80.143,	160.085,	0.104202,	0.002051,	272.368,	0.495
80.233,	160.261,	0.108346,	0.002279,	272.365,	0.495
80.320,	160.441,	0.100951,	0.001812,	272.364,	0.495
80.417,	160.636,	0.089365,	0.001299,	272.361,	0.535
80.507,	160.812,	0.079625,	0.002234,	272.358,	0.500
80.597,	160.992,	0.073876,	0.002703,	272.357,	0.490
80.687,	161.172,	0.071654,	0.002055,	272.353,	0.500
80.773,	161.348,	0.069085,	0.001275,	272.353,	0.495
80.870,	161.543,	0.067067,	0.002596,	272.349,	0.540
80.960,	161.719,	0.068939,	0.001820,	272.347,	0.495
81.050,	161.899,	0.071420,	0.002781,	272.345,	0.495
81.140,	162.076,	0.073152,	0.001784,	272.342,	0.495
81.227,	162.256,	0.071365,	0.002044,	272.339,	0.500
81.317,	162.432,	0.066832,	0.001012,	272.338,	0.490
81.414,	162.626,	0.056159,	0.001469,	272.336,	0.540
81.504,	162.806,	0.054454,	0.002945,	272.332,	0.495
81.594,	162.983,	0.048984,	0.003522,	272.330,	0.495
81.680,	163.163,	0.035685,	0.002708,	272.329,	0.495
81.770,	163.339,	0.033195,	0.003535,	272.326,	0.495
81.868,	163.537,	0.027585,	0.002130,	272.323,	0.540
81.958,	163.714,	0.025804,	0.002117,	272.321,	0.490
82.048,	163.890,	0.022997,	0.003229,	272.319,	0.500
82.134,	164.066,	0.023400,	0.002740,	272.317,	0.490
82.224,	164.246,	0.020198,	0.002378,	272.314,	0.500
82.314,	164.423,	0.020070,	0.001669,	272.312,	0.490
82.411,	164.617,	0.016446,	0.002555,	272.310,	0.540
82.498,	164.797,	0.012778,	0.002266,	272.309,	0.495
82.588,	164.974,	0.009446,	0.002914,	272.305,	0.490
82.678,	165.150,	0.006202,	0.002820,	272.302,	0.495
82.764,	165.330,	0.003668,	0.003246,	272.302,	0.495
82.865,	165.524,	0.002133,	0.001702,	272.299,	0.545
82.951,	165.704,	0.002895,	0.002544,	272.296,	0.495
83.041,	165.881,	0.002583,	0.002173,	272.294,	0.495
83.131,	166.061,	0.002468,	0.002010,	272.293,	0.495
83.221,	166.237,	-0.004731,	0.002023,	272.291,	0.495
83.318,	166.432,	-0.006109,	0.003126,	272.287,	0.540
83.405,	166.612,	-0.006126,	0.002473,	272.285,	0.495
83.495,	166.788,	-0.006372,	0.001193,	272.282,	0.495
83.585,	166.968,	-0.004861,	0.002311,	272.281,	0.495
83.675,	167.144,	-0.005607,	0.002550,	272.278,	0.495
83.772,	167.339,	-0.006409,	0.001956,	272.277,	0.535
83.858,	167.519,	-0.006542,	0.001984,	272.274,	0.500
83.948,	167.695,	-0.005998,	0.003360,	272.271,	0.495
84.038,	167.875,	-0.006744,	0.002234,	272.270,	0.495
84.128,	168.052,	-0.005965,	0.002796,	272.268,	0.495
84.215,	168.232,	-0.007220,	0.001596,	272.266,	0.495
84.316,	168.426,	-0.006625,	0.000573,	272.262,	0.545
84.402,	168.606,	-0.006349,	0.002557,	272.261,	0.495
84.492,	168.786,	-0.006296,	0.001861,	272.259,	0.500
84.582,	168.962,	-0.005661,	0.002848,	272.256,	0.490
84.672,	169.142,	-0.005640,	0.001960,	272.253,	0.500
84.769,	169.333,	-0.006222,	0.001723,	272.252,	0.535
84.856,	169.513,	-0.003409,	0.002249,	272.249,	0.495
84.946,	169.690,	-0.003583,	0.001379,	272.247,	0.495
85.036,	169.866,	-0.001978,	0.002835,	272.244,	0.490
85.126,	170.046,	-0.000627,	0.002460,	272.242,	0.500
85.223,	170.240,	-0.002691,	0.002604,	272.240,	0.540
85.320,	170.435,	-0.001467,	0.001641,	272.237,	0.540
85.406,	170.615,	-0.005729,	0.002296,	272.235,	0.495
85.496,	170.791,	-0.005460,	0.002275,	272.234,	0.490
85.586,	170.968,	-0.006456,	0.002818,	272.231,	0.495
85.673,	171.148,	-0.005945,	0.002447,	272.230,	0.495
85.774,	171.342,	-0.007354,	0.001182,	272.226,	0.545
85.860,	171.522,	-0.007249,	0.002802,	272.224,	0.495
85.950,	171.698,	-0.006425,	0.002876,	272.222,	0.495
86.040,	171.878,	-0.006212,	0.002173,	272.219,	0.495
86.130,	172.055,	-0.006787,	0.002721,	272.217,	0.500
86.227,	172.249,	-0.007346,	0.002372,	272.215,	0.535
86.314,	172.429,	-0.007638,	0.002242,	272.213,	0.495
86.404,	172.606,	-0.006924,	0.001846,	272.210,	0.495
86.494,	172.782,	-0.006129,	0.002708,	272.208,	0.490
86.580,	172.962,	-0.006519,	0.001906,	272.206,	0.495
86.681,	173.156,	-0.006855,	0.002555,	272.205,	0.540
86.767,	173.336,	-0.007053,	0.002208,	272.202,	0.500
86.857,	173.513,	-0.005829,	0.002525,	272.200,	0.490
86.947,	173.689,	-0.006724,	0.002479,	272.198,	0.500
87.034,	173.869,	-0.007060,	0.002025,	272.195,	0.490
87.134,	174.064,	-0.006555,	0.001193,	272.193,	0.545
87.221,	174.240,	-0.006081,	0.002794,	272.190,	0.490
87.311,	174.424,	-0.005907,	0.002652,	272.189,	0.505
87.401,	174.596,	-0.005524,	0.001949,	272.185,	0.485
87.487,	174.776,	-0.006252,	0.002617,	272.184,	0.500
87.588,	174.971,	-0.005487,	0.001814,	272.181,	0.540
87.674,	175.147,	-0.005353,	0.001359,	272.180,	0.490
87.764,	175.327,	-0.003570,	0.002716,	272.177,	0.500
87.854,	175.507,	-0.005654,	0.001730,	272.175,	0.495
87.941,	175.684,	-0.004656,	0.002652,	272.174,	0.495
88.042,	175.878,	-0.006843,	0.001325,	272.171,	0.535
88.128,	176.058,	-0.006076,	0.002953,	272.167,	0.500
88.218,	176.234,	-0.006295,	0.001908,	272.166,	0.495
88.308,	176.411,	-0.005582,	0.002339,	272.164,	0.490
88.394,	176.591,	-0.005430,	0.002421,	272.163,	0.500
88.492,	176.785,	-0.003224,	0.001400,	272.159,	0.540
88.582,	176.962,	-0.003998,	0.001370,	272.156,	0.490
88.672,	177.142,	-0.004449,	0.002540,	272.155,	0.500
88.762,	177.318,	-0.004697,	0.001643,	272.153,	0.490
88.848,	177.498,	-0.004569,	0.002796,	272.149,	0.500
88.949,	177.692,	-0.004944,	0.002649,	272.148,	0.540
89.035,	177.872,	-0.003970,	0.001180,	272.146,	0.500
89.125,	178.049,	-0.003989,	0.002574,	272.144,	0.490
89.215,	178.225,	-0.005557,	0.002658,	272.140,	0.490
89.302,	178.405,	-0.004572,	0.003190,	272.139,	0.500
89.399,	178.600,	-0.005724,	0.002292,	272.137,	0.535
89.489,	178.776,	-0.006760,	0.002154,	272.133,	0.500
89.579,	178.956,	-0.006407,	0.001669,	272.131,	0.490
89.669,	179.132,	-0.006068,	0.001732,	272.130,	0.500
89.755,	179.312,	-0.006999,	0.002514,	272.128,	0.490
89.856,	179.507,	-0.007395,	0.002042,	272.124,	0.550
89.942,	179.683,	-0.007979,	0.002281,	272.122,	0.490
