Smpl, Det, sig,    mon,    Ring,  sec
#lmd,   E,  HOYAX,  Y,  Smpl,  Det, AGC X, Y, Smpl, Det, ppsSmpl, ppsDet
#6.55015,	189.2846,	57.000,	22.000,	4.300,	30.000,	2.400,	4.000,	69.930,	139.651,100,100

69.872,	139.540,	-0.003188,	-0.000388,	270.672,	37.460
69.970,	139.734,	-0.002730,	0.001699,	270.670,	0.540
70.056,	139.914,	-0.002252,	0.002501,	270.667,	0.500
70.146,	140.090,	-0.001654,	0.002919,	270.665,	0.485
70.236,	140.270,	-0.001935,	0.002813,	270.664,	0.500
70.322,	140.447,	-0.002045,	0.002139,	270.662,	0.490
70.420,	140.641,	-0.003355,	0.000773,	270.659,	0.540
70.510,	140.821,	-0.003553,	0.002070,	270.657,	0.500
70.600,	140.998,	-0.003849,	0.003199,	270.654,	0.490
70.690,	141.174,	-0.004474,	0.000956,	270.654,	0.495
70.776,	141.354,	-0.003973,	0.002264,	270.650,	0.495
70.866,	141.530,	-0.004643,	0.002527,	270.648,	0.495
70.963,	141.728,	-0.005653,	0.001954,	270.647,	0.545
71.053,	141.905,	-0.004426,	0.001982,	270.645,	0.495
71.143,	142.081,	-0.004581,	0.003216,	270.642,	0.490
71.230,	142.261,	-0.004467,	0.002197,	270.640,	0.500
71.320,	142.438,	-0.004354,	0.002285,	270.638,	0.490
71.417,	142.636,	-0.004575,	0.001868,	270.636,	0.545
71.507,	142.812,	-0.004330,	0.002615,	270.632,	0.495
71.597,	142.988,	-0.004022,	0.003300,	270.631,	0.490
71.683,	143.168,	-0.003274,	0.002675,	270.628,	0.495
71.773,	143.345,	-0.003560,	0.002574,	270.627,	0.495
71.870,	143.539,	-0.003992,	0.002378,	270.624,	0.540
71.960,	143.719,	-0.003713,	0.002210,	270.622,	0.495
72.050,	143.896,	-0.004279,	0.002658,	270.621,	0.500
72.137,	144.076,	-0.004441,	0.002413,	270.617,	0.490
72.227,	144.252,	-0.004533,	0.001738,	270.615,	0.495
72.324,	144.446,	-0.005634,	0.001706,	270.613,	0.545
72.414,	144.626,	-0.004659,	0.002897,	270.612,	0.500
72.504,	144.803,	-0.004528,	0.003145,	270.609,	0.485
72.590,	144.983,	-0.004915,	0.003210,	270.607,	0.500
72.680,	145.159,	-0.005255,	0.002488,	270.606,	0.490
72.778,	145.357,	-0.005408,	0.002585,	270.603,	0.550
72.868,	145.534,	-0.004937,	0.001055,	270.598,	0.490
72.958,	145.710,	-0.004038,	0.002634,	270.598,	0.495
73.044,	145.890,	-0.005140,	0.003559,	270.595,	0.495
73.134,	146.066,	-0.003730,	0.002647,	270.594,	0.490
73.231,	146.264,	-0.004845,	0.002283,	270.590,	0.545
73.321,	146.441,	-0.002914,	0.002895,	270.588,	0.490
73.411,	146.617,	-0.003730,	0.002221,	270.586,	0.495
73.498,	146.797,	-0.003522,	0.001710,	270.584,	0.495
73.588,	146.974,	-0.003611,	0.002296,	270.580,	0.500
73.685,	147.168,	-0.005021,	0.001139,	270.579,	0.540
73.775,	147.344,	-0.003877,	0.002227,	270.578,	0.485
73.861,	147.524,	-0.004412,	0.002762,	270.576,	0.500
73.951,	147.701,	-0.003881,	0.002061,	270.572,	0.490
74.041,	147.881,	-0.004273,	0.003509,	270.570,	0.500
74.138,	148.072,	-0.005093,	0.003158,	270.569,	0.535
74.225,	148.252,	-0.004308,	0.001893,	270.565,	0.490
74.315,	148.428,	-0.004223,	0.001417,	270.563,	0.495
74.405,	148.608,	-0.004916,	0.001626,	270.562,	0.495
74.495,	148.784,	-0.004821,	0.002165,	270.559,	0.495
74.588,	148.979,	-0.005274,	0.002186,	270.557,	0.540
74.678,	149.155,	-0.005156,	0.002781,	270.554,	0.490
74.768,	149.335,	-0.005019,	0.002822,	270.552,	0.500
74.858,	149.512,	-0.003984,	0.002081,	270.550,	0.490
74.945,	149.692,	-0.003970,	0.002195,	270.549,	0.500
75.042,	149.882,	-0.003912,	0.002363,	270.546,	0.535
75.132,	150.062,	-0.002590,	0.001482,	270.543,	0.490
75.222,	150.242,	-0.001786,	0.002902,	270.542,	0.500
75.308,	150.415,	-0.002165,	0.002751,	270.538,	0.490
75.398,	150.595,	-0.006620,	0.002656,	270.537,	0.495
75.496,	150.790,	-0.002604,	0.001863,	270.534,	0.545
75.586,	150.970,	-0.001513,	0.001637,	270.532,	0.500
75.676,	151.146,	-0.000862,	0.002497,	270.530,	0.485
75.762,	151.326,	-0.001581,	0.002051,	270.528,	0.505
75.852,	151.502,	-0.001383,	0.002723,	270.525,	0.490
75.949,	151.697,	-0.001563,	0.002132,	270.524,	0.540
76.039,	151.877,	-0.001984,	0.003098,	270.520,	0.495
76.129,	152.053,	-0.001297,	0.002634,	270.519,	0.495
76.216,	152.233,	-0.000904,	0.002367,	270.518,	0.495
76.306,	152.410,	-0.000751,	0.002910,	270.516,	0.490
76.403,	152.604,	-0.002263,	0.001773,	270.513,	0.540
76.493,	152.784,	-0.001312,	0.002018,	270.510,	0.500
76.583,	152.960,	-0.002014,	0.002585,	270.509,	0.495
76.669,	153.137,	-0.002244,	0.001801,	270.506,	0.490
76.759,	153.317,	-0.002940,	0.002938,	270.503,	0.500
76.856,	153.511,	-0.002054,	0.002746,	270.502,	0.535
76.946,	153.691,	-0.000821,	0.002794,	270.500,	0.500
77.036,	153.868,	-0.000123,	0.001764,	270.496,	0.495
77.123,	154.048,	0.000438,	0.002559,	270.495,	0.495
77.213,	154.224,	0.002582,	0.003294,	270.492,	0.490
77.310,	154.418,	0.003267,	0.002212,	270.491,	0.545
77.400,	154.598,	0.004005,	0.001344,	270.488,	0.495
77.490,	154.775,	0.003986,	0.001868,	270.485,	0.495
77.576,	154.955,	0.004602,	0.001566,	270.484,	0.495
77.666,	155.131,	0.005081,	0.002262,	270.481,	0.495
77.764,	155.326,	0.005771,	0.000364,	270.478,	0.540
77.854,	155.506,	0.006658,	0.002826,	270.476,	0.495
77.944,	155.686,	0.009108,	0.002469,	270.475,	0.495
78.030,	155.862,	0.009139,	0.001984,	270.473,	0.495
78.120,	156.038,	0.010803,	0.002083,	270.471,	0.495
78.217,	156.233,	0.011976,	0.001226,	270.467,	0.535
78.307,	156.413,	0.013959,	0.003089,	270.466,	0.500
78.397,	156.589,	0.013537,	0.003485,	270.463,	0.495
78.484,	156.769,	0.012850,	0.002298,	270.460,	0.500
78.574,	156.946,	0.011414,	0.002796,	270.459,	0.490
78.671,	157.140,	0.010508,	0.001868,	270.457,	0.540
78.761,	157.320,	0.011267,	0.003173,	270.455,	0.495
78.851,	157.496,	0.011802,	0.003358,	270.452,	0.495
78.937,	157.676,	0.012275,	0.001947,	270.451,	0.495
79.027,	157.853,	0.013860,	0.002210,	270.448,	0.495
79.124,	158.047,	0.015290,	0.001732,	270.447,	0.540
79.214,	158.227,	0.017600,	0.001960,	270.443,	0.490
79.304,	158.404,	0.017492,	0.003177,	270.441,	0.500
79.391,	158.584,	0.016695,	0.003110,	270.441,	0.490
79.481,	158.760,	0.017226,	0.003505,	270.438,	0.500
79.578,	158.954,	0.014197,	0.002352,	270.434,	0.540
79.668,	159.134,	0.014842,	0.001723,	270.433,	0.495
79.758,	159.311,	0.015719,	0.001254,	270.430,	0.495
79.844,	159.491,	0.018645,	0.002874,	270.428,	0.495
79.934,	159.667,	0.018914,	0.002223,	270.426,	0.490
80.024,	159.844,	0.023080,	0.002008,	270.425,	0.495
80.122,	160.042,	0.026579,	0.000948,	270.421,	0.545
80.212,	160.218,	0.033569,	0.002229,	270.418,	0.495
80.298,	160.398,	0.036858,	0.001275,	270.416,	0.495
80.388,	160.574,	0.035536,	0.001682,	270.414,	0.495
80.478,	160.754,	0.035468,	0.001911,	270.412,	0.495
80.575,	160.949,	0.036304,	0.001945,	270.409,	0.535
80.665,	161.129,	0.039786,	0.002721,	270.408,	0.500
80.752,	161.305,	0.045824,	0.003462,	270.405,	0.490
80.842,	161.482,	0.049860,	0.002596,	270.403,	0.500
80.932,	161.658,	0.053085,	0.002423,	270.399,	0.490
81.029,	161.856,	0.062925,	0.001342,	270.398,	0.545
81.119,	162.032,	0.072826,	0.002466,	270.396,	0.495
81.205,	162.212,	0.085789,	0.003011,	270.394,	0.500
81.295,	162.389,	0.089562,	0.002593,	270.391,	0.490
81.385,	162.569,	0.086514,	0.002537,	270.389,	0.495
81.482,	162.763,	0.088508,	0.002602,	270.388,	0.540
81.569,	162.940,	0.089476,	0.002557,	270.383,	0.490
81.659,	163.120,	0.077967,	0.001559,	270.382,	0.500
81.749,	163.296,	0.077068,	0.002277,	270.380,	0.490
81.839,	163.472,	0.076532,	0.002680,	270.378,	0.495
81.936,	163.670,	0.077498,	0.001047,	270.377,	0.545
82.026,	163.847,	0.088311,	0.001383,	270.373,	0.495
82.112,	164.023,	0.096133,	0.001682,	270.372,	0.490
82.202,	164.203,	0.103224,	0.001575,	270.369,	0.500
82.292,	164.380,	0.111222,	0.003561,	270.368,	0.490
82.390,	164.574,	0.112505,	0.002331,	270.366,	0.540
82.476,	164.754,	0.105389,	0.002531,	270.364,	0.495
82.566,	164.930,	0.086945,	0.001911,	270.362,	0.490
82.656,	165.107,	0.080401,	0.001969,	270.358,	0.495
82.742,	165.287,	0.078580,	0.002167,	270.356,	0.495
82.840,	165.481,	0.082328,	0.001796,	270.354,	0.540
82.930,	165.658,	0.093218,	0.001538,	270.352,	0.495
83.020,	165.838,	0.096762,	0.002535,	270.348,	0.495
83.110,	166.014,	0.111802,	0.002199,	270.346,	0.495
83.196,	166.190,	0.045917,	0.003453,	270.344,	0.490
83.293,	166.388,	0.019559,	0.001906,	270.344,	0.550
83.383,	166.565,	0.019162,	0.001594,	270.339,	0.490
83.473,	166.745,	0.018218,	0.002942,	270.338,	0.495
83.560,	166.921,	0.016934,	0.002673,	270.336,	0.490
83.650,	167.098,	0.014220,	0.002645,	270.335,	0.495
83.747,	167.292,	-0.006689,	0.002333,	270.331,	0.540
83.837,	167.472,	-0.006559,	0.001717,	270.330,	0.495
83.927,	167.648,	-0.006622,	0.001760,	270.327,	0.495
84.013,	167.825,	-0.006646,	0.002598,	270.326,	0.490
84.103,	168.005,	-0.003182,	0.000780,	270.323,	0.500
84.200,	168.199,	-0.007498,	0.002460,	270.321,	0.540
84.290,	168.379,	-0.007484,	0.003746,	270.319,	0.495
84.380,	168.556,	-0.007802,	0.002378,	270.315,	0.495
84.467,	168.736,	-0.007005,	0.003061,	270.314,	0.495
84.557,	168.912,	0.011304,	0.002736,	270.312,	0.495
84.654,	169.106,	0.015750,	0.002273,	270.310,	0.535
84.744,	169.286,	0.015953,	0.002167,	270.306,	0.500
84.830,	169.463,	0.045220,	0.002805,	270.305,	0.490
84.920,	169.643,	0.066436,	0.002036,	270.303,	0.500
85.010,	169.819,	0.066203,	0.001952,	270.302,	0.490
85.108,	170.014,	0.070358,	0.001592,	270.298,	0.545
85.198,	170.190,	0.073557,	0.001986,	270.296,	0.490
85.284,	170.370,	0.069988,	0.003518,	270.294,	0.500
85.374,	170.546,	-0.004685,	0.003451,	270.293,	0.490
85.464,	170.726,	-0.006592,	0.002621,	270.291,	0.500
85.561,	170.921,	-0.006752,	0.002419,	270.287,	0.540
85.651,	171.097,	-0.005951,	0.002048,	270.284,	0.490
85.741,	171.277,	-0.005836,	0.003419,	270.283,	0.500
85.828,	171.457,	-0.006540,	0.002893,	270.280,	0.495
85.918,	171.634,	-0.006484,	0.002423,	270.279,	0.495
86.015,	171.828,	-0.006214,	0.000728,	270.277,	0.540
86.105,	172.008,	-0.006337,	0.002281,	270.274,	0.495
86.191,	172.184,	-0.006109,	0.002387,	270.270,	0.490
86.281,	172.361,	-0.006299,	0.001960,	270.269,	0.495
86.371,	172.541,	-0.006446,	0.002171,	270.267,	0.495
86.468,	172.735,	-0.007505,	0.002466,	270.266,	0.545
86.566,	172.930,	-0.006310,	0.001510,	270.262,	0.540
86.656,	173.106,	-0.006199,	0.001142,	270.259,	0.490
86.746,	173.286,	-0.005897,	0.002456,	270.258,	0.500
86.832,	173.466,	-0.006172,	0.001598,	270.254,	0.495
86.922,	173.642,	-0.007036,	0.002716,	270.253,	0.495
87.019,	173.837,	-0.007056,	0.002247,	270.251,	0.535
87.109,	174.017,	-0.006474,	0.003001,	270.249,	0.505
87.196,	174.193,	-0.006610,	0.001348,	270.246,	0.490
87.286,	174.373,	-0.005485,	0.002936,	270.243,	0.500
87.376,	174.550,	-0.006513,	0.001424,	270.242,	0.485
87.473,	174.744,	-0.006344,	0.002880,	270.240,	0.545
87.563,	174.924,	-0.004884,	0.001620,	270.237,	0.495
87.653,	175.100,	-0.004176,	0.002983,	270.235,	0.495
87.739,	175.280,	-0.002244,	0.001762,	270.233,	0.495
87.829,	175.457,	-0.006165,	0.002755,	270.232,	0.490
87.926,	175.651,	-0.006178,	0.002637,	270.228,	0.550
88.016,	175.828,	-0.005705,	0.002225,	270.226,	0.490
88.103,	176.008,	-0.006879,	0.002740,	270.225,	0.495
88.193,	176.188,	-0.006111,	0.002809,	270.221,	0.500
88.283,	176.364,	-0.005829,	0.002458,	270.220,	0.490
88.373,	176.540,	-0.005458,	0.003199,	270.219,	0.495
88.470,	176.738,	-0.004415,	0.002160,	270.216,	0.545
88.556,	176.915,	-0.004781,	0.002555,	270.211,	0.485
88.646,	177.091,	-0.004360,	0.002802,	270.209,	0.495
88.736,	177.271,	-0.004537,	0.003388,	270.209,	0.495
88.826,	177.448,	-0.004704,	0.002768,	270.207,	0.495
88.924,	177.646,	-0.005384,	0.002382,	270.203,	0.545
89.010,	177.822,	-0.003784,	0.002212,	270.201,	0.495
89.100,	178.002,	-0.005622,	0.001594,	270.199,	0.495
89.190,	178.178,	-0.005279,	0.001241,	270.197,	0.490
89.280,	178.355,	-0.005338,	0.002051,	270.196,	0.500
89.377,	178.549,	-0.005702,	0.001626,	270.191,	0.540
89.467,	178.729,	-0.005861,	0.001684,	270.190,	0.500
89.554,	178.906,	-0.007110,	0.002516,	270.188,	0.485
89.644,	179.086,	-0.006624,	0.002225,	270.185,	0.500
89.734,	179.262,	-0.006672,	0.003167,	270.183,	0.490
89.831,	179.460,	-0.007400,	0.003026,	270.182,	0.550
89.917,	179.636,	-0.006953,	0.001749,	270.180,	0.490
