Num, Lmd, sig,    mon,    Ring,  sec
#lmd,   E,  HOYAX,  Y,  Smpl,  Det, AGC X, Y, Smpl, Det
#6.65010,	186.4397,	57.000,	22.000,	4.300,	30.000,	27.600,	4.500,	69.930,	29.999

1,	6.65010,	-0.005613,	-0.003662,	279.248,	70.521
2,	6.65010,	-0.006422,	0.001008,	279.246,	0.555
3,	6.65010,	-0.006261,	-0.000569,	279.243,	0.500
4,	6.65010,	-0.007088,	-0.000823,	279.241,	0.500
5,	6.65010,	-0.006347,	0.000077,	279.238,	0.500
6,	6.65010,	-0.007304,	-0.000834,	279.237,	0.500
7,	6.65010,	-0.006481,	0.000696,	279.233,	0.545
8,	6.65010,	-0.005865,	-0.001435,	279.232,	0.505
9,	6.65010,	-0.006024,	-0.000308,	279.230,	0.495
10,	6.65010,	-0.006405,	0.000017,	279.228,	0.500
11,	6.65010,	-0.007322,	-0.000784,	279.224,	0.505
12,	6.65010,	-0.005772,	0.000696,	279.223,	0.550
13,	6.65010,	-0.006948,	-0.001194,	279.221,	0.500
14,	6.65010,	-0.006999,	-0.001624,	279.216,	0.495
15,	6.65010,	-0.006400,	-0.000493,	279.214,	0.505
16,	6.65010,	-0.006561,	-0.000282,	279.212,	0.500
17,	6.65010,	-0.007024,	-0.000976,	279.210,	0.545
18,	6.65010,	-0.006572,	-0.001095,	279.207,	0.555
19,	6.65010,	-0.007120,	-0.000246,	279.206,	0.550
20,	6.65010,	-0.005997,	0.000536,	279.202,	0.495
21,	6.65010,	-0.006690,	0.000709,	279.199,	0.500
22,	6.65010,	-0.007215,	-0.001015,	279.197,	0.505
23,	6.65010,	-0.006691,	-0.000119,	279.195,	0.500
24,	6.65010,	-0.007367,	-0.000282,	279.193,	0.550
25,	6.65010,	-0.007555,	0.000711,	279.190,	0.500
26,	6.65010,	-0.006216,	-0.001125,	279.187,	0.500
27,	6.65010,	-0.006740,	-0.000718,	279.186,	0.500
28,	6.65010,	-0.006423,	0.000019,	279.180,	0.500
29,	6.65010,	-0.006276,	0.000071,	279.179,	0.500
30,	6.65010,	-0.007263,	-0.000345,	279.177,	0.550
31,	6.65010,	-0.006996,	0.000004,	279.176,	0.500
32,	6.65010,	-0.006547,	0.000907,	279.172,	0.500
33,	6.65010,	-0.006898,	-0.001568,	279.170,	0.500
34,	6.65010,	-0.006349,	-0.000985,	279.168,	0.500
35,	6.65010,	-0.006682,	-0.000636,	279.167,	0.500
36,	6.65010,	-0.006358,	0.000174,	279.163,	0.550
37,	6.65010,	-0.005861,	0.000232,	279.160,	0.550
38,	6.65010,	-0.006915,	-0.001467,	279.159,	0.505
39,	6.65010,	-0.006799,	-0.000481,	279.154,	0.500
40,	6.65010,	-0.006594,	0.000997,	279.153,	0.500
41,	6.65010,	-0.007413,	0.000008,	279.151,	0.500
42,	6.65010,	-0.006749,	0.000780,	279.150,	0.550
43,	6.65010,	-0.006995,	-0.001448,	279.145,	0.505
44,	6.65010,	-0.006881,	0.000407,	279.144,	0.495
45,	6.65010,	-0.007124,	0.000401,	279.142,	0.505
46,	6.65010,	-0.007061,	0.000521,	279.140,	0.500
47,	6.65010,	-0.007170,	-0.000687,	279.138,	0.550
48,	6.65010,	-0.006544,	0.000907,	279.134,	0.500
49,	6.65010,	-0.006651,	-0.000144,	279.132,	0.495
50,	6.65010,	-0.006864,	-0.000685,	279.129,	0.505
51,	6.65010,	-0.006336,	0.001249,	279.127,	0.495
52,	6.65010,	-0.006158,	-0.000659,	279.125,	0.550
53,	6.65010,	-0.006729,	-0.000345,	279.122,	0.505
54,	6.65010,	-0.006995,	-0.000037,	279.119,	0.500
55,	6.65010,	-0.007093,	-0.000735,	279.116,	0.500
56,	6.65010,	-0.006916,	-0.000461,	279.115,	0.500
57,	6.65010,	-0.007039,	-0.000313,	279.111,	0.550
58,	6.65010,	-0.007404,	-0.001125,	279.110,	0.550
59,	6.65010,	-0.005993,	0.000523,	279.108,	0.550
60,	6.65010,	-0.005991,	-0.000685,	279.104,	0.550
61,	6.65010,	-0.006634,	0.000288,	279.102,	0.500
62,	6.65010,	-0.006538,	-0.000420,	279.100,	0.500
63,	6.65010,	-0.005269,	0.000131,	279.097,	0.495
64,	6.65010,	-0.006487,	-0.000935,	279.094,	0.505
65,	6.65010,	-0.006611,	-0.000782,	279.092,	0.550
66,	6.65010,	-0.006597,	0.000435,	279.090,	0.495
67,	6.65010,	-0.006161,	-0.000254,	279.086,	0.500
68,	6.65010,	-0.005890,	-0.000487,	279.085,	0.500
69,	6.65010,	-0.007071,	0.000312,	279.083,	0.500
70,	6.65010,	-0.006582,	0.000506,	279.082,	0.505
71,	6.65010,	-0.006382,	-0.000987,	279.077,	0.550
72,	6.65010,	-0.006230,	0.000097,	279.075,	0.500
73,	6.65010,	-0.006171,	0.001064,	279.074,	0.495
74,	6.65010,	-0.006790,	-0.002238,	279.070,	0.505
75,	6.65010,	-0.007175,	-0.000351,	279.067,	0.500
76,	6.65010,	-0.007674,	-0.000280,	279.066,	0.500
77,	6.65010,	-0.007040,	0.000327,	279.063,	0.545
78,	6.65010,	-0.006503,	-0.000282,	279.059,	0.505
79,	6.65010,	-0.007239,	-0.000168,	279.058,	0.500
80,	6.65010,	-0.006988,	-0.000939,	279.057,	0.500
81,	6.65010,	-0.006307,	0.000183,	279.054,	0.500
82,	6.65010,	-0.006431,	-0.000403,	279.052,	0.550
83,	6.65010,	-0.007551,	-0.000642,	279.050,	0.550
84,	6.65010,	-0.006456,	0.000024,	279.047,	0.500
85,	6.65010,	-0.007256,	-0.000091,	279.043,	0.500
86,	6.65010,	-0.005942,	-0.000577,	279.042,	0.500
87,	6.65010,	-0.006602,	0.001105,	279.039,	0.495
88,	6.65010,	-0.007326,	0.000327,	279.037,	0.555
89,	6.65010,	-0.006521,	0.001641,	279.034,	0.495
90,	6.65010,	-0.006588,	-0.000147,	279.032,	0.500
91,	6.65010,	-0.006667,	-0.000855,	279.029,	0.505
92,	6.65010,	-0.006829,	0.000528,	279.027,	0.500
93,	6.65010,	-0.006500,	0.000062,	279.024,	0.500
94,	6.65010,	-0.006354,	0.000853,	279.022,	0.550
95,	6.65010,	-0.006421,	0.001101,	279.021,	0.495
96,	6.65010,	-0.006659,	0.001077,	279.016,	0.505
97,	6.65010,	-0.006300,	-0.000394,	279.014,	0.500
98,	6.65010,	-0.007518,	-0.000789,	279.012,	0.500
99,	6.65010,	-0.007380,	0.000482,	279.010,	0.550
100,	6.65010,	-0.006712,	-0.000739,	279.006,	0.500
