Num, Lmd, sig,    mon,    Ring,  sec
#lmd,   E,  HOYAX,  Y,  Smpl,  Det, AGC X, Y, Smpl, Det
#6.65014,	186.4385,	57.000,	22.000,	4.300,	30.000,	0.000,	-76.000,	-0.068,	-0.346

1,	6.65014,	7.496043,	-0.003921,	267.730,	120.820
2,	6.65014,	7.495411,	0.000793,	267.727,	0.550
3,	6.65014,	7.495610,	0.001032,	267.724,	0.500
4,	6.65014,	7.495841,	0.001086,	267.723,	0.500
5,	6.65014,	7.496821,	-0.000080,	267.720,	0.500
6,	6.65014,	7.496857,	0.000528,	267.718,	0.500
7,	6.65014,	7.494974,	0.000939,	267.716,	0.550
8,	6.65014,	7.495759,	0.000179,	267.712,	0.555
9,	6.65014,	7.495317,	0.000321,	267.711,	0.500
10,	6.65014,	7.496861,	0.000293,	267.710,	0.495
11,	6.65014,	7.497340,	-0.000155,	267.708,	0.500
12,	6.65014,	7.496907,	0.000980,	267.705,	0.500
13,	6.65014,	7.496516,	0.000021,	267.703,	0.550
14,	6.65014,	7.495396,	-0.000308,	267.700,	0.555
15,	6.65014,	7.497226,	0.000435,	267.697,	0.550
16,	6.65014,	7.496329,	-0.000496,	267.696,	0.500
17,	6.65014,	7.493483,	0.000368,	267.695,	0.495
18,	6.65014,	7.497100,	-0.001271,	267.690,	0.500
19,	6.65014,	7.496552,	0.000890,	267.688,	0.505
20,	6.65014,	7.495651,	0.000362,	267.688,	0.545
21,	6.65014,	7.497541,	0.000213,	267.685,	0.500
22,	6.65014,	7.496316,	0.000159,	267.681,	0.500
23,	6.65014,	7.499167,	-0.000524,	267.680,	0.500
24,	6.65014,	7.497474,	-0.000754,	267.679,	0.500
25,	6.65014,	7.496972,	-0.000491,	267.676,	0.500
26,	6.65014,	7.497875,	0.000185,	267.674,	0.555
27,	6.65014,	7.495642,	0.000465,	267.672,	0.500
28,	6.65014,	7.499284,	-0.000308,	267.669,	0.495
29,	6.65014,	7.496524,	0.000338,	267.667,	0.500
30,	6.65014,	7.497643,	-0.000162,	267.665,	0.500
31,	6.65014,	7.497433,	-0.001463,	267.663,	0.550
32,	6.65014,	7.497541,	-0.000207,	267.661,	0.505
33,	6.65014,	7.498100,	-0.000108,	267.657,	0.495
34,	6.65014,	7.497387,	-0.000631,	267.656,	0.500
35,	6.65014,	7.496355,	-0.000853,	267.653,	0.505
36,	6.65014,	7.497763,	-0.000797,	267.652,	0.545
37,	6.65014,	7.496736,	0.000000,	267.648,	0.500
38,	6.65014,	7.497887,	0.000536,	267.646,	0.500
39,	6.65014,	7.496014,	-0.000638,	267.644,	0.500
40,	6.65014,	7.497190,	-0.000784,	267.642,	0.500
41,	6.65014,	7.498110,	0.000170,	267.639,	0.550
42,	6.65014,	7.494829,	-0.000455,	267.639,	0.550
43,	6.65014,	7.496108,	0.000067,	267.634,	0.550
44,	6.65014,	7.496239,	0.000123,	267.633,	0.500
45,	6.65014,	7.496533,	-0.000629,	267.631,	0.500
46,	6.65014,	7.494518,	-0.000067,	267.630,	0.500
47,	6.65014,	7.494858,	-0.000866,	267.626,	0.500
48,	6.65014,	7.495087,	0.000681,	267.624,	0.550
49,	6.65014,	7.494319,	-0.000024,	267.622,	0.500
50,	6.65014,	7.494263,	-0.000457,	267.619,	0.505
51,	6.65014,	7.492859,	0.001348,	267.617,	0.495
52,	6.65014,	7.494472,	0.000327,	267.615,	0.500
53,	6.65014,	7.495677,	-0.000144,	267.614,	0.550
54,	6.65014,	7.494667,	-0.000446,	267.609,	0.550
55,	6.65014,	7.493178,	0.000958,	267.608,	0.500
56,	6.65014,	7.493997,	-0.000082,	267.607,	0.500
57,	6.65014,	7.492123,	0.000846,	267.603,	0.505
58,	6.65014,	7.492967,	0.000930,	267.602,	0.500
59,	6.65014,	7.490796,	-0.000455,	267.599,	0.545
60,	6.65014,	7.493317,	0.000435,	267.598,	0.500
61,	6.65014,	7.492665,	-0.000739,	267.595,	0.500
62,	6.65014,	7.494145,	-0.000257,	267.593,	0.500
63,	6.65014,	7.490693,	0.000558,	267.591,	0.500
64,	6.65014,	7.493359,	-0.000412,	267.589,	0.550
65,	6.65014,	7.492690,	0.000457,	267.586,	0.500
66,	6.65014,	7.491997,	0.000258,	267.584,	0.500
67,	6.65014,	7.493295,	0.000349,	267.582,	0.500
68,	6.65014,	7.491741,	-0.000358,	267.580,	0.505
69,	6.65014,	7.493963,	0.000129,	267.577,	0.550
70,	6.65014,	7.493779,	-0.000982,	267.574,	0.545
71,	6.65014,	7.493759,	-0.000313,	267.572,	0.550
72,	6.65014,	7.492138,	-0.000425,	267.570,	0.500
73,	6.65014,	7.492379,	0.000256,	267.568,	0.500
74,	6.65014,	7.490170,	0.000045,	267.566,	0.500
75,	6.65014,	7.490167,	0.000314,	267.563,	0.500
76,	6.65014,	7.488860,	-0.000173,	267.562,	0.550
77,	6.65014,	7.490475,	-0.000758,	267.559,	0.500
78,	6.65014,	7.490421,	0.000045,	267.555,	0.505
79,	6.65014,	7.488725,	0.000401,	267.554,	0.500
80,	6.65014,	7.488604,	0.000528,	267.552,	0.505
81,	6.65014,	7.488648,	0.000545,	267.551,	0.550
82,	6.65014,	7.489069,	0.000855,	267.547,	0.500
83,	6.65014,	7.486412,	-0.000694,	267.546,	0.500
84,	6.65014,	7.487197,	-0.000086,	267.544,	0.500
85,	6.65014,	7.484741,	0.000052,	267.542,	0.500
86,	6.65014,	7.485637,	-0.000356,	267.538,	0.550
87,	6.65014,	7.487194,	-0.000179,	267.536,	0.505
88,	6.65014,	7.483751,	0.000013,	267.535,	0.500
89,	6.65014,	7.484829,	-0.000369,	267.531,	0.495
90,	6.65014,	7.483544,	0.000086,	267.530,	0.500
91,	6.65014,	7.481839,	-0.001241,	267.527,	0.550
92,	6.65014,	7.482466,	0.000114,	267.526,	0.555
93,	6.65014,	7.480599,	-0.000634,	267.523,	0.545
94,	6.65014,	7.484823,	-0.000295,	267.521,	0.505
95,	6.65014,	7.481422,	0.000586,	267.519,	0.495
96,	6.65014,	7.482452,	0.000360,	267.515,	0.500
97,	6.65014,	7.482389,	0.001075,	267.514,	0.500
98,	6.65014,	7.483298,	-0.000052,	267.512,	0.550
99,	6.65014,	7.481269,	0.000463,	267.508,	0.500
100,	6.65014,	7.481875,	-0.000541,	267.507,	0.500
