Num, Lmd, sig,    mon,    Ring,  sec
#lmd,   E,  HOYAX,  Y,  Smpl,  Det, AGC X, Y, Smpl, Det
#6.60016,	187.8504,	57.000,	22.000,	4.300,	30.000,	0.000,	-76.000,	-0.068,	-0.346

1,	6.60016,	7.760474,	-0.002949,	269.645,	121.135
2,	6.60016,	7.758775,	0.000754,	269.642,	0.545
3,	6.60016,	7.760651,	0.000536,	269.640,	0.500
4,	6.60016,	7.762658,	-0.000280,	269.638,	0.500
5,	6.60016,	7.759587,	-0.000511,	269.635,	0.505
6,	6.60016,	7.760902,	-0.000069,	269.633,	0.505
7,	6.60016,	7.761416,	-0.000213,	269.631,	0.550
8,	6.60016,	7.760374,	0.000204,	269.630,	0.500
9,	6.60016,	7.762574,	0.000017,	269.626,	0.500
10,	6.60016,	7.760533,	0.001045,	269.624,	0.500
11,	6.60016,	7.760515,	-0.000739,	269.622,	0.505
12,	6.60016,	7.759859,	0.000347,	269.621,	0.550
13,	6.60016,	7.760210,	0.000489,	269.617,	0.550
14,	6.60016,	7.764298,	0.000971,	269.615,	0.500
15,	6.60016,	7.763244,	-0.001239,	269.614,	0.500
16,	6.60016,	7.761106,	-0.000181,	269.609,	0.500
17,	6.60016,	7.763183,	-0.000459,	269.608,	0.505
18,	6.60016,	7.762539,	0.000827,	269.607,	0.545
19,	6.60016,	7.762208,	-0.000763,	269.602,	0.500
20,	6.60016,	7.762980,	-0.000588,	269.601,	0.500
21,	6.60016,	7.763095,	0.000349,	269.599,	0.505
22,	6.60016,	7.763142,	0.000215,	269.597,	0.500
23,	6.60016,	7.764188,	0.000403,	269.596,	0.500
24,	6.60016,	7.762284,	-0.000517,	269.592,	0.555
25,	6.60016,	7.763193,	0.000513,	269.590,	0.545
26,	6.60016,	7.761416,	0.000532,	269.587,	0.550
27,	6.60016,	7.761460,	0.000476,	269.586,	0.500
28,	6.60016,	7.762174,	0.000431,	269.585,	0.500
29,	6.60016,	7.763156,	-0.000666,	269.581,	0.505
30,	6.60016,	7.762872,	0.000586,	269.579,	0.495
31,	6.60016,	7.761477,	0.000818,	269.578,	0.550
32,	6.60016,	7.762192,	-0.000795,	269.576,	0.505
33,	6.60016,	7.761467,	-0.000728,	269.572,	0.500
34,	6.60016,	7.761948,	-0.000213,	269.571,	0.500
35,	6.60016,	7.763630,	-0.000024,	269.568,	0.505
36,	6.60016,	7.761908,	-0.000295,	269.566,	0.495
37,	6.60016,	7.763199,	-0.000860,	269.563,	0.550
38,	6.60016,	7.763971,	-0.000414,	269.561,	0.550
39,	6.60016,	7.762209,	0.000058,	269.559,	0.550
40,	6.60016,	7.763059,	0.001620,	269.556,	0.555
41,	6.60016,	7.760201,	-0.001181,	269.553,	0.500
42,	6.60016,	7.759068,	-0.000285,	269.551,	0.505
43,	6.60016,	7.762092,	0.000140,	269.548,	0.500
44,	6.60016,	7.760431,	-0.000397,	269.546,	0.500
45,	6.60016,	7.762607,	0.000831,	269.545,	0.550
46,	6.60016,	7.758929,	0.000670,	269.541,	0.551
47,	6.60016,	7.760961,	0.000538,	269.539,	0.555
48,	6.60016,	7.760186,	0.000448,	269.537,	0.545
49,	6.60016,	7.761415,	-0.000780,	269.534,	0.555
50,	6.60016,	7.759707,	-0.000786,	269.532,	0.500
51,	6.60016,	7.761791,	-0.000325,	269.530,	0.505
52,	6.60016,	7.760829,	-0.001082,	269.527,	0.500
53,	6.60016,	7.760485,	0.000506,	269.526,	0.500
54,	6.60016,	7.759906,	-0.000718,	269.524,	0.545
55,	6.60016,	7.758559,	0.001047,	269.521,	0.550
56,	6.60016,	7.762049,	-0.001381,	269.518,	0.500
57,	6.60016,	7.760235,	0.000491,	269.516,	0.500
58,	6.60016,	7.760156,	0.000211,	269.515,	0.500
59,	6.60016,	7.759117,	-0.000547,	269.513,	0.505
60,	6.60016,	7.757954,	-0.000056,	269.508,	0.545
61,	6.60016,	7.757698,	-0.000076,	269.508,	0.550
62,	6.60016,	7.760054,	0.000224,	269.504,	0.550
63,	6.60016,	7.758423,	-0.000338,	269.502,	0.510
64,	6.60016,	7.758806,	-0.000476,	269.501,	0.500
65,	6.60016,	7.759069,	0.000702,	269.499,	0.505
66,	6.60016,	7.759568,	-0.000935,	269.495,	0.500
67,	6.60016,	7.759942,	0.000015,	269.493,	0.555
68,	6.60016,	7.758954,	-0.000190,	269.490,	0.545
69,	6.60016,	7.758636,	-0.000297,	269.487,	0.555
70,	6.60016,	7.757465,	0.000506,	269.485,	0.500
71,	6.60016,	7.757436,	-0.000375,	269.484,	0.500
72,	6.60016,	7.758722,	0.000573,	269.480,	0.505
73,	6.60016,	7.759678,	-0.000705,	269.478,	0.500
74,	6.60016,	7.755838,	-0.000332,	269.477,	0.505
75,	6.60016,	7.755618,	-0.000285,	269.475,	0.550
76,	6.60016,	7.757088,	-0.000007,	269.472,	0.500
77,	6.60016,	7.757278,	0.000463,	269.470,	0.495
78,	6.60016,	7.759212,	-0.000610,	269.469,	0.500
79,	6.60016,	7.756054,	-0.000106,	269.467,	0.500
80,	6.60016,	7.756199,	0.000332,	269.463,	0.550
81,	6.60016,	7.757706,	-0.000698,	269.462,	0.555
82,	6.60016,	7.758346,	-0.000416,	269.460,	0.500
83,	6.60016,	7.756858,	-0.000170,	269.456,	0.505
84,	6.60016,	7.757901,	-0.000461,	269.454,	0.500
85,	6.60016,	7.756416,	-0.000166,	269.452,	0.505
86,	6.60016,	7.756753,	-0.000543,	269.449,	0.550
87,	6.60016,	7.757205,	-0.000399,	269.448,	0.550
88,	6.60016,	7.754983,	0.000140,	269.446,	0.550
89,	6.60016,	7.755238,	-0.000097,	269.442,	0.555
90,	6.60016,	7.756577,	-0.000261,	269.441,	0.500
91,	6.60016,	7.756719,	-0.000328,	269.439,	0.495
92,	6.60016,	7.755105,	0.000795,	269.437,	0.500
93,	6.60016,	7.755003,	-0.000864,	269.433,	0.505
94,	6.60016,	7.755184,	0.000077,	269.432,	0.555
95,	6.60016,	7.756048,	0.000446,	269.429,	0.550
96,	6.60016,	7.753747,	-0.000519,	269.427,	0.545
97,	6.60016,	7.755970,	-0.000229,	269.425,	0.555
98,	6.60016,	7.757996,	0.000390,	269.420,	0.550
99,	6.60016,	7.754310,	-0.000373,	269.419,	0.500
100,	6.60016,	7.754170,	-0.000149,	269.418,	0.510
