Num, Lmd, sig,    mon,    Ring,  sec
#lmd,   E,  HOYAX,  Y,  Smpl,  Det, AGC X, Y, Smpl, Det
#6.70015,	185.0470,	57.000,	22.000,	4.300,	30.000,	0.000,	-76.000,	-0.068,	-0.346

1,	6.70015,	6.626149,	-0.001803,	243.997,	93.070
2,	6.70015,	6.624517,	0.000166,	243.996,	0.555
3,	6.70015,	6.625426,	0.000159,	243.992,	0.545
4,	6.70015,	6.623175,	0.000241,	243.991,	0.550
5,	6.70015,	6.623893,	0.000355,	243.988,	0.555
6,	6.70015,	6.623281,	0.000347,	243.987,	0.495
7,	6.70015,	6.623071,	0.000276,	243.985,	0.500
8,	6.70015,	6.624056,	-0.000896,	243.983,	0.505
9,	6.70015,	6.623975,	0.000269,	243.980,	0.500
10,	6.70015,	6.622486,	-0.000151,	243.979,	0.545
11,	6.70015,	6.623738,	0.000196,	243.978,	0.500
12,	6.70015,	6.623632,	0.000316,	243.975,	0.500
13,	6.70015,	6.622385,	-0.000530,	243.974,	0.500
14,	6.70015,	6.623492,	0.000301,	243.972,	0.500
15,	6.70015,	6.624479,	-0.000114,	243.971,	0.500
16,	6.70015,	6.623959,	0.000084,	243.968,	0.555
17,	6.70015,	6.621941,	-0.000470,	243.967,	0.500
18,	6.70015,	6.622682,	-0.000791,	243.965,	0.495
19,	6.70015,	6.622723,	0.000355,	243.964,	0.500
20,	6.70015,	6.621750,	0.000355,	243.960,	0.500
21,	6.70015,	6.622514,	0.000926,	243.958,	0.500
22,	6.70015,	6.621331,	-0.001312,	243.957,	0.550
23,	6.70015,	6.620386,	0.000073,	243.955,	0.555
24,	6.70015,	6.621636,	-0.000091,	243.953,	0.545
25,	6.70015,	6.621082,	0.001040,	243.952,	0.500
26,	6.70015,	6.621125,	-0.000250,	243.949,	0.505
27,	6.70015,	6.620962,	0.000743,	243.948,	0.495
28,	6.70015,	6.621714,	0.000653,	243.946,	0.505
29,	6.70015,	6.620653,	-0.000746,	243.944,	0.545
30,	6.70015,	6.621205,	-0.000922,	243.941,	0.500
31,	6.70015,	6.620076,	-0.000450,	243.939,	0.505
32,	6.70015,	6.619458,	0.000422,	243.938,	0.495
33,	6.70015,	6.621129,	-0.000554,	243.936,	0.500
34,	6.70015,	6.620633,	-0.000858,	243.935,	0.505
35,	6.70015,	6.620259,	-0.000358,	243.933,	0.545
36,	6.70015,	6.619843,	-0.000205,	243.932,	0.500
37,	6.70015,	6.621952,	-0.000425,	243.929,	0.500
38,	6.70015,	6.619444,	-0.000722,	243.926,	0.500
39,	6.70015,	6.619818,	0.000105,	243.927,	0.505
40,	6.70015,	6.619701,	0.000709,	243.925,	0.495
41,	6.70015,	6.620002,	-0.000028,	243.922,	0.550
42,	6.70015,	6.620239,	-0.000147,	243.920,	0.555
43,	6.70015,	6.621053,	0.000939,	243.918,	0.545
44,	6.70015,	6.619521,	-0.000504,	243.916,	0.500
45,	6.70015,	6.619966,	-0.000500,	243.914,	0.505
46,	6.70015,	6.620028,	-0.000412,	243.913,	0.500
47,	6.70015,	6.619989,	-0.000500,	243.911,	0.495
48,	6.70015,	6.621144,	0.000588,	243.908,	0.555
49,	6.70015,	6.618027,	0.000207,	243.908,	0.495
50,	6.70015,	6.620516,	0.000263,	243.906,	0.505
51,	6.70015,	6.620172,	-0.000114,	243.903,	0.500
52,	6.70015,	6.619362,	-0.000164,	243.901,	0.505
53,	6.70015,	6.620953,	0.001030,	243.900,	0.495
54,	6.70015,	6.618011,	-0.000093,	243.898,	0.555
55,	6.70015,	6.619623,	0.000215,	243.896,	0.500
56,	6.70015,	6.620422,	-0.000614,	243.894,	0.495
57,	6.70015,	6.618001,	-0.000470,	243.892,	0.505
58,	6.70015,	6.618357,	0.000943,	243.891,	0.495
59,	6.70015,	6.619478,	-0.000381,	243.889,	0.550
60,	6.70015,	6.620274,	-0.000144,	243.887,	0.550
61,	6.70015,	6.619261,	-0.000448,	243.886,	0.500
62,	6.70015,	6.619828,	0.000172,	243.883,	0.505
63,	6.70015,	6.620875,	-0.001685,	243.881,	0.495
64,	6.70015,	6.620907,	-0.000599,	243.879,	0.500
65,	6.70015,	6.619764,	-0.000177,	243.878,	0.555
66,	6.70015,	6.620589,	-0.000433,	243.875,	0.500
67,	6.70015,	6.621308,	0.000551,	243.874,	0.505
68,	6.70015,	6.620893,	0.000749,	243.872,	0.495
69,	6.70015,	6.620036,	-0.000465,	243.869,	0.500
70,	6.70015,	6.622084,	0.000304,	243.868,	0.500
71,	6.70015,	6.620971,	-0.000924,	243.866,	0.555
72,	6.70015,	6.621414,	0.000011,	243.864,	0.545
73,	6.70015,	6.621607,	-0.000595,	243.862,	0.550
74,	6.70015,	6.621515,	0.000375,	243.861,	0.550
75,	6.70015,	6.622064,	-0.000220,	243.857,	0.500
76,	6.70015,	6.623147,	-0.001002,	243.856,	0.500
77,	6.70015,	6.620170,	0.001305,	243.855,	0.505
78,	6.70015,	6.622281,	0.000450,	243.853,	0.505
79,	6.70015,	6.621866,	-0.000875,	243.851,	0.545
80,	6.70015,	6.621675,	0.000838,	243.849,	0.500
81,	6.70015,	6.622079,	-0.000084,	243.849,	0.505
82,	6.70015,	6.621976,	-0.000134,	243.846,	0.495
83,	6.70015,	6.620831,	0.000360,	243.844,	0.500
84,	6.70015,	6.621748,	0.000028,	243.843,	0.505
85,	6.70015,	6.623483,	-0.000478,	243.841,	0.545
86,	6.70015,	6.622744,	-0.000276,	243.838,	0.550
87,	6.70015,	6.624371,	-0.000063,	243.836,	0.550
88,	6.70015,	6.623625,	-0.001181,	243.834,	0.550
89,	6.70015,	6.623572,	0.000172,	243.832,	0.500
90,	6.70015,	6.624478,	0.000836,	243.831,	0.505
91,	6.70015,	6.623364,	0.000295,	243.829,	0.495
92,	6.70015,	6.624019,	0.000771,	243.827,	0.500
93,	6.70015,	6.625549,	0.001002,	243.824,	0.550
94,	6.70015,	6.624450,	-0.000319,	243.823,	0.500
95,	6.70015,	6.624785,	0.000588,	243.821,	0.500
96,	6.70015,	6.625756,	0.000390,	243.819,	0.500
97,	6.70015,	6.625376,	0.000439,	243.818,	0.500
98,	6.70015,	6.625343,	-0.000349,	243.816,	0.505
99,	6.70015,	6.624706,	0.000286,	243.815,	0.550
100,	6.70015,	6.626797,	-0.000078,	243.812,	0.550
