Num, Lmd, sig,    mon,    Ring,  sec
#lmd,   E,  HOYAX,  Y,  Smpl,  Det, AGC X, Y, Smpl, Det
#6.60012,	187.8515,	57.000,	22.000,	4.300,	30.000,	-24.600,	3.500,	69.930,	29.999

1,	6.60012,	-0.005404,	-0.004026,	257.947,	69.465
2,	6.60016,	-0.007496,	0.000024,	257.946,	0.555
3,	6.60016,	-0.007486,	0.000260,	257.941,	0.545
4,	6.60016,	-0.006952,	-0.000849,	257.941,	0.510
5,	6.60012,	-0.008010,	-0.000853,	257.940,	0.505
6,	6.60016,	-0.007073,	0.000780,	257.936,	0.505
7,	6.60016,	-0.007643,	-0.000004,	257.935,	0.505
8,	6.60016,	-0.007654,	-0.000429,	257.933,	0.550
9,	6.60012,	-0.007088,	-0.000569,	257.930,	0.550
10,	6.60016,	-0.007640,	-0.000530,	257.928,	0.500
11,	6.60012,	-0.007899,	-0.000435,	257.927,	0.505
12,	6.60012,	-0.006891,	-0.000209,	257.925,	0.500
13,	6.60012,	-0.007182,	-0.001612,	257.922,	0.505
14,	6.60012,	-0.007536,	0.000562,	257.920,	0.550
15,	6.60012,	-0.007727,	-0.000599,	257.918,	0.555
16,	6.60016,	-0.007182,	-0.000076,	257.915,	0.545
17,	6.60016,	-0.006979,	0.000401,	257.914,	0.555
18,	6.60012,	-0.007224,	0.000245,	257.912,	0.500
19,	6.60016,	-0.006992,	-0.000259,	257.909,	0.505
20,	6.60016,	-0.007325,	-0.000500,	257.907,	0.500
21,	6.60016,	-0.007107,	0.000788,	257.906,	0.505
22,	6.60016,	-0.006833,	-0.000506,	257.902,	0.545
23,	6.60016,	-0.007375,	-0.000371,	257.902,	0.555
24,	6.60016,	-0.007012,	-0.000071,	257.900,	0.550
25,	6.60012,	-0.007424,	-0.001351,	257.896,	0.545
26,	6.60012,	-0.006867,	-0.000276,	257.895,	0.505
27,	6.60016,	-0.007446,	-0.000687,	257.893,	0.505
28,	6.60012,	-0.007088,	-0.000832,	257.890,	0.505
29,	6.60016,	-0.007651,	-0.000209,	257.888,	0.505
30,	6.60016,	-0.007109,	-0.000153,	257.886,	0.505
31,	6.60016,	-0.007920,	-0.000830,	257.885,	0.550
32,	6.60012,	-0.007829,	-0.000485,	257.882,	0.555
33,	6.60016,	-0.007523,	0.000413,	257.880,	0.550
34,	6.60012,	-0.007159,	-0.000931,	257.879,	0.505
35,	6.60012,	-0.007509,	-0.002096,	257.876,	0.510
36,	6.60016,	-0.007933,	0.000749,	257.874,	0.505
37,	6.60016,	-0.007420,	0.000116,	257.872,	0.505
38,	6.60016,	-0.008026,	-0.000403,	257.869,	0.555
39,	6.60012,	-0.007489,	-0.000328,	257.867,	0.500
40,	6.60016,	-0.007889,	-0.001172,	257.865,	0.505
41,	6.60016,	-0.007567,	-0.000185,	257.863,	0.505
42,	6.60016,	-0.007666,	-0.000045,	257.860,	0.505
43,	6.60012,	-0.006558,	-0.001002,	257.858,	0.545
44,	6.60016,	-0.007053,	0.000749,	257.857,	0.550
45,	6.60016,	-0.006982,	0.000036,	257.855,	0.555
46,	6.60016,	-0.007254,	-0.000101,	257.854,	0.505
47,	6.60016,	-0.006766,	0.000383,	257.852,	0.505
48,	6.60016,	-0.007641,	-0.000586,	257.849,	0.505
49,	6.60016,	-0.007688,	0.000099,	257.847,	0.505
50,	6.60016,	-0.007647,	0.000349,	257.845,	0.555
51,	6.60016,	-0.006900,	-0.000272,	257.843,	0.505
52,	6.60016,	-0.007649,	-0.000213,	257.841,	0.505
53,	6.60016,	-0.007274,	-0.000616,	257.839,	0.505
54,	6.60016,	-0.007591,	-0.000791,	257.838,	0.505
55,	6.60016,	-0.007324,	0.000956,	257.833,	0.545
56,	6.60016,	-0.007381,	0.000192,	257.832,	0.555
57,	6.60016,	-0.008571,	-0.000319,	257.831,	0.505
58,	6.60016,	-0.007337,	0.000282,	257.827,	0.505
59,	6.60016,	-0.007043,	-0.000166,	257.826,	0.505
60,	6.60016,	-0.006676,	-0.000756,	257.823,	0.500
61,	6.60016,	-0.007350,	0.000467,	257.823,	0.560
62,	6.60016,	-0.008006,	-0.000084,	257.820,	0.500
63,	6.60016,	-0.007442,	-0.000875,	257.817,	0.510
64,	6.60016,	-0.008003,	0.000034,	257.816,	0.505
65,	6.60016,	-0.007111,	0.000441,	257.814,	0.505
66,	6.60016,	-0.007325,	0.000097,	257.810,	0.550
67,	6.60016,	-0.007240,	0.000762,	257.809,	0.505
68,	6.60016,	-0.006920,	0.000435,	257.808,	0.500
69,	6.60016,	-0.007475,	-0.000127,	257.806,	0.505
70,	6.60016,	-0.006381,	0.000954,	257.804,	0.505
71,	6.60016,	-0.007607,	0.000245,	257.801,	0.555
72,	6.60016,	-0.007110,	-0.000054,	257.798,	0.545
73,	6.60012,	-0.006886,	-0.001439,	257.796,	0.555
74,	6.60016,	-0.008196,	-0.000552,	257.794,	0.505
75,	6.60016,	-0.006520,	-0.000157,	257.792,	0.505
76,	6.60012,	-0.007362,	-0.000791,	257.791,	0.505
77,	6.60012,	-0.007619,	-0.000067,	257.789,	0.500
78,	6.60016,	-0.007222,	-0.000597,	257.787,	0.545
79,	6.60016,	-0.006949,	-0.000338,	257.783,	0.550
80,	6.60016,	-0.006764,	-0.000175,	257.783,	0.555
81,	6.60016,	-0.007698,	-0.001013,	257.779,	0.505
82,	6.60012,	-0.007479,	0.000204,	257.778,	0.505
83,	6.60016,	-0.007240,	-0.000577,	257.776,	0.505
84,	6.60016,	-0.006664,	0.000422,	257.773,	0.500
85,	6.60016,	-0.007341,	-0.000595,	257.770,	0.550
86,	6.60016,	-0.007542,	0.000006,	257.769,	0.505
87,	6.60016,	-0.007267,	-0.000241,	257.767,	0.500
88,	6.60016,	-0.007018,	-0.000864,	257.766,	0.505
89,	6.60016,	-0.007106,	0.000394,	257.762,	0.505
90,	6.60016,	-0.007887,	-0.000870,	257.759,	0.505
91,	6.60012,	-0.007232,	-0.000116,	257.758,	0.550
92,	6.60016,	-0.007664,	0.000026,	257.755,	0.505
93,	6.60016,	-0.007629,	0.000950,	257.755,	0.505
94,	6.60016,	-0.007309,	0.000433,	257.753,	0.505
95,	6.60016,	-0.006870,	-0.000356,	257.752,	0.505
96,	6.60016,	-0.006120,	0.000534,	257.748,	0.500
97,	6.60016,	-0.007173,	0.000215,	257.746,	0.550
98,	6.60016,	-0.007336,	-0.000608,	257.745,	0.505
99,	6.60016,	-0.007064,	0.000937,	257.741,	0.500
100,	6.60016,	-0.007334,	0.000144,	257.739,	0.510
