Num, Lmd, sig,    mon,    Ring,  sec
#lmd,   E,  HOYAX,  Y,  Smpl,  Det, AGC X, Y, Smpl, Det
#6.50014,	190.7409,	57.000,	22.000,	4.300,	30.000,	-52.700,	13.300,	-0.068,	29.999

1,	6.50014,	-0.006169,	-0.002852,	250.910,	58.320
2,	6.50014,	-0.007631,	0.000185,	250.906,	0.550
3,	6.50014,	-0.006899,	0.001006,	250.905,	0.495
4,	6.50014,	-0.006825,	-0.000353,	250.903,	0.500
5,	6.50014,	-0.007187,	0.000325,	250.900,	0.505
6,	6.50014,	-0.007137,	-0.000448,	250.899,	0.500
7,	6.50014,	-0.007535,	-0.000849,	250.897,	0.545
8,	6.50014,	-0.008184,	0.000545,	250.893,	0.505
9,	6.50010,	-0.007058,	-0.001336,	250.893,	0.500
10,	6.50014,	-0.007025,	0.000155,	250.890,	0.495
11,	6.50014,	-0.007646,	0.000045,	250.889,	0.505
12,	6.50014,	-0.007674,	-0.000185,	250.887,	0.550
13,	6.50014,	-0.006545,	-0.000356,	250.885,	0.500
14,	6.50014,	-0.007638,	-0.000177,	250.884,	0.500
15,	6.50014,	-0.007121,	0.000933,	250.882,	0.500
16,	6.50014,	-0.007208,	0.000013,	250.878,	0.495
17,	6.50014,	-0.007567,	-0.000032,	250.877,	0.505
18,	6.50014,	-0.007570,	-0.001103,	250.875,	0.550
19,	6.50014,	-0.007505,	0.000166,	250.873,	0.500
20,	6.50014,	-0.007457,	-0.000812,	250.871,	0.500
21,	6.50014,	-0.006931,	-0.000556,	250.869,	0.500
22,	6.50014,	-0.007836,	-0.000224,	250.868,	0.500
23,	6.50014,	-0.006722,	0.000461,	250.864,	0.550
24,	6.50014,	-0.007943,	-0.002719,	250.863,	0.545
25,	6.50010,	-0.007745,	-0.000116,	250.861,	0.500
26,	6.50014,	-0.007911,	0.000067,	250.858,	0.505
27,	6.50014,	-0.006654,	0.000338,	250.858,	0.500
28,	6.50014,	-0.008048,	0.000704,	250.856,	0.500
29,	6.50014,	-0.007348,	-0.000371,	250.853,	0.545
30,	6.50014,	-0.007254,	-0.000058,	250.850,	0.505
31,	6.50014,	-0.007985,	-0.000539,	250.849,	0.500
32,	6.50014,	-0.007411,	-0.000414,	250.848,	0.495
33,	6.50014,	-0.007840,	-0.000911,	250.847,	0.505
34,	6.50014,	-0.006983,	-0.000119,	250.843,	0.550
35,	6.50014,	-0.008325,	-0.000108,	250.841,	0.545
36,	6.50014,	-0.007432,	-0.000758,	250.839,	0.505
37,	6.50014,	-0.007910,	0.000396,	250.837,	0.495
38,	6.50014,	-0.007591,	-0.000554,	250.836,	0.500
39,	6.50014,	-0.007379,	-0.000020,	250.833,	0.500
40,	6.50014,	-0.007267,	-0.000537,	250.832,	0.550
41,	6.50014,	-0.007939,	0.000217,	250.830,	0.505
42,	6.50014,	-0.007283,	-0.000405,	250.827,	0.495
43,	6.50014,	-0.007710,	0.000687,	250.826,	0.505
44,	6.50014,	-0.007674,	-0.000741,	250.825,	0.500
45,	6.50014,	-0.008048,	-0.000132,	250.822,	0.550
46,	6.50014,	-0.006978,	-0.000455,	250.820,	0.550
47,	6.50014,	-0.007161,	-0.000629,	250.817,	0.550
48,	6.50014,	-0.007692,	-0.000330,	250.815,	0.545
49,	6.50014,	-0.007686,	0.000019,	250.814,	0.550
50,	6.50014,	-0.007933,	0.000368,	250.811,	0.505
51,	6.50014,	-0.006809,	0.000874,	250.810,	0.500
52,	6.50014,	-0.006843,	0.000052,	250.808,	0.500
53,	6.50014,	-0.008039,	-0.000099,	250.806,	0.500
54,	6.50014,	-0.007136,	-0.000392,	250.803,	0.550
55,	6.50014,	-0.007774,	0.000515,	250.801,	0.500
56,	6.50014,	-0.007213,	0.000034,	250.800,	0.500
57,	6.50014,	-0.007171,	-0.000147,	250.797,	0.500
58,	6.50014,	-0.007642,	-0.000496,	250.795,	0.500
59,	6.50014,	-0.007290,	-0.000944,	250.794,	0.500
60,	6.50014,	-0.007448,	-0.000030,	250.793,	0.545
61,	6.50014,	-0.007259,	-0.000778,	250.789,	0.555
62,	6.50014,	-0.007812,	-0.000832,	250.788,	0.550
63,	6.50014,	-0.007798,	-0.001868,	250.788,	0.550
64,	6.50014,	-0.007504,	0.001075,	250.784,	0.545
65,	6.50014,	-0.007618,	0.000187,	250.782,	0.505
66,	6.50014,	-0.007136,	-0.000554,	250.780,	0.500
67,	6.50014,	-0.007414,	-0.000045,	250.777,	0.495
68,	6.50014,	-0.007471,	0.000060,	250.775,	0.500
69,	6.50014,	-0.007564,	-0.001368,	250.774,	0.550
70,	6.50014,	-0.006981,	0.000911,	250.771,	0.500
71,	6.50014,	-0.007758,	0.000241,	250.770,	0.500
72,	6.50014,	-0.007390,	0.000304,	250.768,	0.505
73,	6.50014,	-0.007686,	-0.000356,	250.767,	0.500
74,	6.50014,	-0.007190,	-0.000039,	250.765,	0.500
75,	6.50014,	-0.008049,	0.000424,	250.762,	0.545
76,	6.50014,	-0.007410,	-0.000144,	250.761,	0.505
77,	6.50014,	-0.007305,	0.000795,	250.760,	0.500
78,	6.50014,	-0.007254,	-0.000229,	250.756,	0.500
79,	6.50014,	-0.008019,	-0.000911,	250.755,	0.500
80,	6.50014,	-0.008201,	-0.000231,	250.754,	0.550
81,	6.50014,	-0.006442,	-0.000634,	250.750,	0.550
82,	6.50014,	-0.007150,	-0.000175,	250.748,	0.550
83,	6.50014,	-0.006773,	0.000575,	250.747,	0.500
84,	6.50014,	-0.007703,	-0.000157,	250.744,	0.500
85,	6.50014,	-0.006925,	0.000256,	250.743,	0.500
86,	6.50014,	-0.006911,	0.000347,	250.741,	0.500
87,	6.50014,	-0.006715,	0.000099,	250.739,	0.550
88,	6.50014,	-0.007181,	0.000523,	250.736,	0.495
89,	6.50014,	-0.007115,	0.000368,	250.735,	0.500
90,	6.50014,	-0.007172,	-0.000420,	250.732,	0.500
91,	6.50014,	-0.007551,	-0.000013,	250.731,	0.500
92,	6.50014,	-0.008040,	0.000704,	250.728,	0.505
93,	6.50014,	-0.008132,	0.000396,	250.726,	0.550
94,	6.50014,	-0.006968,	0.000812,	250.725,	0.500
95,	6.50014,	-0.007896,	0.000808,	250.721,	0.500
96,	6.50014,	-0.007518,	-0.000013,	250.720,	0.495
97,	6.50014,	-0.006467,	0.000004,	250.719,	0.505
98,	6.50014,	-0.007976,	0.001006,	250.717,	0.550
99,	6.50014,	-0.007896,	-0.000302,	250.714,	0.495
100,	6.50014,	-0.006967,	0.000103,	250.713,	0.500
