Smpl, Det, sig,    mon,    Ring,  sec
#lmd,   E,  HOYAX,  Y,  Smpl,  Det, AGC X, Y, Smpl, Det, ppsSmpl, ppsDet
#6.60012,	187.8515,	57.000,	22.000,	4.300,	30.000,	27.600,	4.500,	69.930,	139.651,100,100

69.872,	139.543,	-0.000291,	-0.000810,	280.969,	37.390
69.962,	139.723,	-0.001076,	0.002548,	280.967,	0.500
70.060,	139.918,	-0.001197,	0.001874,	280.966,	0.540
70.146,	140.094,	-0.000701,	0.002283,	280.963,	0.495
70.236,	140.274,	-0.000774,	0.002048,	280.961,	0.495
70.326,	140.450,	0.000810,	0.002998,	280.959,	0.490
70.416,	140.627,	0.000158,	0.002912,	280.957,	0.500
70.513,	140.821,	-0.000614,	0.000898,	280.952,	0.540
70.600,	141.001,	-0.000538,	0.002301,	280.950,	0.490
70.690,	141.178,	-0.000224,	0.002156,	280.948,	0.500
70.780,	141.354,	-0.000920,	0.002932,	280.945,	0.485
70.866,	141.534,	-0.001211,	0.002727,	280.943,	0.500
70.967,	141.728,	-0.002961,	0.002281,	280.941,	0.540
71.053,	141.908,	-0.002514,	0.002964,	280.939,	0.500
71.143,	142.085,	-0.002419,	0.003160,	280.936,	0.490
71.230,	142.261,	-0.004189,	0.002906,	280.935,	0.490
71.320,	142.441,	-0.004210,	0.002626,	280.933,	0.500
71.417,	142.632,	-0.004140,	0.002020,	280.929,	0.530
71.507,	142.808,	-0.003709,	0.002167,	280.926,	0.490
71.593,	142.988,	-0.003077,	0.001456,	280.924,	0.500
71.683,	143.165,	-0.003118,	0.001232,	280.922,	0.490
71.773,	143.345,	-0.002341,	0.001870,	280.919,	0.500
71.870,	143.539,	-0.002001,	0.001549,	280.915,	0.540
71.957,	143.716,	-0.001066,	0.002559,	280.914,	0.490
72.047,	143.892,	-0.000328,	0.002902,	280.912,	0.490
72.137,	144.072,	0.000415,	0.003966,	280.911,	0.495
72.223,	144.248,	0.000883,	0.002777,	280.906,	0.495
72.324,	144.443,	0.001034,	0.001600,	280.905,	0.540
72.410,	144.619,	0.002040,	0.003175,	280.903,	0.495
72.500,	144.799,	0.002113,	0.002740,	280.899,	0.495
72.590,	144.976,	0.002852,	0.003365,	280.896,	0.490
72.677,	145.156,	0.002467,	0.002329,	280.894,	0.500
72.774,	145.350,	0.002127,	0.002841,	280.892,	0.540
72.864,	145.526,	0.002100,	0.002772,	280.887,	0.490
72.954,	145.703,	0.001126,	0.003220,	280.886,	0.490
73.040,	145.879,	0.001020,	0.002421,	280.886,	0.495
73.130,	146.056,	0.000664,	0.002734,	280.882,	0.490
73.228,	146.254,	-0.000627,	0.001706,	280.879,	0.545
73.314,	146.430,	-0.001600,	0.002721,	280.877,	0.490
73.404,	146.606,	-0.002526,	0.003494,	280.876,	0.490
73.494,	146.786,	-0.002679,	0.002111,	280.874,	0.500
73.580,	146.963,	-0.002853,	0.002611,	280.871,	0.490
73.678,	147.157,	-0.003192,	0.003546,	280.867,	0.540
73.768,	147.337,	-0.003221,	0.002645,	280.866,	0.495
73.858,	147.510,	-0.003561,	0.002897,	280.864,	0.490
73.944,	147.690,	-0.002626,	0.003500,	280.859,	0.495
74.034,	147.866,	-0.001537,	0.002727,	280.858,	0.495
74.131,	148.064,	-0.001586,	0.002285,	280.856,	0.540
74.221,	148.241,	0.000269,	0.002087,	280.854,	0.495
74.311,	148.417,	0.001408,	0.002693,	280.851,	0.490
74.398,	148.597,	0.002460,	0.002197,	280.849,	0.495
74.488,	148.774,	0.004012,	0.002652,	280.847,	0.495
74.585,	148.968,	0.004688,	0.002365,	280.845,	0.540
74.675,	149.144,	0.006786,	0.002574,	280.841,	0.495
74.761,	149.324,	0.007923,	0.002040,	280.839,	0.490
74.851,	149.501,	0.008716,	0.001863,	280.836,	0.495
74.941,	149.681,	0.009352,	0.001717,	280.835,	0.495
75.038,	149.875,	0.009098,	0.002471,	280.831,	0.540
75.125,	150.052,	0.010215,	0.003565,	280.829,	0.495
75.215,	150.232,	0.011328,	0.001413,	280.828,	0.495
75.305,	150.408,	0.010307,	0.001592,	280.825,	0.490
75.391,	150.584,	0.009155,	0.003132,	280.821,	0.495
75.492,	150.779,	0.009042,	0.002617,	280.819,	0.540
75.578,	150.955,	0.007976,	0.002585,	280.817,	0.495
75.668,	151.135,	0.007276,	0.002927,	280.814,	0.490
75.758,	151.312,	0.005795,	0.002305,	280.812,	0.495
75.845,	151.488,	0.004791,	0.001857,	280.809,	0.495
75.942,	151.686,	0.002784,	0.001717,	280.807,	0.545
76.032,	151.862,	0.001655,	0.002723,	280.803,	0.490
76.118,	152.039,	-0.000362,	0.002940,	280.803,	0.490
76.208,	152.219,	-0.000563,	0.002824,	280.800,	0.495
76.298,	152.395,	-0.002331,	0.001771,	280.798,	0.490
76.396,	152.590,	-0.002374,	0.002742,	280.794,	0.545
76.486,	152.766,	-0.001106,	0.003500,	280.793,	0.495
76.572,	152.946,	-0.001563,	0.002749,	280.791,	0.490
76.662,	153.122,	-0.000825,	0.002285,	280.788,	0.495
76.752,	153.302,	-0.000696,	0.002591,	280.786,	0.500
76.849,	153.497,	-0.000797,	0.002318,	280.782,	0.540
76.936,	153.673,	0.002208,	0.003681,	280.781,	0.490
77.026,	153.850,	0.005611,	0.002010,	280.778,	0.490
77.116,	154.030,	0.006321,	0.002632,	280.774,	0.495
77.202,	154.206,	0.009255,	0.002669,	280.773,	0.495
77.303,	154.400,	0.012198,	0.002092,	280.771,	0.540
77.389,	154.577,	0.015094,	0.002333,	280.769,	0.490
77.479,	154.753,	0.018175,	0.001531,	280.766,	0.495
77.569,	154.933,	0.021598,	0.001454,	280.763,	0.495
77.656,	155.110,	0.023388,	0.001527,	280.762,	0.490
77.753,	155.308,	0.026249,	0.001370,	280.759,	0.550
77.843,	155.484,	0.029895,	0.002048,	280.756,	0.485
77.933,	155.660,	0.031663,	0.003098,	280.754,	0.495
78.019,	155.837,	0.034047,	0.002628,	280.752,	0.495
78.109,	156.017,	0.036801,	0.001990,	280.750,	0.500
78.206,	156.211,	0.037463,	0.001676,	280.746,	0.540
78.296,	156.388,	0.038486,	0.002826,	280.743,	0.485
78.383,	156.568,	0.039462,	0.002303,	280.742,	0.500
78.473,	156.744,	0.039179,	0.002372,	280.740,	0.490
78.563,	156.924,	0.039018,	0.001465,	280.736,	0.495
78.660,	157.118,	0.038035,	0.002074,	280.734,	0.540
78.746,	157.295,	0.038006,	0.002533,	280.734,	0.490
78.836,	157.471,	0.035748,	0.003936,	280.728,	0.500
78.926,	157.648,	0.034050,	0.002744,	280.726,	0.490
79.013,	157.828,	0.031605,	0.001210,	280.725,	0.495
79.110,	158.022,	0.029088,	0.001857,	280.722,	0.540
79.200,	158.198,	0.026895,	0.002102,	280.719,	0.490
79.290,	158.378,	0.023408,	0.003873,	280.717,	0.500
79.376,	158.555,	0.021159,	0.001182,	280.716,	0.490
79.466,	158.735,	0.018907,	0.002768,	280.713,	0.495
79.564,	158.929,	0.016504,	0.001605,	280.709,	0.540
79.654,	159.106,	0.014306,	0.002693,	280.708,	0.490
79.740,	159.282,	0.011560,	0.002395,	280.705,	0.500
79.830,	159.458,	0.010876,	0.003022,	280.703,	0.490
79.920,	159.638,	0.008695,	0.002238,	280.701,	0.495
80.017,	159.833,	0.008008,	0.001030,	280.697,	0.540
80.107,	160.009,	0.008601,	0.003197,	280.695,	0.490
80.194,	160.189,	0.009211,	0.002652,	280.693,	0.500
80.284,	160.366,	0.010810,	0.002238,	280.689,	0.490
80.374,	160.546,	0.012754,	0.001977,	280.687,	0.500
80.471,	160.736,	0.016036,	0.001880,	280.685,	0.530
80.557,	160.916,	0.020122,	0.001827,	280.684,	0.495
80.647,	161.093,	0.025741,	0.001812,	280.680,	0.500
80.737,	161.269,	0.031613,	0.001986,	280.679,	0.490
80.827,	161.449,	0.036987,	0.002279,	280.677,	0.495
80.921,	161.644,	0.046150,	0.001715,	280.674,	0.540
81.011,	161.820,	0.054838,	0.002402,	280.670,	0.490
81.101,	162.000,	0.064022,	0.002501,	280.668,	0.500
81.187,	162.176,	0.073326,	0.002871,	280.666,	0.490
81.277,	162.356,	0.084483,	0.003052,	280.665,	0.500
81.374,	162.547,	0.097312,	0.001544,	280.660,	0.535
81.464,	162.727,	0.110078,	0.001114,	280.659,	0.495
81.554,	162.904,	0.123332,	0.002294,	280.657,	0.490
81.641,	163.080,	0.135583,	0.001730,	280.655,	0.495
81.731,	163.260,	0.149719,	0.001747,	280.650,	0.500
81.828,	163.454,	0.165512,	0.003444,	280.649,	0.535
81.914,	163.631,	0.180202,	0.001656,	280.647,	0.490
82.004,	163.811,	0.195021,	0.003100,	280.643,	0.500
82.094,	163.987,	0.209846,	0.000948,	280.641,	0.490
82.184,	164.167,	0.225951,	0.001581,	280.639,	0.500
82.271,	164.344,	0.240292,	0.001527,	280.637,	0.490
82.368,	164.538,	0.257462,	0.001340,	280.636,	0.545
82.458,	164.714,	0.272973,	0.003300,	280.630,	0.485
82.548,	164.891,	0.288587,	0.003832,	280.630,	0.495
82.634,	165.071,	0.302972,	0.002415,	280.628,	0.500
82.724,	165.247,	0.317570,	0.003287,	280.626,	0.485
82.822,	165.445,	0.332554,	0.002189,	280.624,	0.550
82.912,	165.622,	0.348119,	0.001493,	280.621,	0.490
82.998,	165.798,	0.361264,	0.002550,	280.619,	0.490
83.088,	165.978,	0.372101,	0.002107,	280.615,	0.500
83.178,	166.154,	0.156416,	0.002150,	280.613,	0.485
83.275,	166.349,	0.081888,	0.001219,	280.611,	0.550
83.362,	166.525,	0.084915,	0.001971,	280.608,	0.490
83.452,	166.702,	0.088402,	0.002609,	280.606,	0.490
83.542,	166.882,	0.090451,	0.002417,	280.604,	0.500
83.628,	167.058,	0.063717,	0.002122,	280.601,	0.490
83.729,	167.252,	-0.006371,	0.001973,	280.599,	0.540
83.815,	167.432,	-0.006387,	0.002490,	280.596,	0.495
83.905,	167.609,	-0.006490,	0.002848,	280.594,	0.485
83.995,	167.785,	-0.006358,	0.002191,	280.592,	0.500
84.082,	167.962,	0.037611,	0.003003,	280.590,	0.490
84.179,	168.156,	0.002496,	0.001111,	280.586,	0.540
84.269,	168.336,	-0.005828,	0.002029,	280.585,	0.495
84.355,	168.512,	-0.006393,	0.002893,	280.583,	0.490
84.445,	168.689,	-0.006174,	0.003511,	280.579,	0.495
84.535,	168.869,	0.107738,	0.002160,	280.576,	0.495
84.632,	169.060,	0.156713,	0.002813,	280.575,	0.535
84.719,	169.236,	0.158788,	0.002120,	280.573,	0.490
84.809,	169.416,	0.403298,	0.003718,	280.570,	0.500
84.899,	169.592,	0.532347,	0.001456,	280.567,	0.490
84.985,	169.772,	0.535690,	0.002544,	280.565,	0.495
85.082,	169.967,	0.537404,	0.001762,	280.563,	0.540
85.172,	170.140,	0.539273,	0.002617,	280.560,	0.485
85.259,	170.320,	0.474563,	0.002184,	280.557,	0.500
85.349,	170.496,	0.034100,	0.001941,	280.556,	0.485
85.439,	170.672,	-0.005479,	0.001460,	280.553,	0.495
85.536,	170.870,	-0.006763,	0.002264,	280.553,	0.545
85.622,	171.047,	-0.006228,	0.002671,	280.548,	0.490
85.712,	171.227,	-0.006401,	0.001357,	280.546,	0.500
85.802,	171.403,	-0.006302,	0.002497,	280.544,	0.490
85.889,	171.580,	-0.006267,	0.002654,	280.541,	0.490
85.986,	171.770,	-0.006728,	0.002813,	280.538,	0.535
86.076,	171.950,	-0.005758,	0.002529,	280.535,	0.500
86.166,	172.127,	-0.006678,	0.002277,	280.534,	0.490
86.252,	172.307,	-0.006443,	0.001971,	280.530,	0.495
86.342,	172.483,	-0.006252,	0.002716,	280.528,	0.490
86.440,	172.674,	-0.006288,	0.000986,	280.526,	0.535
86.526,	172.854,	-0.006012,	0.002005,	280.524,	0.500
86.616,	173.034,	-0.005576,	0.002053,	280.519,	0.495
86.706,	173.207,	-0.004846,	0.002305,	280.517,	0.485
86.792,	173.387,	-0.006823,	0.003296,	280.516,	0.500
86.890,	173.581,	-0.007656,	0.001715,	280.514,	0.535
86.980,	173.758,	-0.006840,	0.002990,	280.510,	0.495
87.070,	173.938,	-0.007721,	0.001596,	280.509,	0.495
87.156,	174.114,	-0.006555,	0.001566,	280.506,	0.490
87.246,	174.290,	-0.005861,	0.002477,	280.505,	0.495
87.343,	174.485,	-0.006152,	0.001945,	280.501,	0.540
87.433,	174.661,	-0.005727,	0.002339,	280.499,	0.490
87.520,	174.841,	-0.005632,	0.001840,	280.498,	0.500
87.610,	175.018,	-0.005447,	0.002837,	280.496,	0.490
87.700,	175.198,	-0.005759,	0.002583,	280.495,	0.495
87.797,	175.392,	-0.004601,	0.001284,	280.490,	0.540
87.883,	175.568,	-0.004406,	0.002800,	280.489,	0.490
87.973,	175.748,	-0.005062,	0.003369,	280.486,	0.500
88.063,	175.921,	-0.005846,	0.001615,	280.483,	0.485
88.150,	176.101,	-0.006917,	0.001284,	280.480,	0.500
88.247,	176.296,	-0.007114,	0.002649,	280.479,	0.535
88.337,	176.472,	-0.005478,	0.003050,	280.476,	0.495
88.427,	176.648,	-0.005099,	0.001988,	280.472,	0.490
88.513,	176.828,	-0.004483,	0.003175,	280.471,	0.495
88.603,	177.005,	-0.004504,	0.003350,	280.469,	0.490
88.700,	177.196,	-0.003999,	0.002430,	280.468,	0.535
88.790,	177.376,	-0.003227,	0.001663,	280.463,	0.500
88.877,	177.552,	-0.003919,	0.002182,	280.461,	0.490
88.967,	177.732,	-0.004931,	0.002027,	280.459,	0.495
89.053,	177.908,	-0.005441,	0.002264,	280.457,	0.495
89.150,	178.103,	-0.004870,	0.002247,	280.454,	0.540
89.240,	178.283,	-0.004763,	0.002160,	280.451,	0.495
89.330,	178.456,	-0.004734,	0.001822,	280.450,	0.490
89.417,	178.636,	-0.004290,	0.001609,	280.448,	0.495
89.507,	178.816,	-0.005790,	0.002428,	280.443,	0.495
89.604,	179.006,	-0.006191,	0.002669,	280.442,	0.535
89.694,	179.186,	-0.006199,	0.002389,	280.439,	0.500
89.780,	179.363,	-0.006605,	0.001631,	280.437,	0.490
89.870,	179.539,	-0.007454,	0.002680,	280.434,	0.490
89.960,	179.719,	-0.007800,	0.001868,	280.433,	0.495
