Smpl, Det, sig,    mon,    Ring,  sec
#lmd,   E,  HOYAX,  Y,  Smpl,  Det, AGC X, Y, Smpl, Det, pps
#6.60075,	187.8336,	-5.799,	-5.000,	69.376,	139.937,	0.000,	-76.000,	0.000,	29.999,100

69.368,	139.903,	0.008532,	-0.002465,	217.700,	80.636
69.544,	140.254,	0.010066,	-0.000504,	217.700,	0.580
69.692,	140.549,	0.012878,	-0.000321,	217.700,	0.495
69.834,	140.849,	0.016458,	0.000392,	217.700,	0.495
69.984,	141.151,	0.019843,	0.000008,	217.700,	0.495
70.136,	141.437,	0.020658,	0.000151,	217.700,	0.490
70.294,	141.768,	0.020401,	-0.000315,	217.700,	0.540
70.442,	142.066,	0.019673,	-0.000457,	217.700,	0.495
70.592,	142.351,	0.017249,	-0.001013,	217.700,	0.495
70.744,	142.651,	0.015228,	0.000159,	217.700,	0.490
70.888,	142.956,	0.010240,	0.000547,	217.700,	0.495
71.052,	143.268,	0.010954,	-0.001842,	217.700,	0.540
71.200,	143.566,	0.013298,	0.000054,	217.700,	0.495
71.342,	143.866,	0.016859,	-0.000409,	217.700,	0.495
71.492,	144.166,	0.019313,	-0.000618,	217.700,	0.490
71.640,	144.461,	0.022222,	0.000896,	217.700,	0.495
71.804,	144.790,	0.024850,	-0.002191,	217.700,	0.540
71.952,	145.087,	0.027149,	0.000136,	217.700,	0.495
72.098,	145.378,	0.027332,	-0.000140,	217.700,	0.495
72.246,	145.670,	0.025822,	0.000013,	217.700,	0.490
72.400,	145.966,	0.022926,	0.000676,	217.700,	0.495
72.556,	146.294,	0.018441,	-0.000584,	217.700,	0.540
72.710,	146.585,	0.014886,	-0.000433,	217.700,	0.495
72.854,	146.892,	0.013746,	-0.000366,	217.700,	0.495
73.002,	147.185,	0.014539,	-0.000774,	217.700,	0.490
73.150,	147.480,	0.017811,	-0.000409,	217.700,	0.495
73.316,	147.797,	0.021386,	-0.000702,	217.700,	0.540
73.460,	148.102,	0.026328,	-0.000513,	217.700,	0.495
73.606,	148.392,	0.032131,	0.000465,	217.700,	0.490
73.760,	148.687,	0.037327,	-0.000513,	217.700,	0.495
73.904,	148.992,	0.039045,	0.000433,	217.700,	0.495
74.068,	149.316,	0.039579,	-0.000185,	217.700,	0.535
74.212,	149.606,	0.038379,	-0.000231,	217.700,	0.495
74.358,	149.899,	0.035214,	0.000821,	217.700,	0.490
74.506,	150.194,	0.029916,	-0.000123,	217.700,	0.495
74.658,	150.497,	0.026781,	-0.000045,	217.700,	0.495
74.810,	150.785,	0.023780,	0.000151,	217.700,	0.490
74.970,	151.106,	0.021812,	0.000088,	217.700,	0.540
75.112,	151.406,	0.023933,	0.000077,	217.700,	0.495
75.262,	151.704,	0.029575,	-0.000427,	217.700,	0.490
75.412,	152.006,	0.037011,	-0.000461,	217.700,	0.495
75.556,	152.294,	0.047923,	-0.000127,	217.700,	0.495
75.718,	152.621,	0.059985,	-0.001495,	217.700,	0.540
75.866,	152.914,	0.071380,	-0.001207,	217.700,	0.495
76.016,	153.211,	0.081575,	0.000179,	217.700,	0.490
76.168,	153.499,	0.088244,	-0.000750,	217.700,	0.495
76.314,	153.811,	0.093126,	-0.000487,	217.700,	0.495
76.478,	154.135,	0.092092,	-0.000381,	217.700,	0.540
76.626,	154.418,	0.088739,	0.000090,	217.700,	0.495
76.770,	154.721,	0.083127,	-0.001183,	217.700,	0.495
76.924,	155.011,	0.075945,	0.000284,	217.700,	0.490
77.068,	155.318,	0.068868,	-0.000718,	217.700,	0.495
77.218,	155.616,	0.063468,	0.000045,	217.700,	0.495
77.384,	155.933,	0.059870,	-0.001590,	217.700,	0.540
77.528,	156.223,	0.063815,	-0.000224,	217.700,	0.495
77.674,	156.530,	0.072987,	-0.001334,	217.700,	0.495
77.824,	156.828,	0.087811,	-0.001166,	217.700,	0.490
77.972,	157.126,	0.109222,	0.000304,	217.700,	0.495
78.132,	157.447,	0.138399,	-0.001573,	217.700,	0.540
78.286,	157.738,	0.170543,	-0.000655,	217.700,	0.495
78.432,	158.030,	0.205593,	-0.000386,	217.700,	0.490
78.582,	158.328,	0.241910,	0.001484,	217.700,	0.495
78.724,	158.630,	0.278049,	0.000586,	217.700,	0.495
78.884,	158.950,	0.314165,	-0.000515,	217.700,	0.535
79.038,	159.242,	0.344852,	-0.000483,	217.700,	0.495
79.186,	159.538,	0.370123,	0.000058,	217.700,	0.490
79.326,	159.835,	0.389600,	-0.000599,	217.700,	0.495
79.476,	160.135,	0.403176,	-0.000690,	217.700,	0.490
79.638,	160.457,	0.410973,	-0.001491,	217.700,	0.540
79.784,	160.750,	0.414321,	-0.000677,	217.700,	0.495
79.934,	161.050,	0.413559,	-0.001172,	217.700,	0.490
80.082,	161.342,	0.410256,	0.000976,	217.700,	0.495
80.234,	161.633,	0.407696,	-0.001355,	217.700,	0.490
80.396,	161.957,	0.406371,	-0.000035,	217.700,	0.540
80.542,	162.252,	0.411042,	-0.000058,	217.700,	0.495
80.692,	162.550,	0.421082,	-0.000377,	217.700,	0.490
80.836,	162.852,	0.441066,	0.000310,	217.700,	0.495
80.982,	163.145,	0.468722,	-0.001594,	217.700,	0.495
81.144,	163.469,	0.512681,	-0.001980,	217.700,	0.540
81.292,	163.766,	0.567124,	0.000510,	217.700,	0.495
81.444,	164.069,	0.632295,	0.000683,	217.700,	0.490
81.588,	164.359,	0.708984,	0.000136,	217.700,	0.495
81.742,	164.650,	0.801121,	0.000213,	217.700,	0.495
81.888,	164.942,	0.899340,	0.000069,	217.700,	0.490
82.052,	165.271,	1.020555,	-0.000834,	217.700,	0.540
82.198,	165.576,	1.141048,	-0.000524,	217.700,	0.495
82.342,	165.866,	1.267678,	0.000217,	217.700,	0.490
82.496,	166.159,	1.395619,	0.000280,	217.700,	0.495
82.638,	166.457,	1.533604,	-0.001101,	217.700,	0.490
82.806,	166.776,	1.681070,	-0.000864,	217.700,	0.540
82.948,	167.078,	1.808734,	0.000034,	217.700,	0.495
83.094,	167.371,	1.939211,	0.000676,	217.700,	0.490
83.242,	167.666,	2.068649,	0.000437,	217.700,	0.495
83.394,	167.969,	2.193118,	-0.000175,	217.700,	0.495
83.552,	168.286,	2.319922,	-0.000974,	217.700,	0.535
83.704,	168.574,	2.432252,	-0.000847,	217.700,	0.495
83.852,	168.869,	2.535745,	-0.001163,	217.700,	0.490
84.002,	169.169,	2.630336,	-0.000461,	217.700,	0.495
84.144,	169.469,	2.716182,	0.000336,	217.700,	0.490
84.310,	169.786,	2.800381,	-0.001842,	217.700,	0.540
84.456,	170.078,	2.869398,	-0.000287,	217.700,	0.495
84.606,	170.378,	2.929092,	0.000403,	217.700,	0.490
84.754,	170.676,	2.982824,	-0.001413,	217.700,	0.495
84.898,	170.976,	3.026896,	-0.000142,	217.700,	0.490
85.058,	171.298,	3.068234,	-0.000827,	217.700,	0.540
85.208,	171.595,	3.098313,	-0.000769,	217.700,	0.495
85.356,	171.893,	3.121252,	-0.001097,	217.700,	0.490
85.506,	172.176,	3.140277,	-0.000573,	217.700,	0.495
85.650,	172.481,	3.151118,	-0.000679,	217.700,	0.490
85.814,	172.810,	3.158370,	-0.000942,	217.700,	0.540
85.960,	173.105,	3.162092,	-0.000112,	217.700,	0.495
86.112,	173.390,	3.160920,	0.000112,	217.700,	0.490
86.256,	173.693,	3.156400,	0.000702,	217.700,	0.495
86.402,	173.986,	3.149371,	0.000008,	217.700,	0.490
86.564,	174.310,	3.137581,	-0.000336,	217.700,	0.540
86.712,	174.607,	3.126537,	-0.000681,	217.700,	0.495
86.864,	174.907,	3.114494,	0.000000,	217.700,	0.490
87.010,	175.200,	3.099068,	-0.001209,	217.700,	0.490
87.162,	175.490,	3.083257,	-0.001415,	217.700,	0.495
87.318,	175.817,	3.065130,	-0.000235,	217.700,	0.540
87.468,	176.117,	3.047625,	-0.000939,	217.700,	0.490
87.614,	176.407,	3.031871,	0.000491,	217.700,	0.495
87.764,	176.695,	3.016355,	0.000207,	217.700,	0.490
87.912,	176.990,	2.998013,	0.000429,	217.700,	0.495
88.074,	177.312,	0.004162,	-0.001103,	217.700,	0.535
88.216,	177.614,	0.002135,	0.000103,	217.700,	0.495
88.368,	177.902,	0.000353,	-0.000369,	217.700,	0.490
88.514,	178.207,	-0.000442,	0.000844,	217.700,	0.495
88.662,	178.505,	0.004162,	-0.000409,	217.700,	0.490
88.828,	178.822,	0.001155,	-0.000836,	217.700,	0.540
88.972,	179.124,	0.001771,	-0.000786,	217.700,	0.495
89.116,	179.414,	0.001467,	-0.000084,	217.700,	0.490
89.264,	179.710,	0.012121,	-0.000205,	217.700,	0.495
89.414,	180.010,	0.028825,	-0.000084,	217.700,	0.490
