Num, Lmd, sig,    mon,    Ring,  sec
#lmd,   E,  HOYAX,  Y,  Smpl,  Det, AGC X, Y, Smpl, Det
#6.65088,	186.4178,	-5.799,	94.000,	65.000,	30.000,	0.000,	-76.000,	0.000,	29.999

1,	6.65088,	0.000894,	-0.002236,	217.700,	87.965
2,	6.65088,	-0.000108,	-0.001002,	217.700,	0.545
3,	6.65088,	0.000006,	-0.000849,	217.700,	0.505
4,	6.65088,	0.000379,	-0.001657,	217.700,	0.500
5,	6.65088,	-0.000183,	-0.000392,	217.700,	0.500
6,	6.65088,	0.001269,	-0.000349,	217.700,	0.495
7,	6.65088,	-0.000155,	-0.000487,	217.700,	0.505
8,	6.65088,	0.000226,	0.000103,	217.700,	0.550
9,	6.65088,	0.000922,	-0.001004,	217.700,	0.550
10,	6.65088,	-0.000599,	-0.001092,	217.700,	0.500
11,	6.65088,	0.000504,	-0.000610,	217.700,	0.500
12,	6.65088,	0.000323,	-0.001211,	217.700,	0.500
13,	6.65088,	0.000588,	-0.001179,	217.700,	0.500
14,	6.65088,	0.000717,	-0.000246,	217.700,	0.550
15,	6.65088,	0.000304,	0.000077,	217.700,	0.505
16,	6.65088,	0.000407,	-0.000722,	217.700,	0.495
17,	6.65088,	0.000702,	-0.001185,	217.700,	0.500
18,	6.65088,	-0.000351,	-0.000216,	217.700,	0.500
19,	6.65088,	-0.000033,	0.000164,	217.700,	0.555
20,	6.65088,	0.000836,	-0.000474,	217.700,	0.500
21,	6.65088,	0.000577,	-0.000631,	217.700,	0.500
22,	6.65088,	-0.000450,	-0.001372,	217.700,	0.500
23,	6.65088,	-0.000056,	0.000310,	217.700,	0.500
24,	6.65088,	-0.000063,	-0.000416,	217.700,	0.500
25,	6.65088,	0.000355,	-0.001263,	217.700,	0.550
26,	6.65088,	-0.000177,	0.000000,	217.700,	0.550
27,	6.65088,	-0.000194,	-0.001021,	217.700,	0.545
28,	6.65088,	0.000922,	-0.000168,	217.700,	0.555
29,	6.65088,	-0.000946,	-0.000153,	217.700,	0.500
30,	6.65088,	0.001299,	-0.000894,	217.700,	0.500
31,	6.65088,	-0.000205,	-0.000584,	217.700,	0.500
32,	6.65088,	0.000791,	-0.000201,	217.700,	0.495
33,	6.65088,	0.000088,	-0.000554,	217.700,	0.555
34,	6.65088,	0.000444,	-0.000560,	217.700,	0.495
35,	6.65088,	-0.000194,	-0.001271,	217.700,	0.505
36,	6.65088,	0.000069,	-0.000521,	217.700,	0.500
37,	6.65088,	-0.000377,	-0.000491,	217.700,	0.495
38,	6.65088,	0.000138,	-0.000336,	217.700,	0.500
39,	6.65088,	0.000362,	-0.000741,	217.700,	0.550
40,	6.65088,	0.000360,	-0.000646,	217.700,	0.550
41,	6.65088,	0.000541,	-0.000397,	217.700,	0.555
42,	6.65088,	-0.000015,	0.000267,	217.700,	0.550
43,	6.65088,	0.000207,	-0.000216,	217.700,	0.545
44,	6.65088,	-0.000039,	-0.000711,	217.700,	0.505
45,	6.65088,	0.000526,	-0.000405,	217.700,	0.500
46,	6.65088,	0.000342,	-0.001172,	217.700,	0.500
47,	6.65088,	0.000052,	-0.001183,	217.700,	0.500
48,	6.65088,	0.001448,	-0.001398,	217.700,	0.550
49,	6.65088,	-0.000474,	-0.000088,	217.700,	0.500
50,	6.65088,	0.000144,	-0.001166,	217.700,	0.495
51,	6.65088,	0.000088,	-0.000153,	217.700,	0.505
52,	6.65088,	0.000556,	-0.000659,	217.700,	0.500
53,	6.65088,	0.000284,	0.000080,	217.700,	0.500
54,	6.65088,	-0.000608,	-0.000765,	217.700,	0.550
55,	6.65088,	0.000138,	0.000073,	217.700,	0.550
56,	6.65088,	0.000021,	-0.000399,	217.700,	0.550
57,	6.65088,	0.000224,	-0.001530,	217.700,	0.550
58,	6.65088,	0.000271,	-0.000302,	217.700,	0.545
59,	6.65088,	-0.000550,	-0.000858,	217.700,	0.505
60,	6.65088,	0.000838,	-0.000160,	217.700,	0.495
61,	6.65088,	0.000200,	0.000332,	217.700,	0.505
62,	6.65088,	0.000452,	-0.001120,	217.700,	0.495
63,	6.65088,	-0.000420,	-0.000231,	217.700,	0.555
64,	6.65088,	0.000092,	-0.001019,	217.700,	0.495
65,	6.65088,	0.000325,	-0.000802,	217.700,	0.505
66,	6.65088,	0.000215,	0.001165,	217.700,	0.495
67,	6.65088,	0.000086,	-0.000588,	217.700,	0.505
68,	6.65088,	-0.000117,	-0.000618,	217.700,	0.500
69,	6.65088,	0.000551,	-0.001564,	217.700,	0.550
70,	6.65088,	0.001034,	-0.001689,	217.700,	0.495
71,	6.65088,	0.000155,	-0.001366,	217.700,	0.505
72,	6.65088,	0.000909,	0.000288,	217.700,	0.495
73,	6.65088,	0.000730,	-0.001405,	217.700,	0.505
74,	6.65088,	0.000381,	-0.001153,	217.700,	0.550
75,	6.65088,	-0.000162,	-0.000004,	217.700,	0.550
76,	6.65088,	0.000166,	-0.000870,	217.700,	0.545
77,	6.65088,	-0.000011,	-0.001316,	217.700,	0.555
78,	6.65088,	0.000918,	-0.000173,	217.700,	0.500
79,	6.65088,	0.000491,	0.000312,	217.700,	0.500
80,	6.65088,	0.000773,	-0.000552,	217.700,	0.500
81,	6.65088,	0.000816,	-0.000920,	217.700,	0.500
82,	6.65088,	-0.000330,	-0.000104,	217.700,	0.550
83,	6.65088,	-0.000129,	0.000446,	217.700,	0.500
84,	6.65088,	0.000676,	-0.000414,	217.700,	0.500
85,	6.65088,	0.000127,	-0.000937,	217.700,	0.500
86,	6.65088,	0.000267,	-0.000487,	217.700,	0.500
87,	6.65088,	0.000357,	0.000082,	217.700,	0.500
88,	6.65088,	0.000375,	-0.000896,	217.700,	0.550
89,	6.65088,	0.000534,	0.000084,	217.700,	0.550
90,	6.65088,	0.000760,	0.000092,	217.700,	0.500
91,	6.65088,	0.000198,	-0.000547,	217.700,	0.500
92,	6.65088,	0.000924,	0.000549,	217.700,	0.495
93,	6.65088,	0.000062,	-0.000013,	217.700,	0.505
94,	6.65088,	-0.000282,	-0.001041,	217.700,	0.545
95,	6.65088,	0.000008,	-0.000498,	217.700,	0.505
96,	6.65088,	-0.000110,	-0.000388,	217.700,	0.500
97,	6.65088,	0.000409,	-0.000310,	217.700,	0.500
98,	6.65088,	0.000801,	-0.000998,	217.700,	0.500
99,	6.65088,	0.000120,	0.000120,	217.700,	0.500
100,	6.65088,	0.000073,	-0.001200,	217.700,	0.550
