Num, Lmd, sig,    mon,    Ring,  sec
#lmd,   E,  HOYAX,  Y,  Smpl,  Det, AGC X, Y, Smpl, Det
#6.65076,	186.4212,	-31.800,	94.000,	65.000,	-0.062,	0.000,	-76.000,	0.000,	29.999

1,	6.65076,	45.465150,	-0.001745,	217.700,	15.130
2,	6.65088,	45.458580,	0.000398,	217.700,	0.550
3,	6.65088,	45.458300,	-0.000569,	217.700,	0.495
4,	6.65088,	45.452580,	-0.001273,	217.700,	0.500
5,	6.65088,	45.448380,	-0.001241,	217.700,	0.500
6,	6.65088,	45.451500,	-0.000022,	217.700,	0.505
7,	6.65088,	45.445060,	-0.000502,	217.700,	0.495
8,	6.65088,	45.447730,	-0.000741,	217.700,	0.555
9,	6.65088,	45.441400,	0.000196,	217.700,	0.550
10,	6.65088,	45.435760,	-0.001176,	217.700,	0.545
11,	6.65088,	45.436340,	-0.000849,	217.700,	0.500
12,	6.65088,	45.434640,	-0.000366,	217.700,	0.500
13,	6.65088,	45.435880,	0.000114,	217.700,	0.500
14,	6.65088,	45.432340,	-0.001069,	217.700,	0.505
15,	6.65088,	45.426060,	-0.001209,	217.700,	0.545
16,	6.65088,	45.436040,	-0.000166,	217.700,	0.500
17,	6.65088,	45.422290,	-0.001151,	217.700,	0.505
18,	6.65088,	45.431150,	-0.001030,	217.700,	0.495
19,	6.65076,	45.426350,	-0.001099,	217.700,	0.500
20,	6.65076,	45.427570,	-0.000748,	217.700,	0.500
21,	6.65088,	45.417890,	-0.000476,	217.700,	0.555
22,	6.65088,	45.426090,	-0.000918,	217.700,	0.495
23,	6.65088,	45.427000,	0.000741,	217.700,	0.500
24,	6.65088,	45.407790,	-0.001459,	217.700,	0.500
25,	6.65088,	45.419160,	-0.001308,	217.700,	0.500
26,	6.65088,	45.435390,	-0.000534,	217.700,	0.500
27,	6.65076,	45.427280,	-0.000020,	217.700,	0.555
28,	6.65088,	45.412970,	-0.000069,	217.700,	0.545
29,	6.65088,	45.406590,	-0.000967,	217.700,	0.550
30,	6.65088,	45.422740,	0.000127,	217.700,	0.505
31,	6.65088,	45.418310,	-0.000257,	217.700,	0.500
32,	6.65088,	45.401310,	-0.000269,	217.700,	0.495
33,	6.65088,	45.416990,	-0.000567,	217.700,	0.500
34,	6.65088,	45.420060,	-0.000748,	217.700,	0.555
35,	6.65088,	45.410070,	-0.000696,	217.700,	0.495
36,	6.65076,	45.410110,	-0.000621,	217.700,	0.505
37,	6.65088,	45.407320,	-0.001015,	217.700,	0.495
38,	6.65088,	45.406420,	-0.000444,	217.700,	0.500
39,	6.65088,	45.417230,	-0.001090,	217.700,	0.500
40,	6.65088,	45.407320,	0.000015,	217.700,	0.550
41,	6.65088,	45.411620,	-0.001476,	217.700,	0.550
42,	6.65088,	45.411970,	-0.000463,	217.700,	0.550
43,	6.65088,	45.405220,	-0.000967,	217.700,	0.555
44,	6.65088,	45.409900,	-0.000291,	217.700,	0.545
45,	6.65088,	45.413080,	-0.000539,	217.700,	0.500
46,	6.65088,	45.414410,	0.000155,	217.700,	0.500
47,	6.65088,	45.418750,	0.000136,	217.700,	0.500
48,	6.65088,	45.400270,	0.000388,	217.700,	0.500
49,	6.65088,	45.410720,	-0.000427,	217.700,	0.555
50,	6.65076,	45.414510,	-0.000384,	217.700,	0.500
51,	6.65088,	45.423490,	0.000056,	217.700,	0.495
52,	6.65088,	45.412670,	-0.001265,	217.700,	0.500
53,	6.65088,	45.411760,	-0.000705,	217.700,	0.500
54,	6.65088,	45.416670,	-0.000914,	217.700,	0.500
55,	6.65088,	45.417790,	-0.001342,	217.700,	0.550
56,	6.65088,	45.426600,	-0.001273,	217.700,	0.555
57,	6.65088,	45.404410,	-0.000099,	217.700,	0.500
58,	6.65088,	45.410530,	-0.000293,	217.700,	0.495
59,	6.65088,	45.423180,	-0.001168,	217.700,	0.500
60,	6.65088,	45.420150,	0.000702,	217.700,	0.505
61,	6.65088,	45.418620,	-0.001708,	217.700,	0.550
62,	6.65088,	45.413240,	-0.000567,	217.700,	0.545
63,	6.65088,	45.424200,	-0.000317,	217.700,	0.505
64,	6.65088,	45.421880,	-0.000114,	217.700,	0.495
65,	6.65088,	45.414970,	-0.001088,	217.700,	0.500
66,	6.65088,	45.431550,	-0.000272,	217.700,	0.500
67,	6.65088,	45.424610,	-0.000481,	217.700,	0.555
68,	6.65088,	45.418440,	0.000482,	217.700,	0.500
69,	6.65088,	45.433100,	0.000138,	217.700,	0.495
70,	6.65088,	45.416290,	0.000566,	217.700,	0.505
71,	6.65088,	45.411710,	-0.000254,	217.700,	0.500
72,	6.65088,	45.411500,	-0.001202,	217.700,	0.495
73,	6.65088,	45.431470,	-0.001773,	217.700,	0.550
74,	6.65088,	45.430660,	-0.001394,	217.700,	0.500
75,	6.65088,	45.441120,	-0.000625,	217.700,	0.505
76,	6.65088,	45.435840,	0.000172,	217.700,	0.500
77,	6.65088,	45.448690,	-0.000099,	217.700,	0.500
78,	6.65088,	45.466010,	0.000021,	217.700,	0.495
79,	6.65088,	45.466360,	-0.000974,	217.700,	0.555
80,	6.65088,	45.462660,	-0.000662,	217.700,	0.550
81,	6.65088,	45.467250,	-0.000302,	217.700,	0.545
82,	6.65088,	45.477200,	-0.000390,	217.700,	0.505
83,	6.65088,	45.469230,	-0.000638,	217.700,	0.495
84,	6.65088,	45.499580,	-0.000222,	217.700,	0.505
85,	6.65088,	45.486950,	-0.000517,	217.700,	0.495
86,	6.65088,	45.493740,	-0.001329,	217.700,	0.555
87,	6.65088,	45.538710,	-0.001547,	217.700,	0.500
88,	6.65076,	45.549730,	-0.000629,	217.700,	0.495
89,	6.65088,	45.558460,	-0.000569,	217.700,	0.505
90,	6.65088,	45.553890,	0.000504,	217.700,	0.495
91,	6.65088,	45.561140,	-0.000185,	217.700,	0.500
92,	6.65088,	45.561630,	-0.000313,	217.700,	0.550
93,	6.65088,	45.562800,	-0.000407,	217.700,	0.505
94,	6.65088,	45.586100,	-0.000233,	217.700,	0.500
95,	6.65088,	45.576890,	0.000401,	217.700,	0.495
96,	6.65088,	45.577230,	0.000049,	217.700,	0.505
97,	6.65088,	45.594080,	0.000056,	217.700,	0.500
98,	6.65088,	45.590450,	-0.000207,	217.700,	0.545
99,	6.65088,	45.587030,	-0.000293,	217.700,	0.555
100,	6.65088,	45.597130,	0.000338,	217.700,	0.550
