Num, Lmd, sig,    mon,    Ring,  sec
#lmd,   E,  HOYAX,  Y,  Smpl,  Det, AGC X, Y, Smpl, Det
#6.55074,	189.2675,	-31.800,	94.000,	65.000,	-0.062,	0.000,	-76.000,	0.000,	29.999

1,	6.55074,	43.176940,	-0.001868,	217.700,	15.165
2,	6.55074,	43.174510,	-0.001734,	217.700,	0.545
3,	6.55074,	43.186250,	0.000525,	217.700,	0.500
4,	6.55074,	43.180580,	-0.000472,	217.700,	0.500
5,	6.55074,	43.169340,	-0.000440,	217.700,	0.500
6,	6.55074,	43.187470,	-0.000720,	217.700,	0.505
7,	6.55074,	43.180090,	-0.000782,	217.700,	0.550
8,	6.55074,	43.174590,	-0.000248,	217.700,	0.545
9,	6.55074,	43.181830,	-0.000506,	217.700,	0.500
10,	6.55074,	43.181760,	-0.001151,	217.700,	0.500
11,	6.55074,	43.178190,	0.001210,	217.700,	0.500
12,	6.55074,	43.173490,	-0.000313,	217.700,	0.505
13,	6.55074,	43.173200,	-0.000922,	217.700,	0.545
14,	6.55074,	43.180910,	-0.000257,	217.700,	0.500
15,	6.55074,	43.179940,	0.000101,	217.700,	0.500
16,	6.55074,	43.180640,	-0.000211,	217.700,	0.500
17,	6.55074,	43.172210,	-0.000756,	217.700,	0.505
18,	6.55074,	43.180120,	-0.000931,	217.700,	0.500
19,	6.55074,	43.176880,	-0.000664,	217.700,	0.545
20,	6.55074,	43.176450,	-0.000440,	217.700,	0.550
21,	6.55074,	43.178920,	-0.001135,	217.700,	0.550
22,	6.55074,	43.174640,	-0.001629,	217.700,	0.555
23,	6.55074,	43.178350,	-0.001312,	217.700,	0.545
24,	6.55074,	43.175290,	-0.001435,	217.700,	0.500
25,	6.55074,	43.174090,	0.000265,	217.700,	0.500
26,	6.55074,	43.172080,	-0.000799,	217.700,	0.500
27,	6.55074,	43.173280,	-0.001235,	217.700,	0.505
28,	6.55074,	43.183410,	-0.001439,	217.700,	0.545
29,	6.55074,	43.174680,	-0.000849,	217.700,	0.500
30,	6.55074,	43.170940,	0.000489,	217.700,	0.500
31,	6.55074,	43.177670,	0.000019,	217.700,	0.500
32,	6.55074,	43.181780,	-0.001286,	217.700,	0.500
33,	6.55074,	43.179310,	-0.000257,	217.700,	0.505
34,	6.55074,	43.178600,	-0.001282,	217.700,	0.550
35,	6.55074,	43.177630,	0.000273,	217.700,	0.500
36,	6.55074,	43.181440,	-0.000317,	217.700,	0.495
37,	6.55074,	43.169190,	0.000543,	217.700,	0.505
38,	6.55074,	43.175860,	-0.001553,	217.700,	0.495
39,	6.55074,	43.175060,	-0.000707,	217.700,	0.550
40,	6.55074,	43.176810,	-0.000726,	217.700,	0.555
41,	6.55074,	43.177010,	0.000064,	217.700,	0.550
42,	6.55074,	43.183140,	-0.001075,	217.700,	0.500
43,	6.55074,	43.172830,	-0.000582,	217.700,	0.500
44,	6.55074,	43.177510,	-0.000601,	217.700,	0.495
45,	6.55074,	43.177780,	-0.000136,	217.700,	0.500
46,	6.55074,	43.177850,	0.000500,	217.700,	0.555
47,	6.55074,	43.164150,	0.000517,	217.700,	0.500
48,	6.55074,	43.170160,	-0.000384,	217.700,	0.495
49,	6.55074,	43.177740,	-0.000237,	217.700,	0.500
50,	6.55074,	43.161730,	-0.000091,	217.700,	0.505
51,	6.55074,	43.162680,	-0.000896,	217.700,	0.500
52,	6.55074,	43.170110,	0.000077,	217.700,	0.550
53,	6.55074,	43.170430,	-0.000360,	217.700,	0.545
54,	6.55074,	43.170400,	-0.000513,	217.700,	0.555
55,	6.55074,	43.170650,	-0.000634,	217.700,	0.550
56,	6.55074,	43.172460,	-0.002029,	217.700,	0.545
57,	6.55074,	43.165630,	-0.001232,	217.700,	0.500
58,	6.55074,	43.157340,	-0.000052,	217.700,	0.505
59,	6.55074,	43.167070,	-0.000670,	217.700,	0.500
60,	6.55074,	43.158820,	0.000123,	217.700,	0.495
61,	6.55074,	43.158860,	-0.001265,	217.700,	0.550
62,	6.55074,	43.145410,	0.000099,	217.700,	0.500
63,	6.55074,	43.149540,	0.000564,	217.700,	0.505
64,	6.55074,	43.153500,	-0.000868,	217.700,	0.500
65,	6.55074,	43.141170,	-0.001161,	217.700,	0.495
66,	6.55074,	43.146140,	-0.000308,	217.700,	0.500
67,	6.55074,	43.145730,	-0.000590,	217.700,	0.550
68,	6.55074,	43.137420,	-0.000674,	217.700,	0.555
69,	6.55074,	43.145070,	-0.000521,	217.700,	0.545
70,	6.55074,	43.140950,	-0.000468,	217.700,	0.550
71,	6.55074,	43.137610,	-0.000274,	217.700,	0.550
72,	6.55074,	43.136210,	0.000364,	217.700,	0.505
73,	6.55074,	43.134180,	-0.000095,	217.700,	0.500
74,	6.55074,	43.131770,	-0.000052,	217.700,	0.500
75,	6.55074,	43.126800,	-0.000162,	217.700,	0.495
76,	6.55074,	43.126960,	-0.001153,	217.700,	0.550
77,	6.55074,	43.121900,	-0.000569,	217.700,	0.500
78,	6.55074,	43.123320,	-0.000543,	217.700,	0.500
79,	6.55074,	43.125610,	-0.000765,	217.700,	0.505
80,	6.55074,	43.115780,	-0.000569,	217.700,	0.500
81,	6.55074,	43.114110,	0.000127,	217.700,	0.555
82,	6.55074,	43.132390,	-0.001155,	217.700,	0.495
83,	6.55074,	43.118050,	0.000788,	217.700,	0.505
84,	6.55074,	43.117810,	0.000579,	217.700,	0.500
85,	6.55074,	43.118590,	0.000532,	217.700,	0.495
86,	6.55074,	43.117160,	-0.001775,	217.700,	0.555
87,	6.55074,	43.114330,	-0.000444,	217.700,	0.550
88,	6.55074,	43.114120,	-0.000287,	217.700,	0.500
89,	6.55074,	43.115920,	-0.000868,	217.700,	0.495
90,	6.55074,	43.117670,	-0.000300,	217.700,	0.500
91,	6.55074,	43.104190,	-0.000369,	217.700,	0.500
92,	6.55074,	43.088080,	-0.000528,	217.700,	0.555
93,	6.55074,	43.092250,	-0.000170,	217.700,	0.550
94,	6.55074,	43.122670,	-0.001467,	217.700,	0.500
95,	6.55074,	43.095880,	-0.000353,	217.700,	0.500
96,	6.55074,	43.104480,	0.000338,	217.700,	0.495
97,	6.55074,	43.124070,	-0.000911,	217.700,	0.500
98,	6.55074,	43.115520,	-0.000073,	217.700,	0.550
99,	6.55074,	43.127120,	-0.001224,	217.700,	0.500
100,	6.55074,	43.131700,	-0.000405,	217.700,	0.505
