Num, Lmd, sig,    mon,    Ring,  sec
#lmd,   E,  HOYAX,  Y,  Smpl,  Det, AGC X, Y, Smpl, Det
#6.75067,	183.6621,	-5.799,	94.000,	65.000,	30.000,	0.000,	-76.000,	0.000,	29.999

1,	6.75067,	-0.000168,	-0.002915,	217.700,	88.125
2,	6.75067,	0.000760,	-0.000403,	217.700,	0.545
3,	6.75067,	-0.000147,	-0.001534,	217.700,	0.555
4,	6.75067,	0.000032,	-0.000812,	217.700,	0.545
5,	6.75067,	0.000519,	-0.000166,	217.700,	0.500
6,	6.75067,	0.000920,	-0.000657,	217.700,	0.505
7,	6.75067,	0.000719,	-0.000310,	217.700,	0.500
8,	6.75067,	0.000648,	-0.000147,	217.700,	0.500
9,	6.75067,	-0.000853,	-0.002014,	217.700,	0.545
10,	6.75067,	-0.000127,	-0.001407,	217.700,	0.500
11,	6.75067,	0.000340,	-0.001174,	217.700,	0.500
12,	6.75067,	-0.000535,	-0.000233,	217.700,	0.505
13,	6.75067,	0.000853,	0.000060,	217.700,	0.500
14,	6.75067,	0.000452,	-0.000573,	217.700,	0.500
15,	6.75067,	0.000801,	-0.000276,	217.700,	0.545
16,	6.75067,	0.000437,	-0.000164,	217.700,	0.550
17,	6.75067,	0.000416,	-0.000246,	217.700,	0.550
18,	6.75067,	0.000192,	-0.001161,	217.700,	0.550
19,	6.75067,	0.000144,	-0.001353,	217.700,	0.550
20,	6.75067,	-0.000242,	0.000474,	217.700,	0.500
21,	6.75067,	0.000164,	-0.001676,	217.700,	0.500
22,	6.75067,	0.000077,	0.000413,	217.700,	0.505
23,	6.75067,	0.000062,	-0.000679,	217.700,	0.500
24,	6.75067,	0.000549,	-0.001179,	217.700,	0.550
25,	6.75067,	0.000304,	-0.000345,	217.700,	0.500
26,	6.75067,	0.000329,	-0.000765,	217.700,	0.495
27,	6.75067,	-0.000015,	0.000157,	217.700,	0.505
28,	6.75067,	0.000674,	-0.000562,	217.700,	0.500
29,	6.75067,	0.000241,	-0.000067,	217.700,	0.550
30,	6.75067,	0.000584,	0.000282,	217.700,	0.495
31,	6.75067,	0.000541,	-0.000461,	217.700,	0.505
32,	6.75067,	0.000446,	-0.001629,	217.700,	0.500
33,	6.75067,	-0.000239,	-0.001056,	217.700,	0.500
34,	6.75067,	-0.000517,	-0.001446,	217.700,	0.545
35,	6.75067,	0.001368,	-0.000776,	217.700,	0.500
36,	6.75067,	-0.000392,	0.000467,	217.700,	0.505
37,	6.75067,	0.000515,	0.000116,	217.700,	0.495
38,	6.75067,	-0.000694,	-0.000274,	217.700,	0.505
39,	6.75067,	-0.000192,	0.000836,	217.700,	0.550
40,	6.75067,	-0.000584,	-0.000293,	217.700,	0.500
41,	6.75067,	0.000245,	0.000064,	217.700,	0.500
42,	6.75067,	-0.000097,	-0.000412,	217.700,	0.500
43,	6.75067,	0.000299,	-0.000188,	217.700,	0.500
44,	6.75067,	-0.000414,	-0.000980,	217.700,	0.550
45,	6.75067,	-0.000121,	-0.000776,	217.700,	0.550
46,	6.75067,	0.000782,	-0.000690,	217.700,	0.550
47,	6.75067,	0.000431,	-0.001273,	217.700,	0.500
48,	6.75067,	-0.000580,	0.000084,	217.700,	0.495
49,	6.75067,	-0.000153,	-0.000681,	217.700,	0.505
50,	6.75067,	0.000008,	-0.000705,	217.700,	0.500
51,	6.75067,	0.000616,	-0.000562,	217.700,	0.550
52,	6.75067,	0.000202,	0.000461,	217.700,	0.500
53,	6.75067,	0.000704,	0.000306,	217.700,	0.495
54,	6.75067,	-0.000093,	-0.000450,	217.700,	0.505
55,	6.75067,	0.000379,	-0.000668,	217.700,	0.500
56,	6.75067,	0.000607,	-0.000855,	217.700,	0.500
57,	6.75067,	0.000071,	-0.000011,	217.700,	0.550
58,	6.75067,	0.000747,	0.000062,	217.700,	0.500
59,	6.75067,	0.000036,	-0.001036,	217.700,	0.495
60,	6.75067,	0.000465,	-0.000817,	217.700,	0.500
61,	6.75067,	0.000002,	-0.000427,	217.700,	0.505
62,	6.75067,	0.000627,	-0.001297,	217.700,	0.495
63,	6.75067,	-0.000282,	-0.002447,	217.700,	0.555
64,	6.75067,	-0.000248,	-0.001525,	217.700,	0.545
65,	6.75067,	0.000125,	-0.001995,	217.700,	0.550
66,	6.75067,	-0.000267,	-0.001334,	217.700,	0.500
67,	6.75067,	-0.000058,	-0.001224,	217.700,	0.500
68,	6.75067,	-0.000336,	-0.000853,	217.700,	0.505
69,	6.75067,	-0.000071,	-0.000095,	217.700,	0.500
70,	6.75067,	0.000041,	-0.000060,	217.700,	0.550
71,	6.75067,	-0.000571,	-0.000644,	217.700,	0.500
72,	6.75067,	0.000926,	0.000041,	217.700,	0.500
73,	6.75067,	0.000312,	-0.001114,	217.700,	0.495
74,	6.75067,	0.000551,	-0.000136,	217.700,	0.505
75,	6.75067,	0.000448,	-0.000605,	217.700,	0.500
76,	6.75067,	-0.001286,	0.000726,	217.700,	0.550
77,	6.75067,	0.000321,	-0.000250,	217.700,	0.550
78,	6.75067,	0.000375,	0.000547,	217.700,	0.550
79,	6.75067,	0.000345,	-0.000909,	217.700,	0.550
80,	6.75067,	-0.000578,	-0.000944,	217.700,	0.545
81,	6.75067,	0.000472,	-0.001941,	217.700,	0.505
82,	6.75067,	0.000801,	-0.000664,	217.700,	0.495
83,	6.75067,	0.000564,	-0.000504,	217.700,	0.500
84,	6.75067,	-0.000310,	-0.000842,	217.700,	0.505
85,	6.75067,	-0.000093,	-0.000718,	217.700,	0.550
86,	6.75067,	0.000689,	-0.000608,	217.700,	0.500
87,	6.75067,	0.000166,	-0.000834,	217.700,	0.495
88,	6.75067,	-0.001110,	-0.000483,	217.700,	0.500
89,	6.75067,	-0.000868,	-0.000504,	217.700,	0.500
90,	6.75067,	0.001370,	-0.000039,	217.700,	0.500
91,	6.75067,	-0.000295,	0.000248,	217.700,	0.550
92,	6.75067,	0.000368,	-0.001146,	217.700,	0.500
93,	6.75067,	-0.000282,	-0.000644,	217.700,	0.505
94,	6.75067,	-0.000483,	-0.000491,	217.700,	0.500
95,	6.75067,	0.001198,	0.000625,	217.700,	0.500
96,	6.75067,	-0.001190,	-0.000957,	217.700,	0.545
97,	6.75067,	-0.000112,	-0.000104,	217.700,	0.555
98,	6.75067,	0.000517,	-0.000362,	217.700,	0.550
99,	6.75067,	-0.000797,	-0.000416,	217.700,	0.550
100,	6.75067,	0.000123,	-0.001250,	217.700,	0.500
