Num, Lmd, sig,    mon,    Ring,  sec
#lmd,   E,  HOYAX,  Y,  Smpl,  Det, AGC X, Y, Smpl, Det
#6.75067,	183.6621,	-31.800,	94.000,	65.000,	30.000,	0.000,	-76.000,	0.000,	29.999

1,	6.75067,	0.000668,	-0.002079,	217.700,	87.025
2,	6.75067,	-0.000101,	-0.000149,	217.700,	0.545
3,	6.75067,	0.000881,	-0.000325,	217.700,	0.505
4,	6.75067,	0.000420,	-0.000319,	217.700,	0.495
5,	6.75067,	-0.000881,	-0.000209,	217.700,	0.505
6,	6.75067,	-0.000601,	-0.001752,	217.700,	0.500
7,	6.75067,	0.000019,	-0.000293,	217.700,	0.550
8,	6.75067,	0.000114,	-0.000845,	217.700,	0.495
9,	6.75067,	-0.000222,	-0.000577,	217.700,	0.500
10,	6.75067,	-0.000929,	-0.000655,	217.700,	0.520
11,	6.75067,	0.000226,	-0.000248,	217.700,	0.495
12,	6.75067,	-0.000726,	-0.000157,	217.700,	0.500
13,	6.75067,	0.000603,	-0.000730,	217.700,	0.550
14,	6.75067,	-0.000356,	-0.001267,	217.700,	0.505
15,	6.75067,	0.000485,	-0.000890,	217.700,	0.495
16,	6.75067,	0.000373,	-0.000121,	217.700,	0.500
17,	6.75067,	-0.000170,	0.000164,	217.700,	0.500
18,	6.75067,	0.000099,	-0.001219,	217.700,	0.555
19,	6.75067,	-0.000394,	-0.000511,	217.700,	0.500
20,	6.75067,	0.000448,	-0.000379,	217.700,	0.500
21,	6.75067,	-0.000515,	-0.001043,	217.700,	0.495
22,	6.75067,	-0.000101,	-0.000252,	217.700,	0.505
23,	6.75067,	-0.000522,	0.000693,	217.700,	0.495
24,	6.75067,	-0.000455,	0.000553,	217.700,	0.550
25,	6.75067,	-0.000106,	-0.000313,	217.700,	0.550
26,	6.75067,	0.000183,	0.000538,	217.700,	0.550
27,	6.75067,	0.000732,	-0.000752,	217.700,	0.550
28,	6.75067,	-0.000302,	-0.000905,	217.700,	0.555
29,	6.75067,	0.000644,	-0.000674,	217.700,	0.500
30,	6.75067,	-0.000157,	-0.000584,	217.700,	0.500
31,	6.75067,	-0.001228,	-0.001062,	217.700,	0.495
32,	6.75067,	-0.000565,	-0.001512,	217.700,	0.500
33,	6.75067,	0.000047,	-0.000328,	217.700,	0.550
34,	6.75067,	-0.000595,	-0.000179,	217.700,	0.500
35,	6.75067,	-0.000106,	-0.000502,	217.700,	0.500
36,	6.75067,	-0.000080,	-0.001060,	217.700,	0.505
37,	6.75067,	-0.001269,	-0.000554,	217.700,	0.495
38,	6.75067,	0.000814,	-0.000511,	217.700,	0.550
39,	6.75067,	-0.001065,	-0.000071,	217.700,	0.505
40,	6.75067,	-0.000530,	-0.000907,	217.700,	0.495
41,	6.75067,	-0.000662,	-0.000838,	217.700,	0.505
42,	6.75067,	0.000857,	0.000616,	217.700,	0.500
43,	6.75067,	-0.000504,	0.001042,	217.700,	0.545
44,	6.75067,	0.000702,	0.000097,	217.700,	0.500
45,	6.75067,	-0.000819,	0.000028,	217.700,	0.505
46,	6.75067,	0.000138,	-0.000629,	217.700,	0.500
47,	6.75067,	-0.000588,	-0.000269,	217.700,	0.500
48,	6.75067,	0.000642,	-0.000440,	217.700,	0.495
49,	6.75067,	-0.000720,	-0.001280,	217.700,	0.550
50,	6.75067,	0.000047,	-0.000541,	217.700,	0.505
51,	6.75067,	-0.000009,	-0.001155,	217.700,	0.500
52,	6.75067,	-0.000037,	-0.000063,	217.700,	0.495
53,	6.75067,	0.000071,	-0.000690,	217.700,	0.500
54,	6.75067,	-0.000005,	0.000092,	217.700,	0.505
55,	6.75067,	0.001075,	0.000000,	217.700,	0.550
56,	6.75067,	-0.000315,	-0.001239,	217.700,	0.495
57,	6.75067,	0.000291,	-0.000366,	217.700,	0.500
58,	6.75067,	0.000013,	-0.000334,	217.700,	0.500
59,	6.75067,	0.000730,	0.000775,	217.700,	0.500
60,	6.75067,	-0.000330,	0.000946,	217.700,	0.500
61,	6.75067,	-0.000272,	0.000635,	217.700,	0.555
62,	6.75067,	-0.000026,	-0.000304,	217.700,	0.550
63,	6.75067,	0.000092,	-0.000698,	217.700,	0.550
64,	6.75067,	0.000571,	-0.000575,	217.700,	0.550
65,	6.75067,	-0.000356,	-0.001379,	217.700,	0.545
66,	6.75067,	0.000935,	0.000013,	217.700,	0.500
67,	6.75067,	0.000136,	-0.001030,	217.700,	0.500
68,	6.75067,	0.000052,	-0.000489,	217.700,	0.505
69,	6.75067,	-0.000578,	-0.000216,	217.700,	0.500
70,	6.75067,	0.000791,	-0.000726,	217.700,	0.550
71,	6.75067,	0.000829,	-0.000358,	217.700,	0.500
72,	6.75067,	0.000493,	0.000181,	217.700,	0.500
73,	6.75067,	0.000254,	-0.000500,	217.700,	0.500
74,	6.75067,	-0.000539,	-0.000136,	217.700,	0.495
75,	6.75067,	-0.000479,	-0.000926,	217.700,	0.500
76,	6.75067,	0.000228,	-0.000403,	217.700,	0.550
77,	6.75067,	-0.000095,	-0.000414,	217.700,	0.555
78,	6.75067,	-0.000007,	0.000459,	217.700,	0.550
79,	6.75067,	0.000388,	-0.000065,	217.700,	0.550
80,	6.75067,	-0.000149,	0.000370,	217.700,	0.545
81,	6.75067,	-0.000211,	-0.001428,	217.700,	0.500
82,	6.75067,	-0.000291,	0.000584,	217.700,	0.505
83,	6.75067,	0.000161,	-0.000453,	217.700,	0.500
84,	6.75067,	0.000463,	0.000323,	217.700,	0.500
85,	6.75067,	-0.000791,	-0.000666,	217.700,	0.545
86,	6.75067,	-0.000007,	-0.000810,	217.700,	0.505
87,	6.75067,	0.000433,	0.000368,	217.700,	0.500
88,	6.75067,	0.000364,	-0.000039,	217.700,	0.500
89,	6.75067,	0.000140,	-0.000160,	217.700,	0.495
90,	6.75067,	0.000722,	-0.000269,	217.700,	0.505
91,	6.75067,	-0.000935,	-0.000241,	217.700,	0.550
92,	6.75067,	0.001258,	0.000310,	217.700,	0.495
93,	6.75067,	-0.000479,	0.000213,	217.700,	0.500
94,	6.75067,	0.000401,	-0.000231,	217.700,	0.505
95,	6.75067,	-0.000061,	-0.000875,	217.700,	0.500
96,	6.75067,	-0.000252,	-0.000300,	217.700,	0.545
97,	6.75067,	0.000108,	-0.001008,	217.700,	0.550
98,	6.75067,	-0.000308,	-0.000545,	217.700,	0.550
99,	6.75067,	0.000375,	-0.000478,	217.700,	0.500
100,	6.75067,	-0.000108,	0.000877,	217.700,	0.500
