Num, Lmd, sig,    mon,    Ring,  sec
#lmd,   E,  HOYAX,  Y,  Smpl,  Det, AGC X, Y, Smpl, Det
#6.75067,	183.6621,	-31.800,	94.000,	65.000,	-0.062,	0.000,	-76.000,	0.000,	29.999

1,	6.75067,	47.345900,	-0.001349,	217.700,	15.225
2,	6.75067,	47.305970,	-0.000530,	217.700,	0.555
3,	6.75067,	47.300920,	-0.000306,	217.700,	0.500
4,	6.75067,	47.304790,	-0.000726,	217.700,	0.495
5,	6.75067,	47.311240,	-0.001558,	217.700,	0.505
6,	6.75067,	47.314900,	-0.001127,	217.700,	0.495
7,	6.75067,	47.327060,	-0.000946,	217.700,	0.550
8,	6.75067,	47.327110,	-0.000569,	217.700,	0.505
9,	6.75067,	47.297970,	-0.001316,	217.700,	0.495
10,	6.75067,	47.283520,	-0.000009,	217.700,	0.500
11,	6.75067,	47.279970,	-0.002055,	217.700,	0.505
12,	6.75067,	47.265380,	-0.000748,	217.700,	0.495
13,	6.75067,	47.281350,	-0.001428,	217.700,	0.550
14,	6.75067,	47.320200,	0.000187,	217.700,	0.555
15,	6.75067,	47.316390,	-0.000433,	217.700,	0.545
16,	6.75067,	47.304750,	-0.000616,	217.700,	0.550
17,	6.75067,	47.282230,	-0.000108,	217.700,	0.505
18,	6.75067,	47.291620,	-0.000855,	217.700,	0.495
19,	6.75067,	47.284830,	-0.000455,	217.700,	0.505
20,	6.75067,	47.272590,	-0.000722,	217.700,	0.500
21,	6.75067,	47.319470,	-0.000944,	217.700,	0.545
22,	6.75067,	47.311650,	0.000056,	217.700,	0.500
23,	6.75067,	47.306380,	-0.000401,	217.700,	0.500
24,	6.75067,	47.310930,	-0.000685,	217.700,	0.500
25,	6.75067,	47.300850,	-0.000534,	217.700,	0.500
26,	6.75067,	47.294060,	-0.000937,	217.700,	0.550
27,	6.75067,	47.297030,	-0.000050,	217.700,	0.505
28,	6.75067,	47.300720,	0.000006,	217.700,	0.500
29,	6.75067,	47.299460,	-0.001519,	217.700,	0.495
30,	6.75067,	47.297920,	-0.000444,	217.700,	0.500
31,	6.75067,	47.296990,	0.000200,	217.700,	0.500
32,	6.75067,	47.288770,	-0.000330,	217.700,	0.550
33,	6.75067,	47.294190,	-0.001833,	217.700,	0.550
34,	6.75067,	47.297700,	-0.001252,	217.700,	0.550
35,	6.75067,	47.292530,	-0.000823,	217.700,	0.500
36,	6.75067,	47.287330,	0.000426,	217.700,	0.500
37,	6.75067,	47.297230,	-0.000190,	217.700,	0.500
38,	6.75067,	47.289780,	0.000461,	217.700,	0.505
39,	6.75067,	47.283570,	-0.001469,	217.700,	0.545
40,	6.75067,	47.299370,	-0.000125,	217.700,	0.505
41,	6.75067,	47.276040,	-0.000341,	217.700,	0.500
42,	6.75067,	47.280820,	-0.000153,	217.700,	0.495
43,	6.75067,	47.292100,	0.000534,	217.700,	0.500
44,	6.75067,	47.288320,	-0.000336,	217.700,	0.505
45,	6.75067,	47.273250,	-0.000319,	217.700,	0.545
46,	6.75067,	47.275820,	0.000224,	217.700,	0.505
47,	6.75067,	47.277690,	0.000786,	217.700,	0.500
48,	6.75067,	47.271480,	-0.000069,	217.700,	0.495
49,	6.75067,	47.276370,	-0.000758,	217.700,	0.500
50,	6.75067,	47.278260,	-0.000933,	217.700,	0.505
51,	6.75067,	47.275960,	-0.001170,	217.700,	0.545
52,	6.75067,	47.265510,	-0.000954,	217.700,	0.555
53,	6.75067,	47.260760,	-0.000634,	217.700,	0.550
54,	6.75067,	47.268230,	-0.001254,	217.700,	0.495
55,	6.75067,	47.263660,	-0.000201,	217.700,	0.505
56,	6.75067,	47.265940,	0.000278,	217.700,	0.495
57,	6.75067,	47.257800,	0.000148,	217.700,	0.500
58,	6.75067,	47.260890,	0.000015,	217.700,	0.550
59,	6.75067,	47.264200,	-0.000496,	217.700,	0.500
60,	6.75067,	47.258120,	-0.000687,	217.700,	0.500
61,	6.75067,	47.256860,	-0.000705,	217.700,	0.500
62,	6.75067,	47.264820,	-0.000375,	217.700,	0.500
63,	6.75067,	47.253640,	0.000131,	217.700,	0.500
64,	6.75067,	47.249880,	-0.000265,	217.700,	0.550
65,	6.75067,	47.263050,	-0.001396,	217.700,	0.500
66,	6.75067,	47.246410,	-0.001187,	217.700,	0.500
67,	6.75067,	47.244540,	-0.000797,	217.700,	0.500
68,	6.75067,	47.249780,	-0.000989,	217.700,	0.505
69,	6.75067,	47.250460,	0.000571,	217.700,	0.495
70,	6.75067,	47.250170,	-0.000319,	217.700,	0.555
71,	6.75067,	47.251430,	-0.000511,	217.700,	0.550
72,	6.75067,	47.251210,	-0.000530,	217.700,	0.545
73,	6.75067,	47.249430,	-0.001000,	217.700,	0.505
74,	6.75067,	47.239510,	-0.001008,	217.700,	0.495
75,	6.75067,	47.235350,	-0.001258,	217.700,	0.500
76,	6.75067,	47.249000,	0.000310,	217.700,	0.505
77,	6.75067,	47.236930,	-0.001969,	217.700,	0.545
78,	6.75067,	47.236710,	-0.001036,	217.700,	0.505
79,	6.75067,	47.236230,	-0.000845,	217.700,	0.500
80,	6.75067,	47.233980,	0.000088,	217.700,	0.495
81,	6.75067,	47.243250,	-0.000920,	217.700,	0.500
82,	6.75067,	47.228940,	-0.000483,	217.700,	0.500
83,	6.75067,	47.225580,	-0.001237,	217.700,	0.550
84,	6.75067,	47.229450,	-0.001170,	217.700,	0.500
85,	6.75067,	47.233720,	0.000334,	217.700,	0.500
86,	6.75067,	47.220850,	-0.001038,	217.700,	0.500
87,	6.75067,	47.223310,	-0.000416,	217.700,	0.500
88,	6.75067,	47.229520,	-0.001071,	217.700,	0.550
89,	6.75067,	47.230620,	-0.001101,	217.700,	0.550
90,	6.75067,	47.229290,	-0.000409,	217.700,	0.550
91,	6.75067,	47.229340,	0.000196,	217.700,	0.500
92,	6.75067,	47.214610,	-0.000595,	217.700,	0.505
93,	6.75067,	47.225430,	0.000207,	217.700,	0.495
94,	6.75067,	47.235360,	-0.001060,	217.700,	0.500
95,	6.75067,	47.229520,	-0.001428,	217.700,	0.550
96,	6.75067,	47.214600,	-0.000916,	217.700,	0.500
97,	6.75067,	47.232890,	-0.000726,	217.700,	0.505
98,	6.75067,	47.230710,	-0.000147,	217.700,	0.495
99,	6.75067,	47.214770,	-0.000875,	217.700,	0.500
100,	6.75067,	47.224010,	0.000224,	217.700,	0.550
