Smpl, Det, sig,    mon,    Ring,  sec
#lmd,   E,  HOYAX,  Y,  Smpl,  Det, AGC X, Y, Smpl, Det, pps
#6.65088,	186.4178,	-31.800,	-5.000,	69.376,	139.937,	0.000,	-76.000,	0.000,	29.999,100

69.368,	139.903,	0.031342,	-0.002977,	217.700,	80.780
69.544,	140.256,	0.069029,	-0.000149,	217.700,	0.580
69.692,	140.549,	0.115994,	0.000325,	217.700,	0.495
69.832,	140.849,	0.169935,	0.000362,	217.700,	0.495
69.984,	141.149,	0.224033,	0.000790,	217.700,	0.495
70.136,	141.437,	0.269623,	-0.000386,	217.700,	0.495
70.292,	141.766,	0.301930,	-0.000851,	217.700,	0.535
70.442,	142.066,	0.311100,	-0.000959,	217.700,	0.495
70.592,	142.351,	0.297425,	0.000472,	217.700,	0.490
70.742,	142.651,	0.263327,	0.000999,	217.700,	0.495
70.888,	142.956,	0.209912,	-0.000444,	217.700,	0.495
71.052,	143.268,	0.147601,	0.000398,	217.700,	0.540
71.200,	143.566,	0.097057,	-0.000175,	217.700,	0.495
71.350,	143.863,	0.066314,	-0.000547,	217.700,	0.490
71.492,	144.166,	0.066961,	0.000099,	217.700,	0.495
71.638,	144.461,	0.115334,	-0.000358,	217.700,	0.495
71.804,	144.787,	0.229841,	0.000536,	217.700,	0.540
71.952,	145.087,	0.395840,	-0.000487,	217.700,	0.495
72.098,	145.378,	0.615473,	0.000101,	217.700,	0.495
72.252,	145.670,	0.886135,	0.000586,	217.700,	0.490
72.400,	145.966,	1.188955,	-0.000823,	217.700,	0.495
72.556,	146.294,	1.545740,	0.000373,	217.700,	0.540
72.710,	146.585,	1.872857,	-0.000153,	217.700,	0.495
72.856,	146.892,	2.180255,	0.000110,	217.700,	0.495
73.002,	147.185,	2.453284,	-0.000198,	217.700,	0.490
73.150,	147.482,	2.686894,	-0.000351,	217.700,	0.495
73.316,	147.797,	2.884922,	-0.000778,	217.700,	0.535
73.460,	148.102,	3.006998,	-0.001312,	217.700,	0.495
73.606,	148.394,	3.072608,	-0.000369,	217.700,	0.490
73.752,	148.687,	3.080673,	-0.000817,	217.700,	0.495
73.904,	148.975,	3.025250,	-0.000024,	217.700,	0.495
74.068,	149.316,	2.915233,	-0.001558,	217.700,	0.540
74.214,	149.606,	2.772576,	-0.000153,	217.700,	0.495
74.358,	149.899,	2.592888,	-0.000073,	217.700,	0.495
74.506,	150.194,	2.389222,	0.000329,	217.700,	0.490
74.658,	150.497,	2.167672,	-0.000343,	217.700,	0.495
74.818,	150.816,	1.915464,	-0.001198,	217.700,	0.540
74.972,	151.109,	1.685230,	0.000064,	217.700,	0.495
75.114,	151.409,	1.456266,	-0.000024,	217.700,	0.495
75.262,	151.706,	1.237874,	-0.001021,	217.700,	0.490
75.414,	151.994,	1.042828,	0.000226,	217.700,	0.490
75.576,	152.316,	0.848696,	-0.000448,	217.700,	0.540
75.722,	152.623,	0.690688,	-0.000810,	217.700,	0.495
75.870,	152.921,	0.554360,	-0.000162,	217.700,	0.495
76.020,	153.204,	0.443770,	-0.000205,	217.700,	0.490
76.164,	153.509,	0.353208,	-0.000472,	217.700,	0.495
76.310,	153.804,	0.281456,	-0.000216,	217.700,	0.495
76.474,	154.130,	0.221126,	-0.000993,	217.700,	0.540
76.624,	154.428,	0.182638,	-0.000265,	217.700,	0.495
76.776,	154.716,	0.155167,	0.000204,	217.700,	0.490
76.920,	155.021,	0.133607,	0.000948,	217.700,	0.495
77.066,	155.314,	0.121251,	-0.000972,	217.700,	0.495
77.230,	155.642,	0.110284,	-0.000030,	217.700,	0.540
77.380,	155.926,	0.104286,	-0.000325,	217.700,	0.495
77.526,	156.235,	0.098736,	0.000144,	217.700,	0.490
77.672,	156.526,	0.094157,	-0.000231,	217.700,	0.495
77.820,	156.821,	0.088958,	-0.000970,	217.700,	0.495
77.986,	157.154,	0.082079,	-0.000437,	217.700,	0.540
78.136,	157.440,	0.077942,	-0.000457,	217.700,	0.495
78.280,	157.742,	0.072104,	-0.000101,	217.700,	0.495
78.428,	158.038,	0.065907,	-0.000465,	217.700,	0.490
78.576,	158.335,	0.060070,	-0.000845,	217.700,	0.495
78.736,	158.654,	0.053702,	-0.002105,	217.700,	0.540
78.888,	158.957,	0.049304,	0.000286,	217.700,	0.495
79.034,	159.250,	0.045637,	-0.000515,	217.700,	0.490
79.182,	159.545,	0.043356,	-0.000101,	217.700,	0.495
79.330,	159.842,	0.040512,	-0.000291,	217.700,	0.490
79.498,	160.159,	0.038978,	-0.000468,	217.700,	0.540
79.642,	160.464,	0.038135,	-0.000244,	217.700,	0.495
79.788,	160.759,	0.039159,	-0.000959,	217.700,	0.490
79.938,	161.042,	0.040384,	-0.000539,	217.700,	0.495
80.086,	161.338,	0.041554,	-0.000771,	217.700,	0.495
80.246,	161.671,	0.042127,	-0.001431,	217.700,	0.535
80.392,	161.966,	0.043140,	-0.000427,	217.700,	0.495
80.540,	162.259,	0.045717,	-0.000707,	217.700,	0.495
80.688,	162.557,	0.046396,	-0.001088,	217.700,	0.490
80.840,	162.845,	0.048102,	-0.000136,	217.700,	0.495
81.002,	163.169,	0.047798,	-0.000362,	217.700,	0.540
81.148,	163.478,	0.048688,	-0.000491,	217.700,	0.495
81.296,	163.774,	0.049268,	-0.000782,	217.700,	0.490
81.448,	164.059,	0.048561,	-0.000091,	217.700,	0.495
81.592,	164.366,	0.047007,	-0.000799,	217.700,	0.495
81.738,	164.657,	0.046292,	-0.000437,	217.700,	0.490
81.900,	164.983,	0.043556,	-0.000138,	217.700,	0.540
82.048,	165.276,	0.042793,	-0.000922,	217.700,	0.495
82.202,	165.569,	0.040688,	-0.000478,	217.700,	0.490
82.346,	165.874,	0.039187,	0.001323,	217.700,	0.495
82.492,	166.164,	0.035754,	-0.000278,	217.700,	0.495
82.656,	166.495,	0.032641,	-0.000655,	217.700,	0.540
82.808,	166.783,	0.031893,	-0.000642,	217.700,	0.495
82.952,	167.086,	0.028681,	-0.000347,	217.700,	0.495
83.098,	167.376,	0.026705,	0.001230,	217.700,	0.490
83.246,	167.671,	0.025714,	-0.001904,	217.700,	0.495
83.414,	167.990,	0.022437,	-0.001383,	217.700,	0.535
83.556,	168.293,	0.021306,	0.000752,	217.700,	0.495
83.708,	168.583,	0.020291,	-0.000545,	217.700,	0.495
83.856,	168.878,	0.018768,	-0.000433,	217.700,	0.490
83.998,	169.178,	0.017611,	-0.000177,	217.700,	0.495
84.164,	169.507,	0.015159,	0.000146,	217.700,	0.540
84.324,	169.829,	0.015472,	-0.000588,	217.700,	0.540
84.478,	170.122,	0.016245,	0.000226,	217.700,	0.495
84.626,	170.419,	0.014287,	0.000284,	217.700,	0.495
84.768,	170.717,	0.014457,	0.000133,	217.700,	0.490
84.918,	171.017,	0.014834,	0.000006,	217.700,	0.495
85.080,	171.338,	0.014280,	-0.000649,	217.700,	0.535
85.228,	171.636,	0.013741,	-0.000170,	217.700,	0.495
85.376,	171.934,	0.014058,	0.000174,	217.700,	0.490
85.526,	172.217,	0.014450,	0.000252,	217.700,	0.495
85.672,	172.507,	0.014786,	-0.000015,	217.700,	0.495
85.832,	172.846,	0.013804,	-0.001163,	217.700,	0.540
85.982,	173.143,	0.015179,	-0.000099,	217.700,	0.495
86.132,	173.429,	0.015094,	0.000510,	217.700,	0.495
86.276,	173.731,	0.015911,	-0.000677,	217.700,	0.490
86.430,	174.024,	0.015954,	0.000581,	217.700,	0.495
86.584,	174.350,	0.015517,	-0.001609,	217.700,	0.535
86.734,	174.648,	0.016223,	-0.000879,	217.700,	0.495
86.884,	174.936,	0.016859,	-0.000763,	217.700,	0.490
87.030,	175.238,	0.017880,	-0.001123,	217.700,	0.495
87.176,	175.531,	0.017736,	-0.000799,	217.700,	0.495
87.338,	175.858,	0.016995,	-0.000084,	217.700,	0.535
87.490,	176.143,	0.017335,	-0.000022,	217.700,	0.495
87.634,	176.448,	0.017725,	0.000416,	217.700,	0.495
87.786,	176.738,	0.017055,	0.000090,	217.700,	0.490
87.934,	177.031,	0.018180,	0.000101,	217.700,	0.495
88.094,	177.370,	-0.001401,	-0.001161,	217.700,	0.540
88.244,	177.653,	-0.000457,	-0.001325,	217.700,	0.495
88.388,	177.958,	-0.000033,	-0.000750,	217.700,	0.490
88.534,	178.250,	0.000368,	0.000316,	217.700,	0.495
88.684,	178.548,	0.001922,	-0.000537,	217.700,	0.490
88.848,	178.862,	0.000592,	-0.000974,	217.700,	0.540
88.992,	179.167,	0.001260,	-0.000205,	217.700,	0.495
89.146,	179.455,	0.002801,	0.000821,	217.700,	0.490
89.294,	179.750,	0.008575,	-0.001424,	217.700,	0.495
89.440,	180.048,	0.039296,	-0.000465,	217.700,	0.490
