Num, Lmd, sig,    mon,    Ring,  sec
#lmd,   E,  HOYAX,  Y,  Smpl,  Det, AGC X, Y, Smpl, Det
#6.55062,	189.2710,	-5.799,	94.000,	65.000,	30.000,	0.000,	-76.000,	0.000,	29.999

1,	6.55062,	0.001174,	-0.002225,	217.700,	88.220
2,	6.55062,	0.000381,	-0.000136,	217.700,	0.550
3,	6.55062,	0.000282,	-0.000664,	217.700,	0.500
4,	6.55062,	0.001232,	0.000161,	217.700,	0.500
5,	6.55062,	-0.000315,	0.000024,	217.700,	0.500
6,	6.55062,	0.000689,	-0.000048,	217.700,	0.500
7,	6.55062,	-0.000483,	-0.001368,	217.700,	0.495
8,	6.55062,	0.000293,	-0.002253,	217.700,	0.550
9,	6.55062,	-0.000580,	-0.000306,	217.700,	0.505
10,	6.55062,	0.000974,	-0.001749,	217.700,	0.500
11,	6.55062,	-0.000145,	0.000370,	217.700,	0.500
12,	6.55062,	0.000224,	-0.000700,	217.700,	0.495
13,	6.55062,	0.000431,	-0.001202,	217.700,	0.505
14,	6.55062,	0.000325,	-0.001054,	217.700,	0.545
15,	6.55062,	-0.000028,	-0.001191,	217.700,	0.555
16,	6.55062,	0.000105,	-0.000537,	217.700,	0.550
17,	6.55062,	0.000491,	-0.001123,	217.700,	0.550
18,	6.55062,	-0.000920,	0.000388,	217.700,	0.500
19,	6.55062,	0.000448,	-0.000401,	217.700,	0.500
20,	6.55062,	-0.000315,	-0.000539,	217.700,	0.500
21,	6.55062,	-0.000515,	-0.000582,	217.700,	0.495
22,	6.55062,	0.000416,	-0.000750,	217.700,	0.555
23,	6.55062,	0.000092,	-0.000690,	217.700,	0.500
24,	6.55062,	-0.000190,	-0.001194,	217.700,	0.495
25,	6.55062,	-0.000584,	-0.000024,	217.700,	0.505
26,	6.55062,	-0.000041,	-0.000791,	217.700,	0.500
27,	6.55062,	-0.000078,	-0.001536,	217.700,	0.495
28,	6.55062,	0.000299,	-0.001549,	217.700,	0.555
29,	6.55062,	0.000538,	-0.000590,	217.700,	0.550
30,	6.55062,	0.000806,	-0.001064,	217.700,	0.550
31,	6.55062,	0.000297,	0.000176,	217.700,	0.550
32,	6.55062,	-0.001049,	-0.001090,	217.700,	0.545
33,	6.55062,	0.000437,	-0.001575,	217.700,	0.500
34,	6.55062,	0.000724,	-0.000758,	217.700,	0.500
35,	6.55062,	0.000362,	-0.001790,	217.700,	0.505
36,	6.55062,	0.000213,	-0.000674,	217.700,	0.500
37,	6.55062,	-0.000201,	-0.001099,	217.700,	0.550
38,	6.55062,	0.000062,	-0.000129,	217.700,	0.500
39,	6.55062,	0.000110,	-0.000700,	217.700,	0.500
40,	6.55062,	0.000433,	-0.000539,	217.700,	0.500
41,	6.55062,	-0.000282,	-0.001038,	217.700,	0.500
42,	6.55062,	-0.000015,	0.000347,	217.700,	0.495
43,	6.55062,	0.000245,	-0.000924,	217.700,	0.550
44,	6.55062,	0.000943,	-0.000481,	217.700,	0.505
45,	6.55062,	0.000489,	0.000077,	217.700,	0.500
46,	6.55062,	0.000258,	-0.000095,	217.700,	0.500
47,	6.55062,	0.000222,	-0.000142,	217.700,	0.500
48,	6.55062,	0.001021,	0.000633,	217.700,	0.500
49,	6.55062,	0.000446,	-0.000549,	217.700,	0.550
50,	6.55062,	-0.000022,	-0.000545,	217.700,	0.500
51,	6.55062,	0.000534,	-0.000056,	217.700,	0.500
52,	6.55062,	0.001060,	-0.000381,	217.700,	0.500
53,	6.55062,	-0.000198,	-0.000677,	217.700,	0.500
54,	6.55062,	-0.000185,	-0.000201,	217.700,	0.550
55,	6.55062,	-0.000104,	0.000407,	217.700,	0.550
56,	6.55074,	0.000123,	-0.000181,	217.700,	0.500
57,	6.55062,	0.000459,	0.000284,	217.700,	0.500
58,	6.55062,	0.000170,	-0.000506,	217.700,	0.500
59,	6.55062,	0.000875,	-0.001786,	217.700,	0.500
60,	6.55062,	0.000530,	-0.000547,	217.700,	0.550
61,	6.55062,	0.000023,	-0.000590,	217.700,	0.500
62,	6.55062,	-0.000071,	0.000989,	217.700,	0.500
63,	6.55062,	0.000325,	-0.000168,	217.700,	0.500
64,	6.55062,	-0.000498,	-0.000252,	217.700,	0.500
65,	6.55062,	-0.000136,	-0.001185,	217.700,	0.500
66,	6.55062,	-0.000649,	-0.000739,	217.700,	0.550
67,	6.55062,	-0.000160,	-0.000625,	217.700,	0.550
68,	6.55062,	-0.000306,	0.000538,	217.700,	0.550
69,	6.55062,	0.000123,	0.000112,	217.700,	0.550
70,	6.55062,	-0.000298,	-0.000067,	217.700,	0.545
71,	6.55062,	0.000095,	-0.000814,	217.700,	0.505
72,	6.55062,	0.000385,	0.000041,	217.700,	0.500
73,	6.55062,	0.000554,	0.000450,	217.700,	0.500
74,	6.55062,	-0.000845,	-0.000485,	217.700,	0.500
75,	6.55062,	0.000379,	-0.000110,	217.700,	0.550
76,	6.55062,	0.001314,	-0.000513,	217.700,	0.500
77,	6.55062,	0.000295,	-0.001642,	217.700,	0.495
78,	6.55062,	0.000551,	-0.000662,	217.700,	0.500
79,	6.55062,	-0.000175,	-0.000450,	217.700,	0.505
80,	6.55062,	-0.000261,	-0.001051,	217.700,	0.500
81,	6.55062,	0.000612,	0.000211,	217.700,	0.550
82,	6.55074,	0.000159,	0.000883,	217.700,	0.545
83,	6.55062,	-0.001202,	-0.000588,	217.700,	0.555
84,	6.55062,	-0.000470,	-0.000280,	217.700,	0.550
85,	6.55062,	-0.000528,	0.000026,	217.700,	0.550
86,	6.55062,	0.000786,	-0.000248,	217.700,	0.500
87,	6.55062,	0.000237,	-0.001079,	217.700,	0.495
88,	6.55062,	-0.000358,	-0.001260,	217.700,	0.505
89,	6.55062,	-0.000078,	0.000056,	217.700,	0.500
90,	6.55062,	-0.000575,	-0.000724,	217.700,	0.550
91,	6.55062,	0.001045,	-0.000371,	217.700,	0.500
92,	6.55062,	0.000168,	-0.000310,	217.700,	0.500
93,	6.55074,	0.000295,	0.000140,	217.700,	0.500
94,	6.55062,	0.000161,	-0.001135,	217.700,	0.500
95,	6.55062,	-0.000410,	-0.000892,	217.700,	0.500
96,	6.55062,	-0.000216,	-0.000817,	217.700,	0.550
97,	6.55062,	0.001517,	0.000758,	217.700,	0.550
98,	6.55062,	0.000782,	-0.001286,	217.700,	0.550
99,	6.55062,	-0.001373,	-0.000967,	217.700,	0.550
100,	6.55062,	-0.000532,	-0.001187,	217.700,	0.545
