Smpl, Det, sig,    mon,    Ring,  sec
#lmd,   E,  HOYAX,  Y,  Smpl,  Det, AGC X, Y, Smpl, Det, pps
#6.55074,	189.2675,	21.801,	-5.000,	69.376,	139.937,	0.000,	-76.000,	0.000,	29.999,100

69.368,	139.901,	0.009747,	-0.002626,	217.700,	80.675
69.536,	140.254,	0.011904,	-0.000961,	217.700,	0.570
69.684,	140.549,	0.015700,	0.000045,	217.700,	0.495
69.832,	140.846,	0.018727,	-0.000804,	217.700,	0.495
69.984,	141.132,	0.021871,	-0.000409,	217.700,	0.495
70.128,	141.437,	0.025555,	-0.000730,	217.700,	0.490
70.292,	141.768,	0.026863,	-0.001202,	217.700,	0.540
70.442,	142.049,	0.027904,	-0.000325,	217.700,	0.495
70.592,	142.351,	0.026523,	-0.000179,	217.700,	0.495
70.734,	142.651,	0.024915,	-0.000369,	217.700,	0.490
70.888,	142.939,	0.022076,	0.000420,	217.700,	0.495
71.050,	143.266,	0.017973,	-0.001146,	217.700,	0.545
71.200,	143.566,	0.017521,	0.000398,	217.700,	0.495
71.342,	143.863,	0.016331,	-0.000170,	217.700,	0.495
71.492,	144.163,	0.016614,	-0.000080,	217.700,	0.490
71.638,	144.458,	0.015754,	-0.000392,	217.700,	0.495
71.804,	144.787,	0.022461,	-0.001308,	217.700,	0.540
71.968,	145.102,	0.029888,	-0.000954,	217.700,	0.540
72.112,	145.406,	0.036421,	-0.000401,	217.700,	0.495
72.260,	145.699,	0.043671,	-0.000207,	217.700,	0.495
72.406,	145.994,	0.049068,	-0.000330,	217.700,	0.490
72.556,	146.292,	0.052192,	-0.000586,	217.700,	0.495
72.716,	146.614,	0.051626,	-0.000349,	217.700,	0.540
72.868,	146.904,	0.050850,	-0.000978,	217.700,	0.495
73.016,	147.214,	0.046985,	0.001191,	217.700,	0.495
73.164,	147.509,	0.041784,	-0.000123,	217.700,	0.495
73.314,	147.794,	0.035755,	-0.000104,	217.700,	0.490
73.474,	148.130,	0.030082,	-0.000123,	217.700,	0.540
73.620,	148.421,	0.027563,	0.000325,	217.700,	0.495
73.768,	148.718,	0.025857,	0.000138,	217.700,	0.495
73.918,	149.004,	0.027132,	-0.000521,	217.700,	0.490
74.066,	149.314,	0.032743,	-0.000229,	217.700,	0.495
74.226,	149.633,	0.041661,	-0.000662,	217.700,	0.540
74.374,	149.928,	0.054159,	0.000495,	217.700,	0.495
74.522,	150.226,	0.068595,	-0.000433,	217.700,	0.495
74.672,	150.526,	0.083414,	-0.000696,	217.700,	0.495
74.824,	150.814,	0.098065,	-0.001549,	217.700,	0.490
74.986,	151.135,	0.114096,	-0.000009,	217.700,	0.540
75.134,	151.435,	0.125485,	-0.000562,	217.700,	0.495
75.276,	151.733,	0.135562,	-0.000616,	217.700,	0.495
75.428,	152.035,	0.139685,	-0.001023,	217.700,	0.490
75.572,	152.328,	0.139959,	-0.000954,	217.700,	0.495
75.736,	152.652,	0.135277,	-0.000375,	217.700,	0.540
75.882,	152.947,	0.128320,	0.000207,	217.700,	0.495
76.032,	153.245,	0.118933,	-0.000306,	217.700,	0.495
76.184,	153.535,	0.108414,	-0.000614,	217.700,	0.495
76.332,	153.828,	0.097740,	-0.001008,	217.700,	0.490
76.494,	154.154,	0.087741,	-0.001560,	217.700,	0.540
76.636,	154.454,	0.084304,	0.001159,	217.700,	0.495
76.788,	154.759,	0.087400,	0.000941,	217.700,	0.495
76.934,	155.047,	0.096878,	0.000534,	217.700,	0.495
77.088,	155.340,	0.115916,	0.000043,	217.700,	0.490
77.244,	155.669,	0.146143,	-0.001010,	217.700,	0.540
77.394,	155.971,	0.186802,	-0.000980,	217.700,	0.495
77.540,	156.259,	0.237686,	-0.001103,	217.700,	0.495
77.692,	156.550,	0.297271,	-0.000530,	217.700,	0.495
77.840,	156.847,	0.367364,	-0.000457,	217.700,	0.490
77.998,	157.181,	0.455469,	0.000125,	217.700,	0.540
78.150,	157.466,	0.542057,	0.000816,	217.700,	0.495
78.294,	157.769,	0.634781,	-0.000024,	217.700,	0.495
78.442,	158.064,	0.728971,	-0.001385,	217.700,	0.490
78.590,	158.364,	0.825106,	-0.000250,	217.700,	0.495
78.758,	158.681,	0.930751,	-0.000621,	217.700,	0.540
78.902,	158.986,	1.025279,	0.000564,	217.700,	0.495
79.048,	159.276,	1.115410,	-0.000030,	217.700,	0.490
79.196,	159.574,	1.198712,	0.000002,	217.700,	0.495
79.344,	159.871,	1.275886,	0.000090,	217.700,	0.495
79.512,	160.188,	1.349056,	-0.001536,	217.700,	0.540
79.658,	160.498,	1.409955,	-0.000588,	217.700,	0.495
79.806,	160.793,	1.458558,	-0.000015,	217.700,	0.495
79.954,	161.088,	1.497007,	-0.000448,	217.700,	0.490
80.100,	161.381,	1.526395,	-0.000483,	217.700,	0.495
80.266,	161.700,	1.547028,	-0.000907,	217.700,	0.540
80.428,	162.024,	1.555191,	-0.001038,	217.700,	0.540
80.576,	162.319,	1.554080,	-0.001151,	217.700,	0.495
80.726,	162.617,	1.543578,	0.000553,	217.700,	0.490
80.870,	162.922,	1.527246,	-0.000397,	217.700,	0.495
81.016,	163.214,	1.504162,	-0.000325,	217.700,	0.495
81.178,	163.538,	1.469275,	-0.001140,	217.700,	0.540
81.326,	163.836,	1.432570,	-0.000987,	217.700,	0.495
81.478,	164.122,	1.391445,	-0.000886,	217.700,	0.490
81.624,	164.429,	1.345769,	-0.000478,	217.700,	0.495
81.770,	164.719,	1.299331,	0.000080,	217.700,	0.495
81.934,	165.048,	1.241597,	-0.001756,	217.700,	0.540
82.088,	165.338,	1.190752,	-0.001189,	217.700,	0.495
82.232,	165.643,	1.134924,	0.000743,	217.700,	0.495
82.378,	165.936,	1.078118,	0.000340,	217.700,	0.490
82.532,	166.229,	1.022937,	0.000138,	217.700,	0.495
82.688,	166.558,	0.961900,	-0.001403,	217.700,	0.540
82.840,	166.843,	0.907699,	-0.000045,	217.700,	0.495
82.984,	167.150,	0.855498,	-0.000840,	217.700,	0.490
83.130,	167.441,	0.800389,	0.000388,	217.700,	0.495
83.278,	167.738,	0.751277,	0.000039,	217.700,	0.495
83.442,	168.065,	0.697475,	-0.001364,	217.700,	0.540
83.594,	168.355,	0.650077,	-0.000534,	217.700,	0.495
83.740,	168.660,	0.605464,	-0.000035,	217.700,	0.490
83.888,	168.958,	0.564064,	0.000058,	217.700,	0.495
84.036,	169.253,	0.523093,	-0.001652,	217.700,	0.495
84.194,	169.570,	0.481498,	-0.000162,	217.700,	0.535
84.346,	169.858,	0.446874,	0.000049,	217.700,	0.495
84.494,	170.167,	0.413414,	-0.000556,	217.700,	0.495
84.640,	170.460,	0.383015,	-0.001644,	217.700,	0.490
84.790,	170.762,	0.354137,	-0.000517,	217.700,	0.495
84.948,	171.077,	0.325216,	-0.000136,	217.700,	0.540
85.102,	171.370,	0.302007,	0.000120,	217.700,	0.495
85.250,	171.665,	0.279582,	0.000930,	217.700,	0.495
85.392,	171.965,	0.259721,	0.000749,	217.700,	0.490
85.542,	172.267,	0.241672,	-0.001174,	217.700,	0.495
85.704,	172.589,	0.222044,	-0.001008,	217.700,	0.540
85.856,	172.877,	0.207262,	-0.001303,	217.700,	0.495
86.004,	173.174,	0.194009,	0.001379,	217.700,	0.490
86.154,	173.472,	0.182997,	-0.000045,	217.700,	0.495
86.296,	173.774,	0.170720,	-0.000577,	217.700,	0.495
86.458,	174.096,	0.159850,	-0.000636,	217.700,	0.535
86.606,	174.394,	0.151025,	0.000866,	217.700,	0.495
86.756,	174.694,	0.142538,	-0.000799,	217.700,	0.495
86.906,	174.979,	0.135859,	0.000431,	217.700,	0.490
87.050,	175.282,	0.129557,	-0.000082,	217.700,	0.495
87.214,	175.608,	0.122429,	-0.000976,	217.700,	0.540
87.362,	175.906,	0.117092,	-0.000662,	217.700,	0.495
87.512,	176.191,	0.113729,	-0.000274,	217.700,	0.495
87.656,	176.494,	0.109166,	-0.000455,	217.700,	0.490
87.804,	176.786,	0.105992,	-0.000295,	217.700,	0.495
87.966,	177.115,	0.100862,	-0.000808,	217.700,	0.540
88.118,	177.401,	0.000670,	0.000176,	217.700,	0.495
88.266,	177.698,	0.000306,	0.000271,	217.700,	0.495
88.412,	178.006,	0.000039,	-0.000209,	217.700,	0.490
88.558,	178.298,	-0.000002,	-0.000261,	217.700,	0.495
88.722,	178.625,	0.000722,	-0.000397,	217.700,	0.540
88.872,	178.910,	0.002206,	-0.000086,	217.700,	0.495
89.016,	179.215,	0.001685,	0.000181,	217.700,	0.495
89.170,	179.506,	0.002460,	0.000185,	217.700,	0.495
89.318,	179.801,	0.009614,	-0.001176,	217.700,	0.490
89.464,	180.094,	0.039181,	-0.000739,	217.700,	0.495
