Smpl, Det, sig,    mon,    Ring,  sec
#lmd,   E,  HOYAX,  Y,  Smpl,  Det, AGC X, Y, Smpl, Det, pps
#6.75079,	183.6589,	21.801,	-5.000,	69.376,	139.937,	0.000,	-76.000,	0.000,	29.999,100

69.366,	139.915,	0.012259,	-0.002721,	217.700,	80.690
69.544,	140.251,	0.009553,	-0.001484,	217.700,	0.580
69.690,	140.544,	0.008590,	0.000041,	217.700,	0.495
69.838,	140.844,	0.006541,	-0.001103,	217.700,	0.495
69.988,	141.144,	0.004897,	-0.000817,	217.700,	0.490
70.134,	141.449,	0.004395,	0.000493,	217.700,	0.495
70.292,	141.766,	0.004531,	-0.000681,	217.700,	0.540
70.440,	142.063,	0.005653,	-0.001006,	217.700,	0.495
70.590,	142.363,	0.007267,	-0.000125,	217.700,	0.490
70.742,	142.649,	0.009557,	0.000235,	217.700,	0.495
70.886,	142.956,	0.009581,	0.000655,	217.700,	0.495
71.050,	143.266,	0.013614,	0.000222,	217.700,	0.540
71.200,	143.566,	0.017338,	-0.001222,	217.700,	0.495
71.350,	143.863,	0.017689,	0.000713,	217.700,	0.490
71.492,	144.163,	0.015398,	0.000112,	217.700,	0.495
71.638,	144.458,	0.014170,	-0.000147,	217.700,	0.495
71.804,	144.787,	0.010831,	-0.000063,	217.700,	0.535
71.952,	145.070,	0.009676,	-0.000366,	217.700,	0.495
72.098,	145.378,	0.008226,	-0.000827,	217.700,	0.490
72.244,	145.670,	0.006621,	-0.000246,	217.700,	0.495
72.392,	145.966,	0.006170,	-0.000950,	217.700,	0.495
72.556,	146.292,	0.006250,	-0.001650,	217.700,	0.540
72.710,	146.585,	0.006871,	0.000200,	217.700,	0.495
72.854,	146.875,	0.009269,	-0.000450,	217.700,	0.490
73.002,	147.185,	0.011042,	-0.000147,	217.700,	0.495
73.148,	147.480,	0.014972,	-0.000321,	217.700,	0.495
73.300,	147.763,	0.018660,	-0.000698,	217.700,	0.490
73.460,	148.087,	0.019951,	-0.000752,	217.700,	0.540
73.606,	148.394,	0.021957,	-0.000849,	217.700,	0.495
73.752,	148.687,	0.023767,	-0.000112,	217.700,	0.490
73.904,	148.975,	0.023398,	-0.000304,	217.700,	0.495
74.052,	149.273,	0.021095,	-0.000646,	217.700,	0.495
74.212,	149.592,	0.018678,	-0.000733,	217.700,	0.535
74.358,	149.899,	0.017036,	0.000579,	217.700,	0.495
74.506,	150.194,	0.014435,	0.000116,	217.700,	0.490
74.658,	150.482,	0.011589,	-0.000599,	217.700,	0.495
74.802,	150.787,	0.009930,	-0.000590,	217.700,	0.495
74.964,	151.109,	0.007455,	-0.001026,	217.700,	0.540
75.114,	151.409,	0.007909,	-0.000530,	217.700,	0.495
75.264,	151.694,	0.006931,	-0.000078,	217.700,	0.490
75.414,	151.994,	0.008825,	0.000062,	217.700,	0.495
75.560,	152.285,	0.011440,	0.000297,	217.700,	0.495
75.704,	152.592,	0.015168,	-0.000007,	217.700,	0.495
75.870,	152.921,	0.018704,	0.000125,	217.700,	0.540
76.018,	153.204,	0.022659,	-0.000450,	217.700,	0.495
76.162,	153.506,	0.027533,	-0.000847,	217.700,	0.490
76.310,	153.802,	0.031015,	0.000291,	217.700,	0.495
76.458,	154.097,	0.034514,	-0.000560,	217.700,	0.495
76.622,	154.426,	0.035014,	-0.000709,	217.700,	0.535
76.774,	154.711,	0.036022,	-0.001680,	217.700,	0.495
76.918,	155.016,	0.035996,	-0.000052,	217.700,	0.490
77.064,	155.311,	0.035257,	-0.000700,	217.700,	0.495
77.212,	155.606,	0.033464,	-0.000257,	217.700,	0.495
77.378,	155.923,	0.029431,	-0.000123,	217.700,	0.535
77.524,	156.216,	0.026925,	-0.001635,	217.700,	0.495
77.670,	156.523,	0.023049,	0.000008,	217.700,	0.490
77.818,	156.818,	0.020949,	-0.000758,	217.700,	0.495
77.968,	157.099,	0.016984,	0.000635,	217.700,	0.490
78.128,	157.438,	0.013752,	-0.000916,	217.700,	0.540
78.272,	157.728,	0.013963,	0.000308,	217.700,	0.495
78.428,	158.021,	0.012759,	0.000497,	217.700,	0.490
78.576,	158.316,	0.013216,	0.000319,	217.700,	0.495
78.718,	158.621,	0.015763,	0.000002,	217.700,	0.500
78.886,	158.940,	0.018245,	-0.000149,	217.700,	0.540
79.032,	159.230,	0.022771,	-0.001243,	217.700,	0.495
79.180,	159.526,	0.027203,	-0.000793,	217.700,	0.490
79.330,	159.826,	0.032475,	-0.000496,	217.700,	0.495
79.472,	160.126,	0.039262,	-0.000052,	217.700,	0.490
79.634,	160.450,	0.045099,	-0.001405,	217.700,	0.540
79.788,	160.740,	0.051651,	0.000319,	217.700,	0.495
79.930,	161.040,	0.057404,	-0.001237,	217.700,	0.490
80.078,	161.338,	0.061838,	-0.000720,	217.700,	0.495
80.230,	161.626,	0.065098,	-0.000257,	217.700,	0.490
80.392,	161.950,	0.069704,	-0.000496,	217.700,	0.540
80.540,	162.259,	0.072093,	-0.000905,	217.700,	0.495
80.688,	162.542,	0.073382,	-0.000728,	217.700,	0.490
80.832,	162.845,	0.073608,	-0.001295,	217.700,	0.495
80.978,	163.135,	0.073285,	-0.000677,	217.700,	0.490
81.142,	163.464,	0.072563,	-0.001284,	217.700,	0.540
81.288,	163.759,	0.069581,	-0.000468,	217.700,	0.495
81.440,	164.059,	0.066330,	-0.001278,	217.700,	0.490
81.584,	164.350,	0.062060,	-0.000595,	217.700,	0.495
81.738,	164.640,	0.057983,	0.000092,	217.700,	0.490
81.892,	164.966,	0.051091,	-0.001303,	217.700,	0.540
82.048,	165.259,	0.048081,	0.000090,	217.700,	0.495
82.192,	165.550,	0.043143,	-0.000700,	217.700,	0.490
82.336,	165.854,	0.038017,	-0.000338,	217.700,	0.490
82.490,	166.147,	0.034412,	-0.000007,	217.700,	0.495
82.648,	166.476,	0.028339,	-0.000476,	217.700,	0.540
82.800,	166.764,	0.025549,	-0.001086,	217.700,	0.495
82.942,	167.066,	0.023810,	-0.000112,	217.700,	0.490
83.096,	167.359,	0.021604,	0.000159,	217.700,	0.495
83.236,	167.654,	0.020724,	-0.000425,	217.700,	0.495
83.404,	167.971,	0.019186,	-0.002415,	217.700,	0.535
83.546,	168.276,	0.020569,	-0.000914,	217.700,	0.495
83.700,	168.566,	0.021813,	-0.000407,	217.700,	0.490
83.846,	168.859,	0.023560,	-0.000177,	217.700,	0.495
83.990,	169.162,	0.026344,	-0.000718,	217.700,	0.490
84.154,	169.490,	0.028923,	-0.001357,	217.700,	0.540
84.306,	169.778,	0.033309,	-0.001329,	217.700,	0.495
84.452,	170.071,	0.038133,	-0.000586,	217.700,	0.490
84.602,	170.369,	0.043321,	-0.001652,	217.700,	0.495
84.744,	170.669,	0.048329,	-0.000491,	217.700,	0.490
84.910,	170.983,	0.053176,	-0.000631,	217.700,	0.540
85.054,	171.290,	0.059735,	-0.000022,	217.700,	0.495
85.204,	171.588,	0.065910,	0.000170,	217.700,	0.490
85.352,	171.869,	0.072080,	0.000002,	217.700,	0.490
85.502,	172.171,	0.077129,	-0.000004,	217.700,	0.495
85.662,	172.490,	0.083125,	-0.000267,	217.700,	0.540
85.810,	172.786,	0.089612,	0.000269,	217.700,	0.495
85.958,	173.095,	0.096507,	-0.000722,	217.700,	0.490
86.108,	173.381,	0.100764,	-0.000763,	217.700,	0.495
86.252,	173.683,	0.104638,	-0.000483,	217.700,	0.490
86.414,	174.007,	0.111438,	-0.001747,	217.700,	0.540
86.560,	174.300,	0.117843,	-0.000388,	217.700,	0.495
86.708,	174.595,	0.121312,	-0.001642,	217.700,	0.490
86.858,	174.883,	0.126509,	-0.000412,	217.700,	0.495
87.006,	175.190,	0.130413,	0.000241,	217.700,	0.490
87.166,	175.514,	0.133136,	-0.000713,	217.700,	0.540
87.314,	175.810,	0.137579,	-0.000209,	217.700,	0.495
87.464,	176.093,	0.141265,	-0.000315,	217.700,	0.490
87.608,	176.400,	0.143651,	0.000077,	217.700,	0.490
87.760,	176.688,	0.145786,	-0.001036,	217.700,	0.495
87.916,	177.012,	0.148759,	-0.000776,	217.700,	0.535
88.068,	177.302,	-0.000233,	-0.000610,	217.700,	0.495
88.212,	177.607,	-0.000444,	0.001383,	217.700,	0.490
88.364,	177.893,	-0.000121,	-0.000705,	217.700,	0.495
88.508,	178.200,	-0.000028,	0.000644,	217.700,	0.490
88.672,	178.510,	0.004742,	-0.001689,	217.700,	0.540
88.816,	178.812,	0.002415,	-0.000651,	217.700,	0.495
88.966,	179.114,	0.002269,	-0.000817,	217.700,	0.490
89.112,	179.407,	0.002758,	0.000189,	217.700,	0.495
89.260,	179.700,	0.015226,	-0.000539,	217.700,	0.490
89.424,	180.031,	0.035955,	-0.000819,	217.700,	0.540
