Num, Lmd, sig,    mon,    Ring,  sec
#lmd,   E,  HOYAX,  Y,  Smpl,  Det, AGC X, Y, Smpl, Det
#6.60064,	187.8367,	-31.800,	94.000,	65.000,	30.000,	0.000,	-76.000,	0.000,	29.999

1,	6.60064,	0.000536,	-0.002232,	217.700,	88.035
2,	6.60064,	-0.000011,	-0.001250,	217.700,	0.545
3,	6.60064,	-0.000808,	0.000325,	217.700,	0.555
4,	6.60064,	0.000153,	-0.000517,	217.700,	0.500
5,	6.60064,	0.000047,	0.000273,	217.700,	0.500
6,	6.60064,	0.000080,	0.000118,	217.700,	0.500
7,	6.60064,	0.000650,	0.000930,	217.700,	0.500
8,	6.60064,	-0.001325,	-0.000627,	217.700,	0.495
9,	6.60064,	-0.000276,	-0.001760,	217.700,	0.550
10,	6.60064,	0.000437,	0.000181,	217.700,	0.500
11,	6.60064,	-0.000313,	-0.001405,	217.700,	0.500
12,	6.60064,	0.000185,	0.000047,	217.700,	0.505
13,	6.60064,	0.000131,	-0.000341,	217.700,	0.500
14,	6.60064,	-0.000502,	-0.000375,	217.700,	0.495
15,	6.60064,	0.000579,	-0.000108,	217.700,	0.550
16,	6.60064,	0.000556,	-0.001303,	217.700,	0.550
17,	6.60064,	0.000312,	-0.000864,	217.700,	0.555
18,	6.60064,	0.000256,	0.000308,	217.700,	0.545
19,	6.60064,	0.000517,	0.000429,	217.700,	0.505
20,	6.60064,	-0.000360,	-0.001157,	217.700,	0.500
21,	6.60064,	0.001034,	-0.000692,	217.700,	0.500
22,	6.60064,	-0.001015,	-0.001161,	217.700,	0.495
23,	6.60064,	0.000349,	-0.000487,	217.700,	0.555
24,	6.60064,	0.000036,	0.000254,	217.700,	0.500
25,	6.60064,	0.000196,	-0.001258,	217.700,	0.500
26,	6.60064,	0.000131,	-0.000754,	217.700,	0.500
27,	6.60064,	0.000474,	-0.000664,	217.700,	0.500
28,	6.60064,	0.000431,	-0.000437,	217.700,	0.550
29,	6.60064,	0.000498,	0.000015,	217.700,	0.500
30,	6.60064,	-0.000517,	-0.001958,	217.700,	0.500
31,	6.60064,	0.000166,	0.000629,	217.700,	0.500
32,	6.60064,	0.000060,	-0.000403,	217.700,	0.500
33,	6.60064,	0.000250,	-0.000129,	217.700,	0.500
34,	6.60064,	0.000379,	-0.000366,	217.700,	0.550
35,	6.60064,	0.000476,	-0.000390,	217.700,	0.550
36,	6.60064,	0.000461,	-0.001228,	217.700,	0.550
37,	6.60064,	-0.000211,	-0.000106,	217.700,	0.545
38,	6.60064,	-0.000944,	-0.000498,	217.700,	0.500
39,	6.60064,	0.000138,	0.000271,	217.700,	0.505
40,	6.60064,	0.000179,	-0.001196,	217.700,	0.500
41,	6.60064,	0.000230,	-0.000179,	217.700,	0.500
42,	6.60064,	-0.000147,	-0.001795,	217.700,	0.550
43,	6.60064,	-0.000097,	0.000657,	217.700,	0.500
44,	6.60064,	-0.000750,	-0.000493,	217.700,	0.500
45,	6.60064,	0.000459,	-0.000618,	217.700,	0.500
46,	6.60064,	0.001232,	0.000396,	217.700,	0.500
47,	6.60064,	-0.000662,	-0.001405,	217.700,	0.505
48,	6.60064,	-0.000030,	-0.000741,	217.700,	0.545
49,	6.60064,	0.000084,	-0.001372,	217.700,	0.555
50,	6.60064,	0.000541,	-0.000435,	217.700,	0.550
51,	6.60064,	0.000370,	-0.000323,	217.700,	0.500
52,	6.60064,	-0.000737,	0.000851,	217.700,	0.500
53,	6.60064,	-0.000429,	-0.000088,	217.700,	0.500
54,	6.60064,	-0.000129,	0.000293,	217.700,	0.500
55,	6.60064,	-0.000173,	-0.000679,	217.700,	0.550
56,	6.60064,	0.000446,	-0.000692,	217.700,	0.495
57,	6.60064,	-0.000097,	-0.001021,	217.700,	0.505
58,	6.60064,	-0.000588,	-0.001099,	217.700,	0.500
59,	6.60064,	0.000388,	-0.000455,	217.700,	0.500
60,	6.60064,	0.000183,	-0.000644,	217.700,	0.500
61,	6.60064,	-0.000242,	-0.001950,	217.700,	0.550
62,	6.60064,	-0.000621,	-0.000922,	217.700,	0.545
63,	6.60064,	-0.000207,	-0.000911,	217.700,	0.555
64,	6.60064,	-0.000713,	-0.000039,	217.700,	0.550
65,	6.60064,	0.000252,	-0.000157,	217.700,	0.550
66,	6.60064,	0.000183,	-0.000343,	217.700,	0.500
67,	6.60064,	0.000370,	0.000071,	217.700,	0.500
68,	6.60064,	-0.000302,	-0.000621,	217.700,	0.500
69,	6.60064,	0.001405,	-0.000573,	217.700,	0.500
70,	6.60064,	0.000420,	-0.000528,	217.700,	0.545
71,	6.60064,	-0.000778,	0.000461,	217.700,	0.505
72,	6.60064,	-0.000448,	0.000373,	217.700,	0.500
73,	6.60064,	0.000297,	-0.001355,	217.700,	0.500
74,	6.60064,	-0.000476,	-0.000280,	217.700,	0.515
75,	6.60064,	0.001062,	-0.001073,	217.700,	0.500
76,	6.60064,	0.000545,	-0.000810,	217.700,	0.550
77,	6.60064,	0.000217,	-0.000918,	217.700,	0.550
78,	6.60064,	-0.000356,	0.000308,	217.700,	0.500
79,	6.60064,	0.000209,	-0.000769,	217.700,	0.500
80,	6.60064,	0.001152,	-0.001433,	217.700,	0.500
81,	6.60064,	-0.000375,	-0.000463,	217.700,	0.500
82,	6.60075,	0.000215,	-0.001015,	217.700,	0.545
83,	6.60064,	-0.000080,	-0.000360,	217.700,	0.505
84,	6.60075,	0.000366,	-0.001049,	217.700,	0.500
85,	6.60064,	-0.000017,	0.000840,	217.700,	0.500
86,	6.60064,	0.000054,	-0.001327,	217.700,	0.495
87,	6.60064,	-0.000244,	0.000844,	217.700,	0.555
88,	6.60064,	0.000008,	0.000217,	217.700,	0.500
89,	6.60064,	-0.000166,	-0.000737,	217.700,	0.500
90,	6.60064,	-0.000295,	-0.000634,	217.700,	0.500
91,	6.60064,	0.000204,	-0.000616,	217.700,	0.500
92,	6.60064,	0.000321,	0.000446,	217.700,	0.550
93,	6.60064,	0.000011,	-0.000746,	217.700,	0.500
94,	6.60064,	-0.000033,	-0.001846,	217.700,	0.500
95,	6.60064,	0.000612,	-0.000048,	217.700,	0.500
96,	6.60064,	-0.000213,	-0.000261,	217.700,	0.500
97,	6.60064,	-0.000022,	0.000123,	217.700,	0.500
98,	6.60064,	0.001241,	-0.000683,	217.700,	0.550
99,	6.60064,	-0.000017,	-0.000390,	217.700,	0.500
100,	6.60064,	0.000541,	-0.000618,	217.700,	0.500
