Num, Lmd, sig,    mon,    Ring,  sec
#lmd,   E,  HOYAX,  Y,  Smpl,  Det, AGC X, Y, Smpl, Det
#6.50061,	190.7271,	-31.800,	94.000,	65.000,	30.000,	0.000,	-76.000,	0.000,	29.999

1,	6.50061,	0.000933,	-0.002292,	217.700,	97.270
2,	6.50061,	-0.000061,	0.000030,	217.700,	0.555
3,	6.50061,	0.000450,	-0.001185,	217.700,	0.500
4,	6.50061,	-0.000056,	-0.000112,	217.700,	0.500
5,	6.50061,	-0.000216,	-0.000920,	217.700,	0.500
6,	6.50061,	0.000920,	0.000312,	217.700,	0.500
7,	6.50061,	-0.000446,	-0.000341,	217.700,	0.500
8,	6.50061,	-0.000472,	-0.000942,	217.700,	0.550
9,	6.50061,	0.000775,	-0.000651,	217.700,	0.500
10,	6.50061,	-0.000364,	-0.001107,	217.700,	0.500
11,	6.50061,	0.000569,	-0.000233,	217.700,	0.500
12,	6.50061,	0.000295,	-0.001426,	217.700,	0.500
13,	6.50061,	0.000064,	0.000174,	217.700,	0.550
14,	6.50061,	0.001084,	-0.000259,	217.700,	0.500
15,	6.50061,	0.000254,	-0.000519,	217.700,	0.500
16,	6.50061,	-0.000097,	-0.000106,	217.700,	0.500
17,	6.50061,	0.000743,	0.000097,	217.700,	0.495
18,	6.50061,	-0.000625,	-0.000795,	217.700,	0.555
19,	6.50061,	0.000237,	-0.000028,	217.700,	0.500
20,	6.50061,	0.000110,	-0.000002,	217.700,	0.500
21,	6.50061,	0.000377,	-0.001808,	217.700,	0.500
22,	6.50061,	0.000377,	-0.001265,	217.700,	0.500
23,	6.50061,	0.000265,	-0.001099,	217.700,	0.545
24,	6.50061,	-0.000554,	0.000379,	217.700,	0.505
25,	6.50061,	-0.000582,	-0.000170,	217.700,	0.500
26,	6.50061,	0.000004,	-0.000265,	217.700,	0.500
27,	6.50061,	-0.000507,	-0.000931,	217.700,	0.500
28,	6.50061,	-0.000634,	-0.001138,	217.700,	0.495
29,	6.50061,	0.000217,	-0.000823,	217.700,	0.550
30,	6.50061,	0.000801,	-0.001536,	217.700,	0.550
31,	6.50061,	0.000698,	-0.001194,	217.700,	0.555
32,	6.50061,	0.000209,	-0.000767,	217.700,	0.545
33,	6.50061,	0.000069,	-0.000593,	217.700,	0.505
34,	6.50061,	0.000015,	-0.001515,	217.700,	0.500
35,	6.50061,	0.000338,	-0.000903,	217.700,	0.500
36,	6.50061,	-0.001103,	0.000612,	217.700,	0.495
37,	6.50061,	-0.000802,	-0.001293,	217.700,	0.555
38,	6.50061,	0.000345,	0.000401,	217.700,	0.495
39,	6.50061,	-0.000140,	-0.001275,	217.700,	0.500
40,	6.50061,	0.000015,	-0.000806,	217.700,	0.505
41,	6.50061,	0.000510,	-0.001584,	217.700,	0.495
42,	6.50061,	0.000226,	-0.000222,	217.700,	0.505
43,	6.50061,	0.000452,	-0.000338,	217.700,	0.550
44,	6.50061,	-0.000298,	0.000653,	217.700,	0.545
45,	6.50061,	-0.000450,	-0.001273,	217.700,	0.550
46,	6.50061,	-0.000515,	-0.001403,	217.700,	0.550
47,	6.50061,	0.000133,	-0.000890,	217.700,	0.555
48,	6.50061,	0.000103,	-0.000157,	217.700,	0.495
49,	6.50061,	-0.000020,	0.000314,	217.700,	0.505
50,	6.50061,	0.000138,	-0.000509,	217.700,	0.500
51,	6.50061,	-0.000220,	-0.000502,	217.700,	0.500
52,	6.50061,	-0.000005,	0.000039,	217.700,	0.550
53,	6.50061,	0.000418,	-0.000319,	217.700,	0.500
54,	6.50061,	0.000935,	-0.000504,	217.700,	0.500
55,	6.50061,	0.000077,	0.000146,	217.700,	0.500
56,	6.50061,	-0.000041,	-0.000084,	217.700,	0.500
57,	6.50061,	-0.000073,	-0.001489,	217.700,	0.495
58,	6.50061,	-0.000336,	-0.000050,	217.700,	0.550
59,	6.50061,	-0.000205,	-0.000362,	217.700,	0.555
60,	6.50061,	-0.000121,	-0.000554,	217.700,	0.500
61,	6.50061,	-0.000259,	0.000157,	217.700,	0.500
62,	6.50061,	0.000153,	-0.000427,	217.700,	0.500
63,	6.50061,	0.000360,	-0.000035,	217.700,	0.500
64,	6.50061,	-0.000216,	-0.000963,	217.700,	0.545
65,	6.50061,	0.000823,	0.000036,	217.700,	0.550
66,	6.50061,	0.000674,	-0.001433,	217.700,	0.555
67,	6.50061,	0.000573,	-0.000524,	217.700,	0.500
68,	6.50061,	0.000347,	-0.000313,	217.700,	0.500
69,	6.50061,	-0.000203,	-0.000491,	217.700,	0.500
70,	6.50061,	0.000097,	-0.000487,	217.700,	0.500
71,	6.50061,	-0.000015,	-0.001127,	217.700,	0.550
72,	6.50061,	-0.000239,	-0.000392,	217.700,	0.500
73,	6.50061,	0.000808,	-0.000634,	217.700,	0.500
74,	6.50061,	0.000560,	-0.001028,	217.700,	0.500
75,	6.50061,	0.000795,	-0.001112,	217.700,	0.500
76,	6.50061,	0.000775,	0.000633,	217.700,	0.500
77,	6.50061,	-0.000476,	-0.000741,	217.700,	0.550
78,	6.50061,	0.000310,	-0.000698,	217.700,	0.500
79,	6.50061,	0.000174,	-0.000151,	217.700,	0.500
80,	6.50061,	-0.000772,	-0.001204,	217.700,	0.495
81,	6.50061,	-0.000155,	-0.000241,	217.700,	0.505
82,	6.50061,	-0.000651,	-0.000793,	217.700,	0.550
83,	6.50061,	0.000039,	-0.000067,	217.700,	0.500
84,	6.50061,	-0.000285,	-0.000612,	217.700,	0.500
85,	6.50061,	0.000230,	-0.000129,	217.700,	0.500
86,	6.50061,	0.000293,	-0.001661,	217.700,	0.500
87,	6.50061,	-0.000567,	-0.000263,	217.700,	0.550
88,	6.50061,	-0.000875,	-0.000381,	217.700,	0.500
89,	6.50061,	-0.000334,	-0.000957,	217.700,	0.500
90,	6.50061,	0.000261,	-0.000147,	217.700,	0.500
91,	6.50061,	-0.000287,	-0.000916,	217.700,	0.500
92,	6.50061,	0.000189,	-0.000698,	217.700,	0.550
93,	6.50061,	0.000939,	-0.000571,	217.700,	0.550
94,	6.50061,	-0.000481,	-0.000608,	217.700,	0.550
95,	6.50061,	0.000543,	0.000801,	217.700,	0.500
96,	6.50061,	0.000597,	-0.000935,	217.700,	0.500
97,	6.50061,	0.000599,	-0.000657,	217.700,	0.500
98,	6.50061,	0.000719,	-0.001349,	217.700,	0.500
99,	6.50061,	-0.001024,	-0.000295,	217.700,	0.550
100,	6.50061,	0.000116,	-0.000545,	217.700,	0.495
