Num, Lmd, sig,    mon,    Ring,  sec
#lmd,   E,  HOYAX,  Y,  Smpl,  Det, AGC X, Y, Smpl, Det
#6.75079,	183.6589,	-31.800,	-5.000,	89.448,	180.238,	0.000,	-76.000,	0.000,	29.999

1,	6.75079,	-0.000621,	-0.001058,	217.700,	1356.057
2,	6.75079,	-0.000192,	-0.001174,	217.700,	0.500
3,	6.75079,	0.000534,	0.000353,	217.700,	0.500
4,	6.75079,	0.000681,	-0.001140,	217.700,	0.550
5,	6.75079,	0.000291,	0.000067,	217.700,	0.555
6,	6.75079,	-0.000198,	-0.000554,	217.700,	0.550
7,	6.75079,	-0.000461,	-0.001069,	217.700,	0.550
8,	6.75079,	0.000095,	-0.002135,	217.700,	0.500
9,	6.75079,	-0.000703,	0.000549,	217.700,	0.500
10,	6.75079,	-0.000466,	-0.000711,	217.700,	0.500
11,	6.75079,	-0.000323,	0.000239,	217.700,	0.500
12,	6.75079,	-0.000944,	-0.000050,	217.700,	0.545
13,	6.75079,	-0.000683,	-0.000774,	217.700,	0.505
14,	6.75079,	-0.000463,	0.000123,	217.700,	0.495
15,	6.75079,	0.000329,	-0.000959,	217.700,	0.505
16,	6.75079,	0.000017,	-0.001015,	217.700,	0.495
17,	6.75079,	-0.000030,	0.000426,	217.700,	0.505
18,	6.75079,	0.000418,	-0.000638,	217.700,	0.545
19,	6.75079,	-0.000341,	0.000607,	217.700,	0.550
20,	6.75079,	-0.001226,	-0.000879,	217.700,	0.550
21,	6.75079,	0.000444,	0.000616,	217.700,	0.555
22,	6.75079,	-0.000041,	-0.001543,	217.700,	0.545
23,	6.75079,	-0.000825,	-0.000110,	217.700,	0.505
24,	6.75079,	-0.000530,	0.000024,	217.700,	0.495
25,	6.75079,	-0.000625,	-0.001269,	217.700,	0.500
26,	6.75079,	0.000338,	-0.000634,	217.700,	0.505
27,	6.75079,	-0.000823,	-0.000483,	217.700,	0.545
28,	6.75079,	-0.000285,	-0.001168,	217.700,	0.500
29,	6.75079,	-0.000563,	-0.001713,	217.700,	0.505
30,	6.75079,	-0.000106,	-0.000444,	217.700,	0.495
31,	6.75079,	0.000411,	-0.000868,	217.700,	0.500
32,	6.75079,	0.000108,	0.000092,	217.700,	0.505
33,	6.75079,	0.000431,	0.000543,	217.700,	0.550
34,	6.75079,	-0.000145,	-0.000972,	217.700,	0.555
35,	6.75079,	-0.000185,	-0.000750,	217.700,	0.550
36,	6.75079,	-0.000310,	-0.000123,	217.700,	0.495
37,	6.75079,	0.000080,	-0.000252,	217.700,	0.505
38,	6.75079,	0.000136,	-0.000840,	217.700,	0.500
39,	6.75079,	-0.000147,	-0.000121,	217.700,	0.500
40,	6.75079,	0.000114,	0.000797,	217.700,	0.545
41,	6.75079,	-0.000386,	-0.000911,	217.700,	0.505
42,	6.75079,	-0.000366,	-0.000690,	217.700,	0.500
43,	6.75079,	-0.000332,	-0.000605,	217.700,	0.495
44,	6.75079,	-0.000153,	-0.000397,	217.700,	0.505
45,	6.75079,	-0.000627,	-0.001133,	217.700,	0.545
46,	6.75079,	0.000614,	0.000008,	217.700,	0.505
47,	6.75079,	0.000289,	-0.001073,	217.700,	0.495
48,	6.75079,	-0.000076,	-0.000237,	217.700,	0.505
49,	6.75079,	-0.000242,	-0.001038,	217.700,	0.495
50,	6.75079,	0.000112,	-0.001407,	217.700,	0.500
51,	6.75079,	-0.001168,	0.000000,	217.700,	0.550
52,	6.75079,	0.000441,	-0.001075,	217.700,	0.550
53,	6.75079,	0.000325,	-0.001090,	217.700,	0.555
54,	6.75079,	0.000131,	-0.000407,	217.700,	0.550
55,	6.75079,	0.000795,	-0.000565,	217.700,	0.495
56,	6.75079,	-0.000550,	0.000034,	217.700,	0.505
57,	6.75079,	0.000349,	0.000857,	217.700,	0.500
58,	6.75079,	-0.000657,	-0.000474,	217.700,	0.495
59,	6.75079,	-0.000446,	-0.000004,	217.700,	0.555
60,	6.75079,	0.000105,	-0.000765,	217.700,	0.500
61,	6.75079,	-0.000530,	0.000026,	217.700,	0.495
62,	6.75079,	-0.000672,	-0.000086,	217.700,	0.505
63,	6.75079,	-0.000091,	-0.001519,	217.700,	0.495
64,	6.75079,	0.000105,	-0.000002,	217.700,	0.500
65,	6.75079,	-0.000155,	-0.000043,	217.700,	0.550
66,	6.75079,	-0.000351,	-0.000623,	217.700,	0.555
67,	6.75079,	-0.000472,	-0.000237,	217.700,	0.550
68,	6.75079,	-0.000468,	-0.000265,	217.700,	0.550
69,	6.75079,	0.000248,	-0.001013,	217.700,	0.545
70,	6.75079,	-0.000170,	-0.001043,	217.700,	0.500
71,	6.75079,	0.000312,	0.000618,	217.700,	0.500
72,	6.75079,	-0.000168,	-0.000709,	217.700,	0.500
73,	6.75079,	0.000086,	-0.000840,	217.700,	0.505
74,	6.75079,	0.000183,	-0.000026,	217.700,	0.550
75,	6.75079,	-0.000584,	0.000024,	217.700,	0.495
76,	6.75079,	-0.000741,	-0.000718,	217.700,	0.505
77,	6.75079,	-0.000631,	-0.000360,	217.700,	0.500
78,	6.75079,	-0.000713,	-0.001299,	217.700,	0.505
79,	6.75079,	-0.000065,	-0.001090,	217.700,	0.495
80,	6.75079,	-0.000216,	-0.001054,	217.700,	0.555
81,	6.75079,	0.001090,	0.000459,	217.700,	0.545
82,	6.75079,	-0.000468,	-0.000491,	217.700,	0.555
83,	6.75079,	0.000364,	-0.000513,	217.700,	0.545
84,	6.75079,	-0.000097,	0.000413,	217.700,	0.505
85,	6.75079,	-0.000502,	0.000840,	217.700,	0.500
86,	6.75079,	0.000189,	0.000278,	217.700,	0.500
87,	6.75079,	-0.000084,	-0.000088,	217.700,	0.500
88,	6.75079,	-0.000235,	-0.001166,	217.700,	0.550
89,	6.75079,	-0.000194,	-0.001010,	217.700,	0.500
90,	6.75079,	0.000013,	-0.001459,	217.700,	0.495
91,	6.75079,	0.000097,	-0.000058,	217.700,	0.505
92,	6.75079,	0.000118,	-0.001366,	217.700,	0.500
93,	6.75079,	-0.000362,	-0.000420,	217.700,	0.500
94,	6.75079,	0.000080,	-0.000679,	217.700,	0.550
95,	6.75079,	-0.000698,	0.000127,	217.700,	0.500
96,	6.75079,	-0.000901,	-0.001603,	217.700,	0.495
97,	6.75079,	-0.001521,	0.000799,	217.700,	0.505
98,	6.75079,	-0.000640,	0.001501,	217.700,	0.495
99,	6.75079,	0.000424,	-0.000707,	217.700,	0.555
100,	6.75079,	-0.000020,	-0.000237,	217.700,	0.545
