Num, Lmd, sig,    mon,    Ring,  sec
#lmd,   E,  HOYAX,  Y,  Smpl,  Det, AGC X, Y, Smpl, Det
#6.65732,	186.2375,	-5.799,	15.000,	84.000,	171.502,	0.000,	76.000,	0.000,	29.999

1,	6.65732,	0.000260,	-0.002292,	218.818,	129.886
2,	6.65732,	0.000280,	-0.000825,	218.817,	0.505
3,	6.65732,	0.000413,	-0.000020,	218.816,	0.550
4,	6.65732,	0.000308,	-0.000125,	218.814,	0.585
5,	6.65732,	0.000989,	-0.000830,	218.813,	0.500
6,	6.65732,	0.000101,	-0.002152,	218.810,	0.500
7,	6.65732,	0.000347,	-0.000282,	218.809,	0.500
8,	6.65732,	0.000515,	-0.000901,	218.807,	0.500
9,	6.65732,	-0.000022,	-0.000032,	218.806,	0.550
10,	6.65732,	0.000140,	-0.000086,	218.805,	0.505
11,	6.65732,	0.000431,	-0.000750,	218.803,	0.500
12,	6.65732,	0.000291,	-0.000657,	218.802,	0.500
13,	6.65732,	-0.000416,	-0.001183,	218.801,	0.500
14,	6.65732,	0.000838,	-0.000830,	218.799,	0.580
15,	6.65732,	-0.000061,	-0.000030,	218.797,	0.495
16,	6.65732,	0.001073,	0.000002,	218.796,	0.505
17,	6.65732,	0.000485,	-0.000793,	218.795,	0.500
18,	6.65732,	0.000459,	-0.000369,	218.794,	0.505
19,	6.65732,	0.001237,	0.000192,	218.793,	0.500
20,	6.65732,	0.000812,	-0.001786,	218.790,	0.570
21,	6.65732,	0.000526,	-0.001306,	218.789,	0.550
22,	6.65732,	0.000543,	-0.000834,	218.788,	0.505
23,	6.65732,	0.001064,	-0.001060,	218.786,	0.500
24,	6.65732,	0.000689,	-0.000123,	218.784,	0.575
25,	6.65732,	0.000681,	0.000161,	218.783,	0.500
26,	6.65732,	0.000295,	-0.000504,	218.782,	0.500
27,	6.65732,	-0.000254,	-0.000875,	218.779,	0.550
28,	6.65732,	-0.000005,	-0.000952,	218.778,	0.555
29,	6.65732,	0.000482,	-0.000692,	218.776,	0.585
30,	6.65732,	0.000724,	-0.001077,	218.775,	0.570
31,	6.65732,	0.000944,	-0.000681,	218.774,	0.570
32,	6.65732,	0.000209,	0.000383,	218.772,	0.555
33,	6.65732,	0.000062,	-0.000506,	218.770,	0.505
34,	6.65732,	0.000172,	-0.000995,	218.768,	0.505
35,	6.65732,	0.000437,	-0.001820,	218.767,	0.500
36,	6.65732,	0.000616,	0.000633,	218.766,	0.515
37,	6.65732,	0.000629,	0.000607,	218.764,	0.500
38,	6.65732,	0.000528,	-0.001256,	218.762,	0.550
39,	6.65732,	0.000426,	-0.000444,	218.761,	0.550
40,	6.65732,	0.000642,	-0.000830,	218.759,	0.550
41,	6.65732,	0.000838,	-0.000534,	218.757,	0.500
42,	6.65732,	0.000157,	0.000709,	218.756,	0.500
43,	6.65732,	-0.000582,	-0.001586,	218.756,	0.500
44,	6.65732,	-0.000030,	-0.001644,	218.754,	0.500
45,	6.65732,	0.000140,	0.000379,	218.752,	0.555
46,	6.65732,	0.000689,	-0.000164,	218.751,	0.555
47,	6.65732,	0.000685,	-0.000758,	218.749,	0.500
48,	6.65732,	0.000747,	-0.000883,	218.747,	0.500
49,	6.65732,	0.000342,	-0.001788,	218.746,	0.495
50,	6.65732,	0.000592,	-0.000571,	218.745,	0.500
51,	6.65732,	0.000741,	-0.000659,	218.744,	0.545
52,	6.65732,	0.000646,	-0.000341,	218.741,	0.500
53,	6.65732,	0.000230,	0.000028,	218.740,	0.500
54,	6.65732,	0.000887,	-0.000022,	218.739,	0.495
55,	6.65732,	0.000952,	-0.000726,	218.738,	0.500
56,	6.65732,	0.000465,	-0.000670,	218.736,	0.545
57,	6.65732,	0.000689,	-0.000864,	218.735,	0.495
58,	6.65732,	0.000411,	-0.000470,	218.733,	0.500
59,	6.65732,	0.000797,	-0.000978,	218.731,	0.500
60,	6.65732,	0.000332,	-0.000847,	218.730,	0.495
61,	6.65732,	0.000506,	-0.000748,	218.728,	0.550
62,	6.65732,	0.000155,	-0.000709,	218.726,	0.500
63,	6.65732,	0.000200,	-0.000761,	218.726,	0.500
64,	6.65732,	0.000597,	-0.000864,	218.723,	0.505
65,	6.65732,	-0.000099,	-0.000209,	218.723,	0.500
66,	6.65732,	0.000577,	-0.000573,	218.720,	0.500
67,	6.65732,	0.000834,	-0.000427,	218.719,	0.545
68,	6.65732,	0.000881,	-0.000918,	218.719,	0.500
69,	6.65732,	-0.000076,	-0.000569,	218.717,	0.495
70,	6.65732,	0.000508,	0.000082,	218.715,	0.505
71,	6.65732,	-0.000765,	-0.000789,	218.714,	0.500
72,	6.65732,	0.000127,	-0.000795,	218.713,	0.555
73,	6.65732,	0.000140,	-0.001340,	218.710,	0.545
74,	6.65732,	0.000502,	0.000435,	218.710,	0.500
75,	6.65732,	0.000666,	-0.001226,	218.708,	0.500
76,	6.65732,	0.000933,	0.000562,	218.707,	0.500
77,	6.65732,	0.001148,	-0.001077,	218.704,	0.505
78,	6.65732,	-0.000235,	-0.000957,	218.704,	0.545
79,	6.65732,	0.000133,	-0.000911,	218.703,	0.500
80,	6.65732,	0.000032,	0.000043,	218.700,	0.500
81,	6.65732,	0.000575,	-0.000476,	218.698,	0.495
82,	6.65732,	0.000364,	-0.001170,	218.698,	0.495
83,	6.65732,	0.000295,	-0.000627,	218.697,	0.570
84,	6.65732,	0.001202,	-0.001030,	218.694,	0.510
85,	6.65732,	0.000730,	0.000204,	218.694,	0.500
86,	6.65732,	-0.000632,	-0.000612,	218.692,	0.505
87,	6.65732,	0.001368,	-0.000063,	218.691,	0.500
88,	6.65732,	0.000575,	0.000594,	218.689,	0.495
89,	6.65732,	0.000972,	-0.000407,	218.687,	0.545
90,	6.65732,	0.000021,	-0.001252,	218.686,	0.500
91,	6.65732,	0.000379,	-0.000847,	218.684,	0.495
92,	6.65732,	0.000088,	0.001002,	218.683,	0.500
93,	6.65732,	-0.000054,	-0.001922,	218.681,	0.495
94,	6.65732,	0.002012,	-0.001366,	218.681,	0.540
95,	6.65732,	0.001269,	-0.000517,	218.677,	0.500
96,	6.65732,	0.000644,	-0.000330,	218.677,	0.495
97,	6.65732,	0.000965,	-0.000315,	218.677,	0.520
98,	6.65732,	0.000325,	0.000301,	218.674,	0.495
99,	6.65732,	0.000297,	0.000467,	218.672,	0.545
100,	6.65732,	0.001310,	0.000256,	218.670,	0.495
