Num, Lmd, sig,    mon,    Ring,  sec
#lmd,   E,  HOYAX,  Y,  Smpl,  Det, AGC X, Y, Smpl, Det
#6.70055,	185.0359,	-31.800,	94.000,	65.000,	30.000,	0.000,	-76.000,	0.000,	29.999

1,	6.70055,	-0.000909,	-0.002482,	217.700,	88.300
2,	6.70055,	0.000579,	-0.000218,	217.700,	0.555
3,	6.70055,	-0.000800,	-0.000235,	217.700,	0.500
4,	6.70055,	-0.000127,	0.000045,	217.700,	0.495
5,	6.70055,	-0.000211,	-0.001079,	217.700,	0.505
6,	6.70055,	-0.000076,	-0.000756,	217.700,	0.500
7,	6.70055,	0.000812,	-0.001075,	217.700,	0.550
8,	6.70055,	-0.000205,	-0.000315,	217.700,	0.500
9,	6.70055,	-0.000270,	-0.000786,	217.700,	0.500
10,	6.70055,	-0.000054,	-0.000500,	217.700,	0.500
11,	6.70055,	-0.000360,	-0.001801,	217.700,	0.500
12,	6.70055,	0.000245,	0.000280,	217.700,	0.550
13,	6.70055,	-0.000800,	0.000640,	217.700,	0.500
14,	6.70055,	-0.000181,	-0.000730,	217.700,	0.500
15,	6.70055,	0.000347,	-0.000272,	217.700,	0.495
16,	6.70055,	-0.000412,	-0.000791,	217.700,	0.505
17,	6.70055,	-0.000856,	-0.000957,	217.700,	0.545
18,	6.70055,	0.000646,	-0.000099,	217.700,	0.505
19,	6.70055,	-0.000422,	-0.001215,	217.700,	0.500
20,	6.70055,	-0.000662,	0.000463,	217.700,	0.500
21,	6.70055,	-0.000414,	0.000260,	217.700,	0.500
22,	6.70055,	0.000681,	0.000661,	217.700,	0.495
23,	6.70055,	0.000049,	-0.000681,	217.700,	0.555
24,	6.70055,	-0.000265,	-0.000472,	217.700,	0.550
25,	6.70055,	-0.000065,	-0.000498,	217.700,	0.550
26,	6.70055,	0.000133,	-0.000500,	217.700,	0.550
27,	6.70055,	0.000457,	-0.000455,	217.700,	0.500
28,	6.70055,	0.001010,	-0.000082,	217.700,	0.495
29,	6.70055,	0.000396,	-0.000664,	217.700,	0.505
30,	6.70055,	-0.000043,	0.000454,	217.700,	0.495
31,	6.70055,	0.000062,	0.000426,	217.700,	0.555
32,	6.70055,	-0.002467,	0.000192,	217.700,	0.495
33,	6.70055,	0.000125,	-0.001312,	217.700,	0.505
34,	6.70055,	0.000586,	-0.000453,	217.700,	0.500
35,	6.70055,	0.000323,	0.000620,	217.700,	0.500
36,	6.70055,	-0.000379,	0.000013,	217.700,	0.500
37,	6.70055,	0.001286,	0.000047,	217.700,	0.550
38,	6.70055,	-0.000022,	0.000752,	217.700,	0.500
39,	6.70055,	0.000791,	-0.001295,	217.700,	0.500
40,	6.70055,	-0.000382,	-0.000879,	217.700,	0.500
41,	6.70055,	0.000616,	0.000254,	217.700,	0.500
42,	6.70055,	-0.000015,	-0.000173,	217.700,	0.545
43,	6.70055,	-0.000685,	-0.001054,	217.700,	0.505
44,	6.70055,	0.000954,	-0.000636,	217.700,	0.500
45,	6.70055,	0.000054,	-0.000321,	217.700,	0.500
46,	6.70055,	-0.000084,	-0.001019,	217.700,	0.495
47,	6.70055,	-0.000591,	-0.000625,	217.700,	0.505
48,	6.70055,	-0.000295,	-0.001553,	217.700,	0.550
49,	6.70055,	0.000327,	-0.000004,	217.700,	0.500
50,	6.70055,	0.000569,	0.001465,	217.700,	0.495
51,	6.70055,	0.000036,	-0.001023,	217.700,	0.505
52,	6.70055,	-0.000347,	-0.001043,	217.700,	0.495
53,	6.70055,	-0.000160,	-0.001127,	217.700,	0.555
54,	6.70055,	-0.000446,	-0.000534,	217.700,	0.495
55,	6.70055,	-0.000414,	-0.001702,	217.700,	0.505
56,	6.70055,	-0.000209,	-0.000830,	217.700,	0.500
57,	6.70055,	-0.000759,	0.000045,	217.700,	0.500
58,	6.70055,	-0.000511,	-0.001303,	217.700,	0.495
59,	6.70055,	-0.000013,	-0.000718,	217.700,	0.555
60,	6.70055,	-0.000554,	-0.000898,	217.700,	0.550
61,	6.70055,	0.000504,	-0.001329,	217.700,	0.550
62,	6.70055,	-0.000097,	0.000327,	217.700,	0.550
63,	6.70055,	-0.001118,	-0.000239,	217.700,	0.545
64,	6.70055,	-0.000058,	-0.000735,	217.700,	0.505
65,	6.70055,	-0.000373,	-0.000638,	217.700,	0.500
66,	6.70066,	0.000405,	0.000202,	217.700,	0.500
67,	6.70066,	0.001062,	-0.000532,	217.700,	0.495
68,	6.70055,	0.000498,	-0.002210,	217.700,	0.555
69,	6.70055,	-0.000989,	-0.001013,	217.700,	0.500
70,	6.70055,	0.000582,	-0.000095,	217.700,	0.495
71,	6.70066,	-0.000504,	-0.000511,	217.700,	0.500
72,	6.70055,	-0.000041,	-0.000269,	217.700,	0.505
73,	6.70055,	-0.000173,	-0.000552,	217.700,	0.500
74,	6.70055,	0.000024,	0.000687,	217.700,	0.550
75,	6.70066,	-0.000349,	-0.000028,	217.700,	0.550
76,	6.70055,	-0.000651,	-0.000237,	217.700,	0.550
77,	6.70055,	0.000250,	0.000732,	217.700,	0.550
78,	6.70066,	0.000155,	-0.000890,	217.700,	0.550
79,	6.70066,	0.001021,	-0.000401,	217.700,	0.500
80,	6.70066,	-0.000420,	-0.000302,	217.700,	0.495
81,	6.70066,	-0.000386,	0.000237,	217.700,	0.505
82,	6.70066,	0.000170,	-0.000657,	217.700,	0.500
83,	6.70055,	0.000261,	0.000411,	217.700,	0.550
84,	6.70055,	-0.000002,	0.000151,	217.700,	0.500
85,	6.70066,	0.000183,	0.000900,	217.700,	0.495
86,	6.70066,	0.000472,	-0.001704,	217.700,	0.505
87,	6.70055,	0.000131,	-0.000567,	217.700,	0.500
88,	6.70055,	0.000312,	-0.000185,	217.700,	0.500
89,	6.70066,	-0.000134,	0.000056,	217.700,	0.550
90,	6.70066,	0.000252,	-0.000679,	217.700,	0.550
91,	6.70066,	-0.000022,	0.000775,	217.700,	0.550
92,	6.70066,	0.000168,	-0.000597,	217.700,	0.550
93,	6.70066,	0.000148,	-0.000248,	217.700,	0.550
94,	6.70055,	0.000732,	-0.001159,	217.700,	0.500
95,	6.70066,	-0.000101,	0.000045,	217.700,	0.500
96,	6.70066,	-0.000028,	0.000644,	217.700,	0.500
97,	6.70066,	0.000170,	-0.000730,	217.700,	0.500
98,	6.70066,	-0.000168,	-0.000763,	217.700,	0.550
99,	6.70066,	0.000136,	-0.001060,	217.700,	0.495
100,	6.70066,	0.000870,	-0.000605,	217.700,	0.505
