Smpl, Det, sig,    mon,    Ring,  sec
#lmd,   E,  HOYAX,  Y,  Smpl,  Det, AGC X, Y, Smpl, Det, pps
#6.70066,	185.0329,	-31.800,	-5.000,	69.376,	139.937,	0.000,	-76.000,	0.000,	29.999,100

69.366,	139.915,	0.097087,	-0.004115,	217.700,	80.745
69.544,	140.251,	0.095784,	-0.001174,	217.700,	0.580
69.690,	140.546,	0.087162,	-0.000371,	217.700,	0.495
69.840,	140.846,	0.071065,	-0.000827,	217.700,	0.496
69.982,	141.146,	0.051185,	-0.000558,	217.700,	0.495
70.134,	141.451,	0.033277,	-0.000901,	217.700,	0.495
70.300,	141.763,	0.017107,	-0.000388,	217.700,	0.535
70.440,	142.063,	0.014405,	-0.001271,	217.700,	0.495
70.592,	142.363,	0.023107,	-0.001668,	217.700,	0.495
70.742,	142.649,	0.046010,	-0.000181,	217.700,	0.490
70.888,	142.956,	0.078636,	-0.001028,	217.700,	0.495
71.050,	143.266,	0.128307,	-0.000524,	217.700,	0.540
71.200,	143.566,	0.180483,	0.000594,	217.700,	0.495
71.350,	143.863,	0.227015,	-0.000873,	217.700,	0.490
71.492,	144.166,	0.264497,	-0.000252,	217.700,	0.495
71.638,	144.458,	0.290345,	-0.000250,	217.700,	0.495
71.804,	144.787,	0.295968,	-0.001573,	217.700,	0.540
71.952,	145.087,	0.284241,	0.000345,	217.700,	0.495
72.098,	145.378,	0.254696,	-0.000778,	217.700,	0.495
72.252,	145.670,	0.211655,	-0.001573,	217.700,	0.495
72.400,	145.966,	0.160959,	0.000392,	217.700,	0.490
72.564,	146.292,	0.105744,	-0.001265,	217.700,	0.545
72.710,	146.599,	0.069865,	-0.000683,	217.700,	0.495
72.854,	146.892,	0.054878,	-0.000328,	217.700,	0.495
73.002,	147.185,	0.072769,	-0.000476,	217.700,	0.490
73.158,	147.480,	0.132103,	-0.000812,	217.700,	0.495
73.316,	147.814,	0.244977,	-0.000381,	217.700,	0.540
73.460,	148.102,	0.398369,	-0.000399,	217.700,	0.495
73.614,	148.394,	0.593992,	-0.000664,	217.700,	0.495
73.760,	148.687,	0.828348,	0.000041,	217.700,	0.495
73.904,	148.992,	1.091789,	-0.000905,	217.700,	0.495
74.068,	149.316,	1.391914,	-0.000489,	217.700,	0.535
74.220,	149.606,	1.678197,	-0.000730,	217.700,	0.495
74.366,	149.899,	1.949686,	0.000146,	217.700,	0.495
74.514,	150.194,	2.205781,	-0.000821,	217.700,	0.490
74.666,	150.497,	2.433422,	-0.000181,	217.700,	0.495
74.824,	150.816,	2.636313,	0.000217,	217.700,	0.540
74.970,	151.121,	2.781620,	-0.000332,	217.700,	0.495
75.120,	151.421,	2.886316,	-0.000567,	217.700,	0.490
75.268,	151.718,	2.945562,	0.000108,	217.700,	0.495
75.420,	152.006,	2.960383,	-0.000259,	217.700,	0.495
75.580,	152.328,	2.928649,	-0.000267,	217.700,	0.540
75.728,	152.621,	2.862733,	-0.000655,	217.700,	0.495
75.874,	152.933,	2.758694,	-0.000373,	217.700,	0.495
76.024,	153.214,	2.628957,	0.000252,	217.700,	0.490
76.168,	153.518,	2.475120,	0.001340,	217.700,	0.495
76.332,	153.845,	2.284874,	-0.001525,	217.700,	0.540
76.478,	154.140,	2.099023,	-0.000980,	217.700,	0.495
76.630,	154.440,	1.905137,	-0.000039,	217.700,	0.495
76.780,	154.728,	1.709126,	-0.000063,	217.700,	0.490
76.924,	155.030,	1.515834,	-0.001579,	217.700,	0.495
77.088,	155.357,	1.313029,	-0.001786,	217.700,	0.540
77.236,	155.652,	1.140350,	-0.002092,	217.700,	0.495
77.386,	155.938,	0.977738,	-0.000541,	217.700,	0.490
77.532,	156.228,	0.831715,	-0.001825,	217.700,	0.495
77.676,	156.535,	0.698312,	-0.000812,	217.700,	0.495
77.840,	156.862,	0.569788,	-0.000877,	217.700,	0.540
77.990,	157.147,	0.471761,	-0.000472,	217.700,	0.495
78.142,	157.450,	0.388167,	-0.000817,	217.700,	0.495
78.286,	157.754,	0.319362,	-0.000080,	217.700,	0.495
78.434,	158.050,	0.264732,	-0.000868,	217.700,	0.490
78.598,	158.364,	0.217080,	-0.000965,	217.700,	0.540
78.748,	158.664,	0.183736,	-0.000640,	217.700,	0.495
78.892,	158.966,	0.158595,	-0.000358,	217.700,	0.490
79.038,	159.257,	0.139388,	-0.000315,	217.700,	0.495
79.186,	159.554,	0.125637,	-0.000830,	217.700,	0.495
79.352,	159.869,	0.112488,	-0.000681,	217.700,	0.540
79.502,	160.169,	0.107162,	-0.000392,	217.700,	0.495
79.646,	160.476,	0.101855,	-0.000634,	217.700,	0.490
79.794,	160.769,	0.097477,	-0.000881,	217.700,	0.495
79.942,	161.066,	0.092875,	-0.001336,	217.700,	0.495
80.104,	161.390,	0.089008,	-0.001696,	217.700,	0.540
80.256,	161.678,	0.085373,	-0.000239,	217.700,	0.495
80.404,	161.974,	0.081469,	-0.001614,	217.700,	0.490
80.552,	162.269,	0.076242,	-0.000802,	217.700,	0.495
80.700,	162.566,	0.073265,	-0.001142,	217.700,	0.495
80.860,	162.886,	0.067822,	-0.000847,	217.700,	0.535
81.006,	163.195,	0.064160,	-0.001013,	217.700,	0.495
81.154,	163.490,	0.059881,	0.000659,	217.700,	0.495
81.302,	163.786,	0.055697,	0.000711,	217.700,	0.490
81.454,	164.071,	0.051941,	-0.001556,	217.700,	0.495
81.614,	164.395,	0.046387,	-0.000922,	217.700,	0.540
81.760,	164.702,	0.045667,	0.000401,	217.700,	0.495
81.908,	164.998,	0.043112,	-0.000771,	217.700,	0.490
82.054,	165.290,	0.040802,	-0.000842,	217.700,	0.495
82.208,	165.578,	0.039910,	0.000373,	217.700,	0.495
82.352,	165.886,	0.038049,	-0.001463,	217.700,	0.490
82.514,	166.210,	0.037013,	-0.001280,	217.700,	0.540
82.664,	166.493,	0.037810,	0.000489,	217.700,	0.495
82.808,	166.795,	0.036651,	-0.000328,	217.700,	0.490
82.960,	167.083,	0.036700,	-0.000356,	217.700,	0.495
83.104,	167.390,	0.037256,	-0.000024,	217.700,	0.495
83.270,	167.719,	0.037956,	-0.001995,	217.700,	0.540
83.434,	168.034,	0.038495,	-0.000903,	217.700,	0.540
83.576,	168.336,	0.039596,	-0.000181,	217.700,	0.495
83.730,	168.624,	0.040460,	-0.000743,	217.700,	0.495
83.876,	168.919,	0.041755,	-0.000457,	217.700,	0.490
84.026,	169.217,	0.042638,	0.000433,	217.700,	0.495
84.184,	169.548,	0.041972,	0.000383,	217.700,	0.540
84.334,	169.836,	0.045329,	-0.000399,	217.700,	0.495
84.482,	170.131,	0.044657,	0.000099,	217.700,	0.490
84.630,	170.429,	0.045079,	-0.000993,	217.700,	0.495
84.780,	170.726,	0.046178,	-0.000224,	217.700,	0.495
84.938,	171.043,	0.046979,	-0.000211,	217.700,	0.535
85.084,	171.350,	0.046639,	0.000084,	217.700,	0.495
85.232,	171.646,	0.046977,	-0.000272,	217.700,	0.495
85.382,	171.946,	0.046622,	0.000276,	217.700,	0.490
85.532,	172.229,	0.046279,	-0.000343,	217.700,	0.495
85.694,	172.553,	0.045930,	-0.000814,	217.700,	0.540
85.840,	172.860,	0.046887,	-0.000060,	217.700,	0.495
85.988,	173.158,	0.046139,	0.000142,	217.700,	0.490
86.138,	173.443,	0.046521,	-0.000157,	217.700,	0.495
86.282,	173.746,	0.044107,	-0.000353,	217.700,	0.490
86.444,	174.067,	0.044553,	-0.001301,	217.700,	0.540
86.592,	174.365,	0.044480,	-0.000168,	217.700,	0.495
86.740,	174.660,	0.043474,	-0.000638,	217.700,	0.490
86.892,	174.948,	0.043629,	-0.000756,	217.700,	0.495
87.036,	175.250,	0.043832,	0.000133,	217.700,	0.490
87.198,	175.577,	0.042011,	-0.000304,	217.700,	0.540
87.362,	175.889,	0.040858,	-0.000961,	217.700,	0.540
87.512,	176.191,	0.040178,	-0.000162,	217.700,	0.495
87.656,	176.491,	0.040281,	-0.000160,	217.700,	0.490
87.802,	176.784,	0.039736,	-0.000067,	217.700,	0.495
87.956,	177.077,	0.039230,	-0.000461,	217.700,	0.495
88.100,	177.379,	-0.000517,	-0.000093,	217.700,	0.490
88.264,	177.691,	-0.000606,	-0.000754,	217.700,	0.540
88.410,	177.998,	-0.000405,	-0.000851,	217.700,	0.495
88.556,	178.294,	0.000194,	-0.000373,	217.700,	0.490
88.704,	178.589,	0.001538,	0.000192,	217.700,	0.495
88.854,	178.874,	0.001693,	-0.000015,	217.700,	0.495
89.016,	179.213,	0.001661,	-0.000698,	217.700,	0.535
89.162,	179.503,	0.002432,	-0.000407,	217.700,	0.495
89.308,	179.798,	0.015836,	-0.000026,	217.700,	0.490
89.462,	180.091,	0.047204,	-0.000489,	217.700,	0.495
