Num, Lmd, sig,    mon,    Ring,  sec
#lmd,   E,  HOYAX,  Y,  Smpl,  Det, AGC X, Y, Smpl, Det
#6.60075,	187.8336,	-5.799,	94.000,	65.000,	-0.062,	0.000,	-76.000,	0.000,	29.999

1,	6.60075,	45.471920,	-0.001114,	217.700,	15.205
2,	6.60075,	45.472220,	-0.000922,	217.700,	0.550
3,	6.60075,	45.476580,	-0.000735,	217.700,	0.500
4,	6.60075,	45.472750,	-0.001051,	217.700,	0.500
5,	6.60075,	45.481930,	0.000489,	217.700,	0.500
6,	6.60075,	45.482070,	-0.000905,	217.700,	0.500
7,	6.60075,	45.478580,	-0.000741,	217.700,	0.550
8,	6.60075,	45.479120,	-0.001347,	217.700,	0.500
9,	6.60075,	45.473720,	-0.001362,	217.700,	0.500
10,	6.60075,	45.463270,	-0.001174,	217.700,	0.500
11,	6.60075,	45.485410,	0.001105,	217.700,	0.500
12,	6.60075,	45.484040,	-0.000842,	217.700,	0.550
13,	6.60075,	45.473900,	-0.001683,	217.700,	0.555
14,	6.60075,	45.480830,	-0.000726,	217.700,	0.545
15,	6.60075,	45.479770,	-0.000369,	217.700,	0.555
16,	6.60075,	45.468330,	0.000179,	217.700,	0.550
17,	6.60075,	45.476720,	-0.001071,	217.700,	0.495
18,	6.60075,	45.476020,	0.000239,	217.700,	0.500
19,	6.60075,	45.475120,	0.000245,	217.700,	0.500
20,	6.60075,	45.480360,	-0.000386,	217.700,	0.505
21,	6.60075,	45.478510,	-0.000687,	217.700,	0.545
22,	6.60075,	45.473460,	-0.001030,	217.700,	0.500
23,	6.60075,	45.474270,	-0.000356,	217.700,	0.500
24,	6.60075,	45.473860,	-0.000082,	217.700,	0.500
25,	6.60075,	45.470490,	-0.000539,	217.700,	0.505
26,	6.60075,	45.472510,	-0.001077,	217.700,	0.550
27,	6.60075,	45.479240,	0.000687,	217.700,	0.500
28,	6.60075,	45.480410,	-0.001054,	217.700,	0.495
29,	6.60075,	45.468210,	0.001027,	217.700,	0.500
30,	6.60075,	45.473850,	-0.002253,	217.700,	0.505
31,	6.60075,	45.476470,	0.000396,	217.700,	0.495
32,	6.60075,	45.472760,	-0.000086,	217.700,	0.550
33,	6.60075,	45.474200,	-0.000328,	217.700,	0.555
34,	6.60075,	45.466150,	-0.000082,	217.700,	0.545
35,	6.60075,	45.460990,	-0.000599,	217.700,	0.550
36,	6.60075,	45.477530,	-0.000409,	217.700,	0.500
37,	6.60075,	45.469150,	-0.000817,	217.700,	0.500
38,	6.60075,	45.471080,	-0.000761,	217.700,	0.500
39,	6.60075,	45.481970,	-0.000185,	217.700,	0.505
40,	6.60075,	45.471670,	0.001036,	217.700,	0.545
41,	6.60075,	45.477400,	-0.001308,	217.700,	0.500
42,	6.60075,	45.471410,	-0.000229,	217.700,	0.500
43,	6.60075,	45.469800,	-0.000110,	217.700,	0.505
44,	6.60075,	45.477290,	-0.000590,	217.700,	0.495
45,	6.60075,	45.472290,	0.001277,	217.700,	0.505
46,	6.60075,	45.473870,	-0.000338,	217.700,	0.545
47,	6.60075,	45.474900,	0.000260,	217.700,	0.550
48,	6.60075,	45.463580,	-0.001435,	217.700,	0.550
49,	6.60075,	45.473580,	-0.000306,	217.700,	0.550
50,	6.60075,	45.477730,	0.000086,	217.700,	0.550
51,	6.60075,	45.477980,	0.000101,	217.700,	0.505
52,	6.60075,	45.475770,	0.000444,	217.700,	0.495
53,	6.60075,	45.473780,	-0.001161,	217.700,	0.500
54,	6.60075,	45.480180,	0.000553,	217.700,	0.505
55,	6.60075,	45.476190,	0.000215,	217.700,	0.545
56,	6.60075,	45.473730,	-0.000196,	217.700,	0.505
57,	6.60075,	45.473840,	-0.000328,	217.700,	0.505
58,	6.60075,	45.464470,	-0.001273,	217.700,	0.495
59,	6.60075,	45.475300,	-0.001228,	217.700,	0.500
60,	6.60075,	45.471680,	-0.000909,	217.700,	0.500
61,	6.60075,	45.474010,	-0.000582,	217.700,	0.550
62,	6.60075,	45.472730,	-0.001196,	217.700,	0.550
63,	6.60075,	45.480590,	-0.000409,	217.700,	0.550
64,	6.60075,	45.471500,	0.000224,	217.700,	0.505
65,	6.60075,	45.468110,	-0.000554,	217.700,	0.495
66,	6.60075,	45.478070,	-0.001676,	217.700,	0.500
67,	6.60075,	45.468910,	0.000110,	217.700,	0.500
68,	6.60075,	45.468170,	-0.000463,	217.700,	0.550
69,	6.60075,	45.468930,	-0.000114,	217.700,	0.500
70,	6.60075,	45.466820,	-0.000015,	217.700,	0.500
71,	6.60075,	45.471880,	-0.001230,	217.700,	0.500
72,	6.60075,	45.472210,	-0.000504,	217.700,	0.500
73,	6.60075,	45.467240,	-0.000795,	217.700,	0.500
74,	6.60075,	45.464410,	-0.000511,	217.700,	0.550
75,	6.60075,	45.470150,	-0.001306,	217.700,	0.550
76,	6.60075,	45.465540,	-0.000636,	217.700,	0.550
77,	6.60075,	45.473620,	-0.000132,	217.700,	0.550
78,	6.60075,	45.470640,	0.000168,	217.700,	0.550
79,	6.60075,	45.472700,	-0.000679,	217.700,	0.500
80,	6.60075,	45.457710,	-0.000834,	217.700,	0.500
81,	6.60075,	45.475750,	-0.000877,	217.700,	0.500
82,	6.60075,	45.474220,	-0.000491,	217.700,	0.505
83,	6.60075,	45.470620,	-0.000644,	217.700,	0.545
84,	6.60075,	45.468260,	0.000090,	217.700,	0.500
85,	6.60075,	45.467070,	-0.000371,	217.700,	0.500
86,	6.60075,	45.470740,	-0.000369,	217.700,	0.505
87,	6.60075,	45.463320,	-0.000946,	217.700,	0.495
88,	6.60075,	45.471450,	-0.000860,	217.700,	0.555
89,	6.60075,	45.469420,	-0.000351,	217.700,	0.495
90,	6.60075,	45.469270,	-0.001579,	217.700,	0.500
91,	6.60075,	45.465290,	-0.000052,	217.700,	0.500
92,	6.60075,	45.466600,	-0.000056,	217.700,	0.505
93,	6.60075,	45.465700,	-0.000890,	217.700,	0.550
94,	6.60075,	45.476130,	-0.000567,	217.700,	0.495
95,	6.60075,	45.469820,	-0.000317,	217.700,	0.505
96,	6.60075,	45.468940,	-0.000481,	217.700,	0.495
97,	6.60075,	45.481930,	0.000590,	217.700,	0.500
98,	6.60075,	45.462510,	0.000241,	217.700,	0.555
99,	6.60075,	45.474870,	-0.000668,	217.700,	0.500
100,	6.60075,	45.474850,	-0.001661,	217.700,	0.495
