Num, Lmd, sig,    mon,    Ring,  sec
#lmd,   E,  HOYAX,  Y,  Smpl,  Det, AGC X, Y, Smpl, Det
#6.60075,	187.8336,	-5.799,	94.000,	65.000,	30.000,	0.000,	-76.000,	0.000,	29.999

1,	6.60075,	0.000588,	-0.002118,	217.700,	88.180
2,	6.60075,	-0.000142,	-0.000308,	217.700,	0.550
3,	6.60075,	-0.000332,	-0.000155,	217.700,	0.550
4,	6.60075,	0.000706,	-0.000605,	217.700,	0.545
5,	6.60075,	0.000388,	-0.001028,	217.700,	0.550
6,	6.60075,	0.000166,	-0.000384,	217.700,	0.505
7,	6.60075,	-0.000252,	-0.001051,	217.700,	0.495
8,	6.60075,	0.000327,	-0.000894,	217.700,	0.500
9,	6.60075,	-0.000076,	-0.000767,	217.700,	0.505
10,	6.60075,	-0.000429,	-0.000041,	217.700,	0.550
11,	6.60075,	0.000192,	-0.001140,	217.700,	0.500
12,	6.60075,	0.000750,	-0.000457,	217.700,	0.500
13,	6.60075,	0.000250,	0.000429,	217.700,	0.500
14,	6.60075,	0.000360,	-0.001224,	217.700,	0.495
15,	6.60075,	0.000170,	-0.000517,	217.700,	0.500
16,	6.60075,	0.000551,	-0.001547,	217.700,	0.550
17,	6.60075,	0.000194,	-0.001207,	217.700,	0.555
18,	6.60075,	-0.000056,	-0.000767,	217.700,	0.550
19,	6.60075,	-0.000750,	-0.000455,	217.700,	0.550
20,	6.60075,	-0.000263,	-0.001502,	217.700,	0.550
21,	6.60075,	0.000258,	-0.000121,	217.700,	0.495
22,	6.60075,	0.000340,	-0.000830,	217.700,	0.505
23,	6.60075,	0.000360,	-0.000651,	217.700,	0.495
24,	6.60075,	-0.000394,	-0.000651,	217.700,	0.505
25,	6.60075,	-0.000567,	-0.001385,	217.700,	0.550
26,	6.60075,	-0.000024,	-0.000244,	217.700,	0.495
27,	6.60075,	-0.000362,	-0.001308,	217.700,	0.500
28,	6.60075,	0.001383,	-0.000987,	217.700,	0.505
29,	6.60075,	0.000077,	-0.001026,	217.700,	0.500
30,	6.60075,	-0.000453,	-0.001715,	217.700,	0.545
31,	6.60075,	-0.000513,	-0.000414,	217.700,	0.555
32,	6.60075,	-0.000015,	-0.001166,	217.700,	0.545
33,	6.60075,	0.000362,	-0.000614,	217.700,	0.555
34,	6.60075,	0.000513,	0.000103,	217.700,	0.545
35,	6.60075,	0.000291,	-0.000418,	217.700,	0.500
36,	6.60075,	0.000108,	-0.000446,	217.700,	0.505
37,	6.60075,	0.000370,	-0.000453,	217.700,	0.495
38,	6.60075,	0.000336,	-0.000565,	217.700,	0.505
39,	6.60075,	-0.000338,	0.000105,	217.700,	0.545
40,	6.60075,	-0.000362,	-0.001142,	217.700,	0.505
41,	6.60075,	0.000541,	-0.000399,	217.700,	0.500
42,	6.60075,	0.000334,	-0.001032,	217.700,	0.495
43,	6.60075,	0.000728,	0.000245,	217.700,	0.505
44,	6.60075,	0.000941,	-0.000078,	217.700,	0.500
45,	6.60075,	-0.000720,	-0.001689,	217.700,	0.550
46,	6.60075,	-0.000330,	-0.000515,	217.700,	0.545
47,	6.60075,	-0.001250,	-0.001310,	217.700,	0.565
48,	6.60075,	0.000922,	0.000136,	217.700,	0.500
49,	6.60075,	0.000788,	-0.000612,	217.700,	0.500
50,	6.60075,	0.001209,	-0.000655,	217.700,	0.500
51,	6.60075,	0.000250,	-0.001364,	217.700,	0.500
52,	6.60075,	-0.000463,	-0.000810,	217.700,	0.545
53,	6.60075,	-0.000593,	-0.000552,	217.700,	0.505
54,	6.60075,	-0.000043,	-0.000056,	217.700,	0.500
55,	6.60075,	0.000418,	-0.000104,	217.700,	0.495
56,	6.60075,	0.000629,	0.000592,	217.700,	0.505
57,	6.60075,	-0.000267,	0.000528,	217.700,	0.500
58,	6.60075,	-0.000020,	0.000017,	217.700,	0.550
59,	6.60075,	-0.000145,	-0.000101,	217.700,	0.500
60,	6.60075,	0.000157,	-0.000565,	217.700,	0.500
61,	6.60075,	0.000336,	-0.000774,	217.700,	0.500
62,	6.60075,	-0.000106,	-0.000681,	217.700,	0.500
63,	6.60075,	0.000390,	0.000034,	217.700,	0.550
64,	6.60075,	0.000556,	0.000136,	217.700,	0.500
65,	6.60075,	0.000172,	-0.000231,	217.700,	0.500
66,	6.60075,	-0.000224,	-0.000414,	217.700,	0.495
67,	6.60075,	-0.000153,	-0.000530,	217.700,	0.500
68,	6.60075,	0.000332,	-0.000321,	217.700,	0.505
69,	6.60075,	-0.000332,	-0.001228,	217.700,	0.545
70,	6.60075,	0.000095,	-0.001532,	217.700,	0.500
71,	6.60075,	-0.000293,	-0.000711,	217.700,	0.505
72,	6.60075,	0.000306,	-0.000838,	217.700,	0.495
73,	6.60075,	0.000254,	-0.002348,	217.700,	0.500
74,	6.60075,	-0.000089,	-0.000666,	217.700,	0.505
75,	6.60075,	-0.000336,	-0.000088,	217.700,	0.550
76,	6.60075,	0.000469,	-0.000886,	217.700,	0.495
77,	6.60075,	0.000416,	-0.000730,	217.700,	0.505
78,	6.60075,	0.001198,	-0.001978,	217.700,	0.495
79,	6.60075,	0.000844,	0.000291,	217.700,	0.505
80,	6.60075,	-0.000030,	-0.001818,	217.700,	0.495
81,	6.60075,	-0.000104,	-0.000330,	217.700,	0.550
82,	6.60075,	-0.000082,	-0.001601,	217.700,	0.550
83,	6.60075,	0.000407,	-0.001351,	217.700,	0.555
84,	6.60075,	0.000263,	-0.000478,	217.700,	0.550
85,	6.60075,	0.000263,	0.000433,	217.700,	0.545
86,	6.60075,	0.000625,	-0.001502,	217.700,	0.505
87,	6.60075,	-0.000519,	-0.000511,	217.700,	0.500
88,	6.60075,	0.000646,	-0.000750,	217.700,	0.495
89,	6.60075,	-0.000912,	-0.000104,	217.700,	0.500
90,	6.60075,	-0.000091,	-0.000511,	217.700,	0.550
91,	6.60075,	-0.000360,	0.000678,	217.700,	0.505
92,	6.60075,	0.000273,	-0.000285,	217.700,	0.495
93,	6.60075,	-0.000289,	0.000194,	217.700,	0.505
94,	6.60075,	0.000325,	-0.001241,	217.700,	0.495
95,	6.60075,	0.000672,	-0.000575,	217.700,	0.555
96,	6.60075,	0.000142,	-0.000261,	217.700,	0.550
97,	6.60075,	-0.000033,	-0.000521,	217.700,	0.550
98,	6.60075,	-0.000229,	-0.000720,	217.700,	0.545
99,	6.60075,	0.000498,	-0.001142,	217.700,	0.555
100,	6.60075,	0.000314,	-0.000065,	217.700,	0.495
