Num, Lmd, sig,    mon,    Ring,  sec
#lmd,   E,  HOYAX,  Y,  Smpl,  Det, AGC X, Y, Smpl, Det
#6.60075,	187.8336,	-31.800,	94.000,	65.000,	-0.062,	0.000,	-76.000,	0.000,	29.999

1,	6.60075,	44.449760,	-0.000526,	217.700,	15.170
2,	6.60075,	44.444710,	-0.000358,	217.700,	0.545
3,	6.60075,	44.449860,	-0.001071,	217.700,	0.550
4,	6.60075,	44.444340,	-0.000444,	217.700,	0.500
5,	6.60075,	44.449140,	-0.000463,	217.700,	0.500
6,	6.60075,	44.453010,	-0.001232,	217.700,	0.500
7,	6.60075,	44.449220,	-0.000338,	217.700,	0.505
8,	6.60064,	44.439310,	-0.000054,	217.700,	0.550
9,	6.60075,	44.442890,	-0.001030,	217.700,	0.495
10,	6.60075,	44.450030,	-0.000944,	217.700,	0.505
11,	6.60075,	44.443420,	-0.000733,	217.700,	0.500
12,	6.60075,	44.447490,	0.000230,	217.700,	0.495
13,	6.60075,	44.445080,	0.000545,	217.700,	0.500
14,	6.60075,	44.437730,	-0.000198,	217.700,	0.555
15,	6.60075,	44.444870,	0.000538,	217.700,	0.500
16,	6.60075,	44.445970,	-0.000455,	217.700,	0.495
17,	6.60075,	44.442830,	-0.000950,	217.700,	0.500
18,	6.60075,	44.438090,	-0.000336,	217.700,	0.505
19,	6.60075,	44.441120,	-0.000817,	217.700,	0.550
20,	6.60075,	44.433330,	-0.000543,	217.700,	0.550
21,	6.60075,	44.429070,	-0.000039,	217.700,	0.550
22,	6.60075,	44.444100,	-0.000556,	217.700,	0.495
23,	6.60075,	44.443490,	-0.000487,	217.700,	0.500
24,	6.60075,	44.426130,	-0.000384,	217.700,	0.500
25,	6.60075,	44.436860,	-0.001657,	217.700,	0.505
26,	6.60075,	44.433210,	0.000144,	217.700,	0.545
27,	6.60075,	44.435680,	-0.000786,	217.700,	0.500
28,	6.60075,	44.439680,	-0.000920,	217.700,	0.505
29,	6.60075,	44.428820,	-0.000528,	217.700,	0.500
30,	6.60075,	44.435360,	-0.000304,	217.700,	0.495
31,	6.60075,	44.441330,	-0.000250,	217.700,	0.500
32,	6.60075,	44.438840,	-0.000093,	217.700,	0.555
33,	6.60075,	44.431190,	-0.000487,	217.700,	0.545
34,	6.60075,	44.439930,	-0.001549,	217.700,	0.550
35,	6.60075,	44.426900,	-0.000239,	217.700,	0.555
36,	6.60075,	44.431970,	-0.000450,	217.700,	0.545
37,	6.60075,	44.437150,	0.000136,	217.700,	0.505
38,	6.60075,	44.434970,	-0.000295,	217.700,	0.495
39,	6.60075,	44.424850,	-0.000528,	217.700,	0.500
40,	6.60075,	44.424990,	-0.000183,	217.700,	0.505
41,	6.60075,	44.427050,	-0.000610,	217.700,	0.550
42,	6.60075,	44.438510,	0.000192,	217.700,	0.500
43,	6.60075,	44.419590,	-0.000289,	217.700,	0.495
44,	6.60075,	44.423090,	-0.001047,	217.700,	0.505
45,	6.60075,	44.424950,	0.000295,	217.700,	0.495
46,	6.60075,	44.420550,	-0.001002,	217.700,	0.500
47,	6.60075,	44.423860,	-0.001995,	217.700,	0.555
48,	6.60075,	44.433700,	0.000321,	217.700,	0.545
49,	6.60075,	44.423790,	-0.000390,	217.700,	0.555
50,	6.60075,	44.421350,	0.001282,	217.700,	0.545
51,	6.60075,	44.425670,	-0.000812,	217.700,	0.550
52,	6.60075,	44.424920,	-0.000842,	217.700,	0.505
53,	6.60075,	44.422590,	-0.000073,	217.700,	0.500
54,	6.60075,	44.419220,	-0.000073,	217.700,	0.495
55,	6.60075,	44.427270,	-0.000881,	217.700,	0.500
56,	6.60075,	44.419510,	-0.001943,	217.700,	0.550
57,	6.60075,	44.425330,	-0.001284,	217.700,	0.500
58,	6.60075,	44.415540,	0.000760,	217.700,	0.500
59,	6.60075,	44.422500,	-0.000922,	217.700,	0.505
60,	6.60075,	44.423520,	-0.000586,	217.700,	0.495
61,	6.60075,	44.414870,	-0.000612,	217.700,	0.500
62,	6.60075,	44.411730,	0.000747,	217.700,	0.555
63,	6.60075,	44.414900,	-0.000375,	217.700,	0.550
64,	6.60075,	44.416580,	-0.000067,	217.700,	0.550
65,	6.60075,	44.418610,	-0.000450,	217.700,	0.545
66,	6.60075,	44.415570,	-0.001351,	217.700,	0.550
67,	6.60075,	44.414310,	0.000282,	217.700,	0.500
68,	6.60075,	44.411290,	-0.000188,	217.700,	0.505
69,	6.60075,	44.419790,	-0.000244,	217.700,	0.500
70,	6.60075,	44.414150,	-0.001452,	217.700,	0.495
71,	6.60075,	44.416100,	-0.000914,	217.700,	0.550
72,	6.60075,	44.415000,	-0.000403,	217.700,	0.505
73,	6.60075,	44.423040,	-0.000043,	217.700,	0.500
74,	6.60075,	44.419750,	-0.000909,	217.700,	0.495
75,	6.60075,	44.418070,	-0.000649,	217.700,	0.500
76,	6.60075,	44.421960,	-0.000838,	217.700,	0.505
77,	6.60075,	44.413520,	-0.001034,	217.700,	0.550
78,	6.60075,	44.416430,	-0.000015,	217.700,	0.495
79,	6.60075,	44.416640,	-0.000700,	217.700,	0.505
80,	6.60075,	44.409420,	-0.001696,	217.700,	0.495
81,	6.60075,	44.407800,	-0.000218,	217.700,	0.505
82,	6.60075,	44.409370,	-0.002154,	217.700,	0.545
83,	6.60075,	44.413600,	-0.000468,	217.700,	0.550
84,	6.60075,	44.407540,	0.000198,	217.700,	0.555
85,	6.60075,	44.421420,	-0.001777,	217.700,	0.495
86,	6.60075,	44.405660,	-0.000967,	217.700,	0.505
87,	6.60075,	44.413340,	-0.000601,	217.700,	0.500
88,	6.60075,	44.411440,	-0.000304,	217.700,	0.495
89,	6.60075,	44.409580,	-0.001413,	217.700,	0.550
90,	6.60075,	44.413140,	-0.001151,	217.700,	0.500
91,	6.60075,	44.413100,	-0.000332,	217.700,	0.500
92,	6.60075,	44.413240,	-0.000235,	217.700,	0.500
93,	6.60075,	44.411980,	-0.000530,	217.700,	0.500
94,	6.60075,	44.409170,	-0.001153,	217.700,	0.500
95,	6.60075,	44.411380,	-0.000496,	217.700,	0.550
96,	6.60075,	44.405070,	0.000062,	217.700,	0.505
97,	6.60075,	44.411500,	-0.000825,	217.700,	0.500
98,	6.60075,	44.413120,	-0.001362,	217.700,	0.495
99,	6.60075,	44.402700,	-0.000832,	217.700,	0.500
100,	6.60075,	44.411160,	-0.000959,	217.700,	0.505
