Num, Lmd, sig,    mon,    Ring,  sec
#lmd,   E,  HOYAX,  Y,  Smpl,  Det, AGC X, Y, Smpl, Det
#6.70066,	185.0329,	-5.799,	94.000,	65.000,	-0.062,	0.000,	-76.000,	0.000,	29.999

1,	6.70066,	47.615110,	-0.002281,	217.700,	15.205
2,	6.70066,	47.599960,	-0.000392,	217.700,	0.555
3,	6.70066,	47.603200,	-0.001000,	217.700,	0.500
4,	6.70066,	47.575300,	-0.000274,	217.700,	0.495
5,	6.70066,	47.575120,	-0.000116,	217.700,	0.505
6,	6.70066,	47.569390,	-0.000616,	217.700,	0.500
7,	6.70066,	47.577960,	-0.000170,	217.700,	0.550
8,	6.70066,	47.579660,	-0.000310,	217.700,	0.550
9,	6.70066,	47.591970,	0.000450,	217.700,	0.500
10,	6.70066,	47.572860,	-0.000907,	217.700,	0.500
11,	6.70066,	47.573230,	0.000075,	217.700,	0.500
12,	6.70066,	47.579380,	0.000704,	217.700,	0.500
13,	6.70066,	47.575590,	-0.000778,	217.700,	0.550
14,	6.70066,	47.552110,	-0.000250,	217.700,	0.500
15,	6.70066,	47.534840,	-0.001357,	217.700,	0.500
16,	6.70066,	47.544850,	-0.000694,	217.700,	0.500
17,	6.70066,	47.557470,	-0.000642,	217.700,	0.500
18,	6.70066,	47.559200,	-0.001110,	217.700,	0.500
19,	6.70066,	47.544220,	-0.000786,	217.700,	0.550
20,	6.70066,	47.549190,	-0.000780,	217.700,	0.495
21,	6.70066,	47.554500,	0.000026,	217.700,	0.500
22,	6.70066,	47.562710,	-0.000549,	217.700,	0.500
23,	6.70066,	47.572720,	-0.000319,	217.700,	0.505
24,	6.70066,	47.527440,	-0.001478,	217.700,	0.545
25,	6.70066,	47.528120,	0.000095,	217.700,	0.505
26,	6.70066,	47.508560,	-0.000935,	217.700,	0.495
27,	6.70066,	47.526350,	-0.000071,	217.700,	0.500
28,	6.70066,	47.514220,	-0.001103,	217.700,	0.505
29,	6.70066,	47.525750,	0.000392,	217.700,	0.500
30,	6.70066,	47.526290,	-0.001226,	217.700,	0.545
31,	6.70066,	47.528400,	-0.000758,	217.700,	0.505
32,	6.70066,	47.531260,	0.000263,	217.700,	0.495
33,	6.70066,	47.544740,	0.000541,	217.700,	0.505
34,	6.70066,	47.488630,	-0.000758,	217.700,	0.500
35,	6.70066,	47.494400,	-0.000621,	217.700,	0.500
36,	6.70066,	47.508000,	-0.000752,	217.700,	0.545
37,	6.70066,	47.492720,	-0.001698,	217.700,	0.505
38,	6.70066,	47.497300,	-0.001092,	217.700,	0.500
39,	6.70066,	47.497820,	-0.001209,	217.700,	0.500
40,	6.70066,	47.512130,	-0.000985,	217.700,	0.500
41,	6.70066,	47.511830,	-0.000295,	217.700,	0.500
42,	6.70066,	47.510970,	-0.000048,	217.700,	0.545
43,	6.70066,	47.485420,	0.000056,	217.700,	0.550
44,	6.70066,	47.465980,	-0.000405,	217.700,	0.550
45,	6.70066,	47.472720,	-0.000060,	217.700,	0.505
46,	6.70066,	47.464540,	-0.000020,	217.700,	0.505
47,	6.70066,	47.469350,	-0.001637,	217.700,	0.500
48,	6.70066,	47.472100,	-0.000547,	217.700,	0.500
49,	6.70066,	47.483240,	-0.000119,	217.700,	0.550
50,	6.70066,	47.472430,	-0.001176,	217.700,	0.495
51,	6.70066,	47.487480,	-0.000642,	217.700,	0.500
52,	6.70066,	47.485140,	-0.001131,	217.700,	0.500
53,	6.70066,	47.476460,	-0.000556,	217.700,	0.505
54,	6.70066,	47.440760,	-0.001558,	217.700,	0.545
55,	6.70066,	47.447190,	-0.000022,	217.700,	0.500
56,	6.70066,	47.459070,	-0.001353,	217.700,	0.500
57,	6.70066,	47.468090,	0.000136,	217.700,	0.505
58,	6.70066,	47.439800,	-0.001105,	217.700,	0.495
59,	6.70066,	47.452830,	-0.000705,	217.700,	0.555
60,	6.70066,	47.458010,	0.000131,	217.700,	0.495
61,	6.70066,	47.457330,	-0.001017,	217.700,	0.500
62,	6.70066,	47.443670,	0.000816,	217.700,	0.500
63,	6.70066,	47.461660,	-0.000875,	217.700,	0.505
64,	6.70066,	47.454820,	-0.000054,	217.700,	0.555
65,	6.70066,	47.451710,	-0.000349,	217.700,	0.500
66,	6.70066,	47.462780,	-0.000285,	217.700,	0.500
67,	6.70066,	47.452520,	-0.000795,	217.700,	0.500
68,	6.70066,	47.452520,	0.000170,	217.700,	0.500
69,	6.70066,	47.460150,	-0.000851,	217.700,	0.545
70,	6.70066,	47.449810,	0.000064,	217.700,	0.550
71,	6.70066,	47.451280,	-0.000043,	217.700,	0.550
72,	6.70066,	47.461620,	-0.000821,	217.700,	0.500
73,	6.70066,	47.448930,	-0.001435,	217.700,	0.500
74,	6.70066,	47.447050,	-0.000702,	217.700,	0.500
75,	6.70066,	47.462740,	-0.000569,	217.700,	0.500
76,	6.70066,	47.458150,	-0.000644,	217.700,	0.550
77,	6.70066,	47.447730,	-0.001247,	217.700,	0.500
78,	6.70066,	47.461880,	-0.000776,	217.700,	0.500
79,	6.70066,	47.451450,	-0.000233,	217.700,	0.505
80,	6.70066,	47.451490,	-0.001176,	217.700,	0.495
81,	6.70066,	47.460400,	-0.000771,	217.700,	0.505
82,	6.70066,	47.457450,	-0.001099,	217.700,	0.550
83,	6.70066,	47.451540,	-0.000502,	217.700,	0.500
84,	6.70066,	47.456930,	0.000148,	217.700,	0.495
85,	6.70066,	47.461590,	-0.000425,	217.700,	0.500
86,	6.70066,	47.447340,	0.000172,	217.700,	0.500
87,	6.70066,	47.456610,	-0.000300,	217.700,	0.505
88,	6.70066,	47.459280,	0.000450,	217.700,	0.545
89,	6.70066,	47.458130,	-0.001189,	217.700,	0.555
90,	6.70066,	47.445230,	0.000039,	217.700,	0.545
91,	6.70066,	47.448620,	-0.000511,	217.700,	0.500
92,	6.70066,	47.467930,	-0.000623,	217.700,	0.505
93,	6.70066,	47.439880,	-0.000642,	217.700,	0.500
94,	6.70066,	47.441810,	-0.000334,	217.700,	0.500
95,	6.70066,	47.450570,	-0.000498,	217.700,	0.550
96,	6.70066,	47.457020,	-0.000121,	217.700,	0.500
97,	6.70066,	47.448200,	-0.001482,	217.700,	0.500
98,	6.70066,	47.443150,	-0.000603,	217.700,	0.495
99,	6.70066,	47.451530,	0.000265,	217.700,	0.505
100,	6.70066,	47.458890,	-0.000065,	217.700,	0.550
