Smpl, Det, sig,    mon,    Ring,  sec
#lmd,   E,  HOYAX,  Y,  Smpl,  Det, AGC X, Y, Smpl, Det, pps
#6.60075,	187.8336,	-31.800,	-5.000,	69.376,	139.937,	0.000,	-76.000,	0.000,	29.999,100

69.368,	139.903,	0.257754,	-0.001756,	217.700,	80.761
69.536,	140.254,	0.198176,	-0.000418,	217.700,	0.575
69.684,	140.549,	0.140913,	-0.000976,	217.700,	0.495
69.832,	140.846,	0.093214,	-0.000922,	217.700,	0.490
69.984,	141.134,	0.069889,	-0.000470,	217.700,	0.495
70.128,	141.437,	0.086140,	-0.000782,	217.700,	0.495
70.294,	141.768,	0.164329,	-0.002781,	217.700,	0.540
70.458,	142.082,	0.318977,	-0.001179,	217.700,	0.540
70.614,	142.411,	0.547711,	-0.001579,	217.700,	0.540
70.768,	142.699,	0.813803,	0.000429,	217.700,	0.495
70.912,	143.006,	1.117205,	-0.000487,	217.700,	0.495
71.060,	143.299,	1.455354,	0.000472,	217.700,	0.495
71.208,	143.599,	1.794549,	-0.000571,	217.700,	0.490
71.376,	143.916,	2.132361,	-0.000707,	217.700,	0.540
71.524,	144.214,	2.405933,	-0.000069,	217.700,	0.495
71.670,	144.506,	2.632302,	0.000136,	217.700,	0.490
71.818,	144.804,	2.798241,	-0.000050,	217.700,	0.495
71.962,	145.104,	2.900175,	-0.001295,	217.700,	0.495
72.130,	145.426,	2.935976,	-0.001142,	217.700,	0.540
72.276,	145.733,	2.902319,	-0.001116,	217.700,	0.495
72.424,	146.028,	2.807402,	0.000323,	217.700,	0.495
72.572,	146.311,	2.674637,	-0.001497,	217.700,	0.490
72.718,	146.616,	2.491038,	-0.000418,	217.700,	0.495
72.886,	146.938,	2.263627,	-0.001396,	217.700,	0.540
73.032,	147.230,	2.021452,	0.001245,	217.700,	0.495
73.174,	147.530,	1.782962,	0.000194,	217.700,	0.495
73.324,	147.828,	1.526667,	-0.000653,	217.700,	0.490
73.476,	148.116,	1.286759,	-0.000272,	217.700,	0.495
73.638,	148.440,	1.041257,	-0.001327,	217.700,	0.540
73.786,	148.738,	0.847569,	-0.001189,	217.700,	0.495
73.928,	149.038,	0.672244,	0.000097,	217.700,	0.495
74.082,	149.333,	0.526052,	0.000396,	217.700,	0.490
74.228,	149.638,	0.407878,	0.000398,	217.700,	0.495
74.392,	149.950,	0.308011,	-0.000308,	217.700,	0.540
74.540,	150.245,	0.240630,	-0.001123,	217.700,	0.495
74.690,	150.545,	0.192027,	0.000620,	217.700,	0.495
74.834,	150.850,	0.160584,	-0.001661,	217.700,	0.490
74.980,	151.142,	0.136201,	-0.000524,	217.700,	0.495
75.144,	151.471,	0.120029,	-0.000812,	217.700,	0.540
75.294,	151.754,	0.109547,	0.000381,	217.700,	0.495
75.438,	152.057,	0.102379,	0.000110,	217.700,	0.495
75.592,	152.350,	0.096243,	-0.000506,	217.700,	0.490
75.738,	152.657,	0.090059,	-0.000043,	217.700,	0.495
75.902,	152.969,	0.081724,	-0.001344,	217.700,	0.540
76.050,	153.266,	0.075146,	-0.000573,	217.700,	0.495
76.196,	153.574,	0.067885,	0.000049,	217.700,	0.495
76.342,	153.866,	0.060980,	0.000480,	217.700,	0.490
76.488,	154.159,	0.055104,	-0.001056,	217.700,	0.495
76.654,	154.490,	0.048824,	0.000599,	217.700,	0.540
76.800,	154.778,	0.045258,	0.000489,	217.700,	0.495
76.952,	155.069,	0.042621,	0.000340,	217.700,	0.495
77.096,	155.376,	0.039839,	-0.000123,	217.700,	0.495
77.246,	155.674,	0.040787,	-0.001474,	217.700,	0.490
77.406,	155.993,	0.039773,	-0.001064,	217.700,	0.540
77.556,	156.281,	0.041716,	-0.000821,	217.700,	0.495
77.704,	156.588,	0.043272,	-0.000433,	217.700,	0.495
77.850,	156.883,	0.045120,	-0.000302,	217.700,	0.490
78.002,	157.183,	0.046844,	-0.000776,	217.700,	0.495
78.160,	157.500,	0.048264,	-0.000483,	217.700,	0.540
78.312,	157.790,	0.048636,	-0.000422,	217.700,	0.495
78.460,	158.086,	0.048759,	-0.000386,	217.700,	0.490
78.610,	158.386,	0.048779,	-0.000179,	217.700,	0.495
78.752,	158.686,	0.046665,	0.000164,	217.700,	0.495
78.920,	159.005,	0.044265,	-0.000366,	217.700,	0.540
79.082,	159.329,	0.040945,	-0.001543,	217.700,	0.540
79.230,	159.624,	0.039066,	-0.001256,	217.700,	0.495
79.378,	159.922,	0.035227,	-0.000144,	217.700,	0.490
79.522,	160.224,	0.032635,	-0.000496,	217.700,	0.495
79.674,	160.512,	0.028914,	-0.000168,	217.700,	0.495
79.820,	160.807,	0.025307,	-0.000435,	217.700,	0.490
79.976,	161.136,	0.022625,	-0.000470,	217.700,	0.540
80.128,	161.438,	0.019763,	-0.000558,	217.700,	0.495
80.280,	161.726,	0.017803,	-0.000134,	217.700,	0.495
80.428,	162.019,	0.017225,	-0.000334,	217.700,	0.490
80.576,	162.317,	0.015954,	-0.001286,	217.700,	0.495
80.732,	162.646,	0.013408,	-0.000468,	217.700,	0.540
80.884,	162.934,	0.013974,	-0.000879,	217.700,	0.495
81.030,	163.241,	0.014610,	-0.000394,	217.700,	0.495
81.178,	163.536,	0.015222,	0.000444,	217.700,	0.495
81.326,	163.834,	0.015685,	-0.000746,	217.700,	0.490
81.492,	164.150,	0.015687,	-0.001267,	217.700,	0.540
81.638,	164.458,	0.016984,	-0.000808,	217.700,	0.495
81.784,	164.750,	0.017594,	-0.000537,	217.700,	0.490
81.932,	165.046,	0.018410,	-0.000472,	217.700,	0.495
82.078,	165.338,	0.019292,	-0.000457,	217.700,	0.495
82.230,	165.641,	0.020580,	0.000327,	217.700,	0.490
82.392,	165.962,	0.020000,	-0.001209,	217.700,	0.540
82.538,	166.258,	0.022704,	-0.000341,	217.700,	0.495
82.688,	166.555,	0.022644,	-0.000774,	217.700,	0.490
82.838,	166.843,	0.022159,	-0.000776,	217.700,	0.495
82.984,	167.134,	0.023721,	-0.000369,	217.700,	0.495
83.146,	167.458,	0.021707,	-0.001504,	217.700,	0.535
83.294,	167.755,	0.022582,	-0.000489,	217.700,	0.495
83.442,	168.050,	0.021748,	-0.000017,	217.700,	0.490
83.586,	168.355,	0.021834,	-0.000718,	217.700,	0.495
83.740,	168.646,	0.021177,	0.000377,	217.700,	0.490
83.896,	168.972,	0.020229,	-0.001032,	217.700,	0.540
84.042,	169.267,	0.020168,	-0.000162,	217.700,	0.495
84.194,	169.555,	0.019063,	-0.000043,	217.700,	0.490
84.340,	169.860,	0.019171,	0.000491,	217.700,	0.495
84.486,	170.153,	0.017885,	-0.000261,	217.700,	0.495
84.648,	170.474,	0.016385,	-0.001898,	217.700,	0.535
84.798,	170.777,	0.015543,	-0.000502,	217.700,	0.495
84.948,	171.062,	0.016170,	-0.000444,	217.700,	0.490
85.094,	171.355,	0.015715,	-0.000246,	217.700,	0.495
85.242,	171.665,	0.014976,	0.000297,	217.700,	0.490
85.408,	171.979,	0.012634,	-0.000552,	217.700,	0.540
85.550,	172.282,	0.013222,	-0.000108,	217.700,	0.495
85.696,	172.572,	0.012791,	0.001118,	217.700,	0.490
85.848,	172.860,	0.011714,	-0.000091,	217.700,	0.495
85.996,	173.160,	0.011568,	0.000049,	217.700,	0.490
86.154,	173.489,	0.010917,	-0.000778,	217.700,	0.540
86.304,	173.789,	0.011184,	-0.001008,	217.700,	0.495
86.450,	174.082,	0.010555,	-0.001344,	217.700,	0.490
86.598,	174.379,	0.011356,	0.000905,	217.700,	0.495
86.748,	174.677,	0.010163,	0.000032,	217.700,	0.490
86.906,	174.994,	0.009740,	-0.000263,	217.700,	0.540
87.058,	175.296,	0.009674,	-0.000556,	217.700,	0.495
87.206,	175.594,	0.009318,	0.000646,	217.700,	0.490
87.354,	175.874,	0.009501,	-0.001090,	217.700,	0.495
87.504,	176.174,	0.009777,	-0.000136,	217.700,	0.495
87.664,	176.491,	0.008084,	-0.000916,	217.700,	0.535
87.810,	176.801,	0.008474,	-0.000119,	217.700,	0.495
87.956,	177.096,	0.007849,	0.000532,	217.700,	0.490
88.108,	177.382,	-0.000612,	0.000594,	217.700,	0.495
88.256,	177.679,	-0.000597,	0.000877,	217.700,	0.490
88.418,	178.001,	-0.001383,	-0.001668,	217.700,	0.540
88.564,	178.294,	-0.000270,	-0.001032,	217.700,	0.495
88.712,	178.589,	0.002241,	0.000409,	217.700,	0.490
88.862,	178.891,	0.001870,	0.000181,	217.700,	0.495
89.008,	179.179,	0.001637,	0.000560,	217.700,	0.490
89.170,	179.506,	0.002064,	-0.000011,	217.700,	0.540
89.316,	179.798,	0.016588,	-0.000121,	217.700,	0.495
89.464,	180.108,	0.045333,	-0.001571,	217.700,	0.490
