Num, Lmd, sig,    mon,    Ring,  sec
#lmd,   E,  HOYAX,  Y,  Smpl,  Det, AGC X, Y, Smpl, Det
#6.70066,	185.0329,	21.801,	94.000,	65.000,	30.000,	0.000,	-76.000,	0.000,	29.999

1,	6.70066,	0.000495,	-0.002406,	217.700,	88.090
2,	6.70066,	-0.000022,	-0.001028,	217.700,	0.550
3,	6.70066,	0.000689,	-0.000597,	217.700,	0.550
4,	6.70066,	-0.000157,	0.000129,	217.700,	0.550
5,	6.70066,	-0.000494,	-0.001260,	217.700,	0.500
6,	6.70066,	0.000088,	-0.000506,	217.700,	0.495
7,	6.70066,	0.000086,	-0.000360,	217.700,	0.505
8,	6.70066,	-0.000330,	-0.000937,	217.700,	0.495
9,	6.70066,	0.000513,	-0.001831,	217.700,	0.550
10,	6.70066,	-0.000155,	-0.000259,	217.700,	0.500
11,	6.70066,	0.000549,	-0.001056,	217.700,	0.500
12,	6.70066,	0.000478,	-0.000493,	217.700,	0.505
13,	6.70066,	0.000136,	0.000036,	217.700,	0.500
14,	6.70066,	0.000517,	-0.001329,	217.700,	0.500
15,	6.70066,	0.001476,	-0.000058,	217.700,	0.550
16,	6.70066,	0.000267,	-0.001771,	217.700,	0.545
17,	6.70066,	-0.000073,	-0.000244,	217.700,	0.555
18,	6.70066,	0.000353,	-0.001368,	217.700,	0.550
19,	6.70066,	-0.000005,	-0.000590,	217.700,	0.550
20,	6.70066,	0.000321,	-0.001237,	217.700,	0.495
21,	6.70066,	0.000931,	-0.001116,	217.700,	0.505
22,	6.70066,	0.000207,	0.000288,	217.700,	0.500
23,	6.70066,	0.000314,	-0.000868,	217.700,	0.500
24,	6.70066,	0.000622,	-0.000552,	217.700,	0.550
25,	6.70066,	0.000702,	-0.000651,	217.700,	0.500
26,	6.70066,	-0.000349,	-0.000310,	217.700,	0.495
27,	6.70066,	0.000627,	-0.000898,	217.700,	0.505
28,	6.70066,	0.000887,	-0.000515,	217.700,	0.500
29,	6.70066,	0.000362,	0.000646,	217.700,	0.495
30,	6.70066,	-0.000263,	-0.000519,	217.700,	0.550
31,	6.70066,	0.000245,	-0.000601,	217.700,	0.550
32,	6.70066,	0.000788,	0.000704,	217.700,	0.555
33,	6.70066,	-0.000252,	-0.001049,	217.700,	0.545
34,	6.70066,	-0.000496,	-0.000528,	217.700,	0.555
35,	6.70066,	0.000601,	0.000334,	217.700,	0.500
36,	6.70066,	-0.000095,	-0.000198,	217.700,	0.500
37,	6.70066,	0.000187,	-0.000216,	217.700,	0.500
38,	6.70066,	0.000937,	-0.000601,	217.700,	0.500
39,	6.70066,	0.000108,	-0.001125,	217.700,	0.545
40,	6.70066,	-0.000153,	-0.000758,	217.700,	0.505
41,	6.70066,	0.000166,	-0.000528,	217.700,	0.500
42,	6.70066,	0.000340,	-0.000896,	217.700,	0.500
43,	6.70066,	0.000704,	-0.000285,	217.700,	0.495
44,	6.70066,	0.000181,	-0.001258,	217.700,	0.500
45,	6.70066,	0.000362,	-0.000194,	217.700,	0.550
46,	6.70066,	-0.000399,	-0.000584,	217.700,	0.555
47,	6.70066,	-0.000192,	-0.000709,	217.700,	0.550
48,	6.70066,	0.000601,	-0.000328,	217.700,	0.545
49,	6.70066,	-0.000011,	-0.000825,	217.700,	0.555
50,	6.70066,	0.000017,	-0.000748,	217.700,	0.500
51,	6.70066,	0.000605,	0.000164,	217.700,	0.500
52,	6.70066,	0.000297,	-0.000285,	217.700,	0.500
53,	6.70066,	0.000289,	-0.000756,	217.700,	0.500
54,	6.70066,	0.000332,	-0.000948,	217.700,	0.550
55,	6.70078,	0.001310,	-0.001932,	217.700,	0.500
56,	6.70078,	-0.000050,	0.000459,	217.700,	0.500
57,	6.70066,	0.000092,	-0.000778,	217.700,	0.500
58,	6.70066,	-0.000709,	-0.000985,	217.700,	0.500
59,	6.70066,	0.000267,	0.000553,	217.700,	0.495
60,	6.70066,	-0.000642,	0.000293,	217.700,	0.555
61,	6.70066,	0.000155,	-0.000730,	217.700,	0.550
62,	6.70066,	-0.000453,	-0.000345,	217.700,	0.495
63,	6.70066,	0.000396,	-0.000674,	217.700,	0.505
64,	6.70066,	0.000194,	-0.000519,	217.700,	0.500
65,	6.70066,	0.000032,	0.000090,	217.700,	0.500
66,	6.70066,	0.001148,	-0.000868,	217.700,	0.550
67,	6.70066,	0.000248,	-0.001120,	217.700,	0.545
68,	6.70066,	0.000360,	-0.000692,	217.700,	0.555
69,	6.70078,	0.000043,	-0.000802,	217.700,	0.495
70,	6.70066,	-0.000487,	-0.000724,	217.700,	0.505
71,	6.70066,	0.000987,	-0.000127,	217.700,	0.500
72,	6.70066,	0.000513,	-0.000244,	217.700,	0.500
73,	6.70066,	0.000517,	-0.001030,	217.700,	0.550
74,	6.70066,	0.000211,	-0.000201,	217.700,	0.495
75,	6.70066,	-0.000224,	-0.000472,	217.700,	0.505
76,	6.70066,	-0.000246,	0.000179,	217.700,	0.500
77,	6.70066,	0.000799,	-0.000030,	217.700,	0.500
78,	6.70066,	0.000571,	-0.001021,	217.700,	0.495
79,	6.70066,	-0.000698,	-0.001493,	217.700,	0.555
80,	6.70066,	-0.000877,	-0.001603,	217.700,	0.550
81,	6.70066,	-0.000097,	-0.001159,	217.700,	0.545
82,	6.70078,	-0.000121,	-0.000715,	217.700,	0.545
83,	6.70066,	0.000780,	-0.000166,	217.700,	0.555
84,	6.70066,	0.000317,	-0.000786,	217.700,	0.545
85,	6.70066,	-0.000338,	-0.000605,	217.700,	0.505
86,	6.70066,	0.000329,	-0.000982,	217.700,	0.495
87,	6.70066,	0.000148,	-0.000291,	217.700,	0.505
88,	6.70066,	0.000569,	-0.001422,	217.700,	0.500
89,	6.70066,	0.000457,	-0.000526,	217.700,	0.545
90,	6.70066,	-0.000274,	-0.001310,	217.700,	0.505
91,	6.70066,	0.000409,	-0.000252,	217.700,	0.495
92,	6.70066,	0.000592,	-0.000160,	217.700,	0.505
93,	6.70066,	0.000045,	-0.000825,	217.700,	0.500
94,	6.70066,	0.000920,	0.000709,	217.700,	0.500
95,	6.70078,	0.000125,	-0.000427,	217.700,	0.550
96,	6.70066,	0.000698,	0.000368,	217.700,	0.500
97,	6.70078,	-0.000177,	-0.001146,	217.700,	0.495
98,	6.70078,	0.000862,	-0.000280,	217.700,	0.500
99,	6.70078,	0.000151,	-0.000873,	217.700,	0.505
100,	6.70078,	0.000618,	-0.000804,	217.700,	0.550
