Num, Lmd, sig,    mon,    Ring,  sec
#lmd,   E,  HOYAX,  Y,  Smpl,  Det, AGC X, Y, Smpl, Det
#6.65076,	186.4212,	-31.800,	94.000,	65.000,	30.000,	0.000,	-76.000,	0.000,	29.999

1,	6.65076,	0.000972,	-0.001592,	217.700,	88.185
2,	6.65076,	-0.000991,	-0.000345,	217.700,	0.550
3,	6.65076,	-0.000416,	0.000008,	217.700,	0.500
4,	6.65076,	0.001174,	-0.000108,	217.700,	0.495
5,	6.65076,	-0.000276,	-0.000896,	217.700,	0.505
6,	6.65076,	0.000230,	0.000411,	217.700,	0.500
7,	6.65076,	0.000164,	-0.000022,	217.700,	0.550
8,	6.65076,	0.000151,	-0.000151,	217.700,	0.495
9,	6.65076,	-0.000987,	-0.001838,	217.700,	0.505
10,	6.65076,	0.000248,	0.001010,	217.700,	0.495
11,	6.65076,	0.000521,	-0.000048,	217.700,	0.505
12,	6.65076,	-0.001071,	-0.000929,	217.700,	0.550
13,	6.65076,	-0.000166,	-0.001013,	217.700,	0.500
14,	6.65076,	-0.000463,	0.000148,	217.700,	0.500
15,	6.65076,	-0.000039,	-0.000799,	217.700,	0.500
16,	6.65076,	0.000349,	-0.000562,	217.700,	0.500
17,	6.65076,	-0.000078,	-0.000937,	217.700,	0.500
18,	6.65076,	-0.000015,	-0.000534,	217.700,	0.550
19,	6.65076,	0.000842,	-0.001273,	217.700,	0.545
20,	6.65076,	-0.000545,	-0.000735,	217.700,	0.555
21,	6.65076,	0.000265,	-0.000767,	217.700,	0.500
22,	6.65076,	0.000390,	0.000569,	217.700,	0.500
23,	6.65076,	0.000526,	-0.000310,	217.700,	0.500
24,	6.65076,	0.000827,	-0.000901,	217.700,	0.500
25,	6.65076,	0.000978,	0.000308,	217.700,	0.550
26,	6.65076,	-0.000151,	-0.000961,	217.700,	0.500
27,	6.65076,	0.000347,	0.000056,	217.700,	0.500
28,	6.65076,	-0.000002,	-0.000638,	217.700,	0.500
29,	6.65076,	-0.000326,	-0.000444,	217.700,	0.500
30,	6.65076,	0.000172,	0.000431,	217.700,	0.500
31,	6.65076,	0.000286,	-0.000317,	217.700,	0.550
32,	6.65076,	-0.000026,	-0.000119,	217.700,	0.550
33,	6.65076,	-0.000515,	-0.000060,	217.700,	0.550
34,	6.65076,	0.000075,	-0.001747,	217.700,	0.550
35,	6.65076,	0.000629,	-0.000144,	217.700,	0.550
36,	6.65076,	0.000189,	0.000687,	217.700,	0.500
37,	6.65076,	-0.000662,	0.000609,	217.700,	0.500
38,	6.65076,	0.000571,	0.000329,	217.700,	0.500
39,	6.65076,	-0.000343,	-0.000886,	217.700,	0.500
40,	6.65076,	-0.000459,	-0.000797,	217.700,	0.550
41,	6.65076,	-0.000142,	0.000403,	217.700,	0.495
42,	6.65076,	0.000508,	-0.000056,	217.700,	0.500
43,	6.65076,	-0.001310,	-0.000797,	217.700,	0.505
44,	6.65076,	-0.000112,	0.000207,	217.700,	0.500
45,	6.65076,	-0.000170,	-0.000037,	217.700,	0.500
46,	6.65076,	0.000821,	-0.000765,	217.700,	0.550
47,	6.65076,	-0.000470,	-0.000185,	217.700,	0.550
48,	6.65076,	0.000194,	-0.001782,	217.700,	0.550
49,	6.65076,	0.000131,	-0.000336,	217.700,	0.550
50,	6.65076,	0.000681,	-0.000349,	217.700,	0.550
51,	6.65076,	0.000043,	-0.000149,	217.700,	0.500
52,	6.65076,	-0.000429,	-0.001114,	217.700,	0.500
53,	6.65076,	0.000213,	0.000586,	217.700,	0.495
54,	6.65076,	0.000508,	-0.000771,	217.700,	0.500
55,	6.65076,	0.000984,	-0.000933,	217.700,	0.555
56,	6.65076,	0.000398,	-0.000894,	217.700,	0.500
57,	6.65076,	-0.000037,	0.000560,	217.700,	0.500
58,	6.65076,	-0.000636,	-0.000862,	217.700,	0.500
59,	6.65076,	0.000228,	-0.000302,	217.700,	0.495
60,	6.65076,	-0.000194,	-0.001097,	217.700,	0.505
61,	6.65076,	-0.000179,	-0.000399,	217.700,	0.550
62,	6.65076,	-0.000621,	-0.000577,	217.700,	0.550
63,	6.65076,	-0.000052,	-0.000939,	217.700,	0.550
64,	6.65076,	-0.000226,	-0.001146,	217.700,	0.545
65,	6.65076,	0.000026,	-0.000121,	217.700,	0.505
66,	6.65076,	-0.000399,	-0.000629,	217.700,	0.500
67,	6.65076,	0.000200,	0.000049,	217.700,	0.495
68,	6.65076,	-0.000030,	-0.000427,	217.700,	0.500
69,	6.65076,	-0.000007,	-0.000681,	217.700,	0.555
70,	6.65076,	0.000080,	-0.000491,	217.700,	0.500
71,	6.65076,	0.000398,	-0.000799,	217.700,	0.500
72,	6.65076,	0.000336,	0.000168,	217.700,	0.495
73,	6.65076,	-0.000606,	-0.001030,	217.700,	0.500
74,	6.65076,	0.000403,	0.000019,	217.700,	0.550
75,	6.65076,	-0.000175,	-0.000565,	217.700,	0.500
76,	6.65076,	0.000021,	0.000351,	217.700,	0.500
77,	6.65076,	-0.000089,	0.000062,	217.700,	0.505
78,	6.65076,	0.000069,	-0.000629,	217.700,	0.500
79,	6.65076,	0.000347,	-0.001181,	217.700,	0.495
80,	6.65076,	0.000166,	-0.000909,	217.700,	0.555
81,	6.65076,	0.000594,	0.000183,	217.700,	0.550
82,	6.65076,	-0.000259,	-0.000560,	217.700,	0.550
83,	6.65088,	0.000489,	-0.001026,	217.700,	0.550
84,	6.65076,	-0.000136,	-0.001689,	217.700,	0.545
85,	6.65076,	0.000172,	-0.000483,	217.700,	0.505
86,	6.65076,	-0.000502,	0.000153,	217.700,	0.495
87,	6.65088,	-0.000106,	-0.001282,	217.700,	0.500
88,	6.65088,	0.000131,	-0.000653,	217.700,	0.500
89,	6.65076,	0.000409,	-0.000621,	217.700,	0.555
90,	6.65076,	0.000452,	-0.000106,	217.700,	0.500
91,	6.65076,	-0.000974,	-0.000560,	217.700,	0.500
92,	6.65076,	0.000836,	-0.000244,	217.700,	0.500
93,	6.65088,	0.001568,	0.000827,	217.700,	0.500
94,	6.65088,	0.000245,	0.000446,	217.700,	0.495
95,	6.65088,	0.000336,	0.000144,	217.700,	0.555
96,	6.65076,	-0.000166,	-0.001387,	217.700,	0.545
97,	6.65076,	0.001105,	-0.000603,	217.700,	0.555
98,	6.65076,	0.000047,	-0.001698,	217.700,	0.550
99,	6.65076,	0.000342,	0.000217,	217.700,	0.550
100,	6.65088,	-0.000119,	-0.000634,	217.700,	0.495
