Smpl, Det, sig,    mon,    Ring,  sec
#lmd,   E,  HOYAX,  Y,  Smpl,  Det, AGC X, Y, Smpl, Det, pps
#6.49992,	190.7473,	21.801,	-5.000,	69.376,	139.937,	0.000,	-76.000,	0.000,	29.999,100

69.368,	139.903,	0.023773,	-0.003085,	217.700,	80.691
69.552,	140.270,	0.022028,	-0.001424,	217.700,	0.615
69.700,	140.566,	0.021186,	0.000754,	217.700,	0.490
69.850,	140.866,	0.022261,	-0.000763,	217.700,	0.495
69.992,	141.166,	0.024818,	0.000058,	217.700,	0.490
70.144,	141.454,	0.027529,	0.000336,	217.700,	0.490
70.302,	141.785,	0.032864,	-0.000562,	217.700,	0.540
70.450,	142.082,	0.039116,	0.000597,	217.700,	0.490
70.600,	142.366,	0.044165,	-0.000267,	217.700,	0.495
70.742,	142.668,	0.048762,	-0.000571,	217.700,	0.490
70.896,	142.956,	0.052645,	-0.000485,	217.700,	0.490
71.050,	143.282,	0.053268,	0.000252,	217.700,	0.540
71.200,	143.582,	0.052434,	0.000204,	217.700,	0.490
71.350,	143.866,	0.049002,	-0.000618,	217.700,	0.495
71.500,	144.166,	0.042152,	-0.000412,	217.700,	0.490
71.648,	144.461,	0.039411,	-0.000485,	217.700,	0.490
71.804,	144.790,	0.037078,	-0.000666,	217.700,	0.540
71.952,	145.087,	0.037173,	-0.000091,	217.700,	0.490
72.098,	145.378,	0.039114,	-0.000211,	217.700,	0.495
72.244,	145.670,	0.044654,	-0.000338,	217.700,	0.490
72.392,	145.966,	0.051613,	-0.000332,	217.700,	0.490
72.556,	146.294,	0.063987,	-0.000998,	217.700,	0.540
72.702,	146.585,	0.078463,	-0.001157,	217.700,	0.495
72.856,	146.875,	0.091572,	0.000036,	217.700,	0.490
73.002,	147.170,	0.106191,	-0.000778,	217.700,	0.490
73.150,	147.466,	0.118789,	-0.000037,	217.700,	0.495
73.308,	147.797,	0.128887,	-0.000995,	217.700,	0.535
73.460,	148.087,	0.136420,	-0.000543,	217.700,	0.490
73.606,	148.378,	0.138354,	-0.000506,	217.700,	0.490
73.752,	148.670,	0.137314,	-0.001041,	217.700,	0.495
73.896,	148.975,	0.133593,	0.000480,	217.700,	0.490
74.060,	149.287,	0.127017,	0.000308,	217.700,	0.535
74.206,	149.594,	0.121863,	-0.000560,	217.700,	0.490
74.352,	149.885,	0.118935,	-0.000599,	217.700,	0.495
74.500,	150.182,	0.120633,	-0.000401,	217.700,	0.490
74.652,	150.468,	0.129047,	-0.000767,	217.700,	0.490
74.810,	150.787,	0.148033,	-0.000461,	217.700,	0.535
74.956,	151.094,	0.173942,	-0.000500,	217.700,	0.490
75.106,	151.378,	0.211365,	-0.000203,	217.700,	0.495
75.248,	151.678,	0.260778,	-0.000819,	217.700,	0.490
75.400,	151.966,	0.317562,	-0.000694,	217.700,	0.490
75.560,	152.302,	0.392020,	-0.001743,	217.700,	0.540
75.706,	152.594,	0.470544,	-0.000952,	217.700,	0.490
75.854,	152.890,	0.554543,	-0.000144,	217.700,	0.495
76.004,	153.175,	0.641424,	-0.000409,	217.700,	0.490
76.148,	153.475,	0.730293,	0.000590,	217.700,	0.490
76.312,	153.804,	0.828727,	-0.000304,	217.700,	0.540
76.460,	154.102,	0.917038,	-0.000601,	217.700,	0.490
76.610,	154.385,	0.998475,	-0.001103,	217.700,	0.495
76.752,	154.685,	1.071140,	0.000924,	217.700,	0.490
76.904,	154.973,	1.136296,	0.001736,	217.700,	0.490
77.066,	155.299,	1.195412,	-0.001308,	217.700,	0.540
77.208,	155.597,	1.238937,	-0.000209,	217.700,	0.490
77.356,	155.894,	1.268497,	0.000254,	217.700,	0.495
77.502,	156.187,	1.286317,	-0.000668,	217.700,	0.490
77.656,	156.480,	1.293173,	-0.000894,	217.700,	0.490
77.812,	156.806,	1.284064,	-0.000575,	217.700,	0.540
77.960,	157.104,	1.266283,	0.000030,	217.700,	0.490
78.114,	157.392,	1.238340,	-0.000114,	217.700,	0.495
78.258,	157.685,	1.201294,	0.000370,	217.700,	0.490
78.406,	157.978,	1.156862,	0.000194,	217.700,	0.490
78.570,	158.304,	1.099522,	-0.000526,	217.700,	0.540
78.714,	158.609,	1.039491,	-0.001637,	217.700,	0.495
78.858,	158.899,	0.978981,	-0.001517,	217.700,	0.490
79.012,	159.190,	0.913906,	-0.000879,	217.700,	0.490
79.160,	159.485,	0.846696,	-0.000565,	217.700,	0.495
79.316,	159.814,	0.770695,	-0.000259,	217.700,	0.535
79.468,	160.099,	0.704541,	0.000127,	217.700,	0.490
79.612,	160.406,	0.638457,	0.000366,	217.700,	0.495
79.756,	160.697,	0.573480,	-0.000838,	217.700,	0.490
79.908,	160.997,	0.512423,	-0.001064,	217.700,	0.490
80.074,	161.311,	0.449457,	-0.001502,	217.700,	0.540
80.232,	161.630,	0.391973,	-0.001327,	217.700,	0.540
80.378,	161.938,	0.343906,	-0.000246,	217.700,	0.490
80.526,	162.233,	0.300334,	-0.000636,	217.700,	0.495
80.674,	162.514,	0.262484,	-0.001142,	217.700,	0.490
80.818,	162.818,	0.227966,	-0.000409,	217.700,	0.490
80.980,	163.140,	0.195093,	-0.000265,	217.700,	0.540
81.128,	163.435,	0.170180,	-0.001275,	217.700,	0.490
81.276,	163.733,	0.149412,	-0.000722,	217.700,	0.495
81.426,	164.018,	0.131585,	0.000439,	217.700,	0.490
81.570,	164.323,	0.115287,	-0.000181,	217.700,	0.490
81.732,	164.647,	0.101795,	-0.001084,	217.700,	0.540
81.880,	164.940,	0.094162,	-0.000097,	217.700,	0.490
82.028,	165.235,	0.085864,	-0.001166,	217.700,	0.495
82.180,	165.523,	0.080359,	-0.000498,	217.700,	0.490
82.326,	165.816,	0.075690,	-0.000485,	217.700,	0.495
82.488,	166.140,	0.071765,	-0.001439,	217.700,	0.535
82.636,	166.438,	0.070808,	-0.000073,	217.700,	0.490
82.780,	166.740,	0.068832,	0.000204,	217.700,	0.495
82.932,	167.028,	0.067611,	-0.000827,	217.700,	0.490
83.076,	167.318,	0.067542,	0.000088,	217.700,	0.495
83.240,	167.647,	0.065947,	0.000138,	217.700,	0.535
83.382,	167.945,	0.068401,	0.000243,	217.700,	0.495
83.536,	168.238,	0.067936,	-0.000864,	217.700,	0.490
83.680,	168.528,	0.068037,	-0.000162,	217.700,	0.490
83.828,	168.823,	0.067005,	-0.000373,	217.700,	0.490
83.986,	169.154,	0.067275,	-0.000618,	217.700,	0.540
84.136,	169.454,	0.067305,	-0.000931,	217.700,	0.495
84.280,	169.742,	0.066484,	-0.000985,	217.700,	0.490
84.434,	170.033,	0.066365,	-0.000420,	217.700,	0.490
84.582,	170.330,	0.065219,	-0.000521,	217.700,	0.495
84.740,	170.662,	0.063916,	-0.000849,	217.700,	0.535
84.890,	170.947,	0.063944,	-0.000257,	217.700,	0.490
85.036,	171.238,	0.063375,	0.000480,	217.700,	0.495
85.184,	171.533,	0.062476,	-0.001379,	217.700,	0.490
85.332,	171.830,	0.061052,	-0.000235,	217.700,	0.490
85.490,	172.162,	0.059147,	-0.001036,	217.700,	0.540
85.642,	172.450,	0.058292,	0.000622,	217.700,	0.490
85.788,	172.742,	0.057863,	0.000312,	217.700,	0.495
85.930,	173.042,	0.056153,	0.000974,	217.700,	0.490
86.082,	173.333,	0.055164,	-0.000448,	217.700,	0.490
86.242,	173.664,	0.054000,	-0.000627,	217.700,	0.540
86.388,	173.957,	0.053733,	-0.001002,	217.700,	0.490
86.542,	174.250,	0.053530,	-0.001120,	217.700,	0.495
86.682,	174.545,	0.051335,	0.000118,	217.700,	0.490
86.832,	174.847,	0.050171,	0.000024,	217.700,	0.490
86.994,	175.169,	0.049299,	-0.001211,	217.700,	0.535
87.140,	175.459,	0.049053,	-0.000726,	217.700,	0.490
87.286,	175.754,	0.047804,	-0.000114,	217.700,	0.495
87.436,	176.040,	0.046140,	0.000495,	217.700,	0.490
87.580,	176.342,	0.046142,	-0.000140,	217.700,	0.490
87.742,	176.666,	0.043770,	-0.001062,	217.700,	0.540
87.888,	176.959,	0.044007,	-0.000321,	217.700,	0.490
88.036,	177.252,	0.027555,	0.000024,	217.700,	0.490
88.186,	177.554,	0.000558,	-0.000616,	217.700,	0.495
88.332,	177.845,	0.000508,	0.000026,	217.700,	0.495
88.500,	178.166,	0.000829,	-0.000972,	217.700,	0.540
88.648,	178.462,	0.000308,	-0.001349,	217.700,	0.495
88.792,	178.764,	0.001723,	-0.000201,	217.700,	0.495
88.942,	179.066,	0.000890,	-0.000985,	217.700,	0.490
89.086,	179.354,	0.003135,	-0.000237,	217.700,	0.495
89.250,	179.681,	0.009256,	-0.001038,	217.700,	0.540
89.400,	179.981,	0.026850,	-0.000842,	217.700,	0.495
