Num, Lmd, sig,    mon,    Ring,  sec
#lmd,   E,  HOYAX,  Y,  Smpl,  Det, AGC X, Y, Smpl, Det
#6.50050,	190.7303,	-5.799,	94.000,	65.000,	30.000,	0.000,	-76.000,	0.000,	29.999

1,	6.50061,	0.000398,	-0.001026,	217.700,	97.550
2,	6.50050,	-0.000728,	-0.000832,	217.700,	0.555
3,	6.50050,	-0.000394,	0.000433,	217.700,	0.500
4,	6.50050,	-0.000338,	-0.001247,	217.700,	0.500
5,	6.50050,	-0.000621,	-0.000493,	217.700,	0.500
6,	6.50050,	-0.000414,	-0.001051,	217.700,	0.500
7,	6.50050,	0.000379,	-0.000711,	217.700,	0.550
8,	6.50050,	0.000517,	-0.000028,	217.700,	0.500
9,	6.50050,	0.000388,	-0.000537,	217.700,	0.495
10,	6.50050,	-0.000502,	-0.000032,	217.700,	0.505
11,	6.50050,	0.000747,	-0.000325,	217.700,	0.500
12,	6.50050,	0.000603,	-0.001355,	217.700,	0.495
13,	6.50050,	0.000370,	-0.000901,	217.700,	0.550
14,	6.50050,	0.000887,	-0.001125,	217.700,	0.500
15,	6.50050,	-0.000354,	-0.000718,	217.700,	0.505
16,	6.50050,	0.000342,	-0.000791,	217.700,	0.500
17,	6.50050,	0.000284,	-0.000605,	217.700,	0.500
18,	6.50061,	-0.000407,	-0.000810,	217.700,	0.550
19,	6.50050,	0.000924,	-0.000504,	217.700,	0.500
20,	6.50050,	0.000194,	-0.000830,	217.700,	0.500
21,	6.50050,	0.000810,	-0.000911,	217.700,	0.500
22,	6.50050,	0.000370,	-0.000978,	217.700,	0.500
23,	6.50050,	-0.000009,	-0.000515,	217.700,	0.500
24,	6.50050,	0.001043,	-0.000425,	217.700,	0.545
25,	6.50050,	0.000385,	-0.001303,	217.700,	0.500
26,	6.50050,	-0.000649,	-0.000649,	217.700,	0.500
27,	6.50061,	-0.000560,	0.000192,	217.700,	0.505
28,	6.50061,	0.000493,	-0.000198,	217.700,	0.500
29,	6.50061,	0.000898,	0.000325,	217.700,	0.500
30,	6.50050,	0.000763,	-0.000153,	217.700,	0.550
31,	6.50061,	0.000681,	-0.001138,	217.700,	0.500
32,	6.50061,	0.000448,	0.000698,	217.700,	0.495
33,	6.50050,	0.000554,	-0.000830,	217.700,	0.505
34,	6.50061,	-0.000093,	-0.000709,	217.700,	0.500
35,	6.50061,	0.000560,	-0.000134,	217.700,	0.500
36,	6.50050,	-0.000048,	-0.000112,	217.700,	0.550
37,	6.50050,	-0.000668,	-0.000797,	217.700,	0.550
38,	6.50061,	0.000058,	-0.001250,	217.700,	0.550
39,	6.50061,	0.000006,	-0.001898,	217.700,	0.545
40,	6.50061,	-0.000274,	-0.000653,	217.700,	0.550
41,	6.50050,	0.000164,	-0.000739,	217.700,	0.500
42,	6.50050,	0.000133,	-0.000793,	217.700,	0.505
43,	6.50061,	0.000549,	-0.001187,	217.700,	0.495
44,	6.50061,	0.000357,	-0.000883,	217.700,	0.505
45,	6.50061,	0.000192,	-0.000868,	217.700,	0.550
46,	6.50061,	0.000754,	0.000336,	217.700,	0.500
47,	6.50061,	-0.000416,	-0.000952,	217.700,	0.500
48,	6.50061,	0.000319,	-0.000707,	217.700,	0.500
49,	6.50050,	-0.000160,	-0.000136,	217.700,	0.495
50,	6.50050,	0.000931,	-0.000379,	217.700,	0.500
51,	6.50061,	0.000334,	-0.001831,	217.700,	0.550
52,	6.50061,	-0.000222,	-0.000446,	217.700,	0.550
53,	6.50061,	0.001015,	-0.000394,	217.700,	0.550
54,	6.50061,	-0.000463,	-0.001487,	217.700,	0.555
55,	6.50061,	-0.000248,	-0.000873,	217.700,	0.505
56,	6.50050,	0.000271,	0.000008,	217.700,	0.510
57,	6.50061,	0.000306,	-0.000453,	217.700,	0.495
58,	6.50061,	0.000213,	-0.000119,	217.700,	0.505
59,	6.50061,	0.000444,	-0.000580,	217.700,	0.550
60,	6.50061,	0.000411,	-0.000328,	217.700,	0.545
61,	6.50061,	-0.000455,	-0.000224,	217.700,	0.550
62,	6.50061,	-0.000295,	-0.000399,	217.700,	0.550
63,	6.50061,	-0.000138,	-0.000713,	217.700,	0.500
64,	6.50061,	-0.000013,	-0.001303,	217.700,	0.500
65,	6.50061,	0.000215,	-0.000147,	217.700,	0.500
66,	6.50061,	0.000974,	-0.000127,	217.700,	0.505
67,	6.50061,	0.000431,	-0.000265,	217.700,	0.550
68,	6.50061,	-0.000125,	0.000202,	217.700,	0.495
69,	6.50061,	-0.000048,	-0.001463,	217.700,	0.505
70,	6.50061,	-0.000515,	-0.000418,	217.700,	0.495
71,	6.50061,	0.000476,	-0.000289,	217.700,	0.505
72,	6.50061,	0.000021,	-0.000756,	217.700,	0.550
73,	6.50061,	0.000289,	0.000224,	217.700,	0.500
74,	6.50061,	0.000260,	-0.001077,	217.700,	0.495
75,	6.50061,	-0.000351,	-0.000211,	217.700,	0.500
76,	6.50061,	-0.000657,	-0.001198,	217.700,	0.505
77,	6.50061,	0.000230,	-0.001047,	217.700,	0.500
78,	6.50061,	0.000321,	0.000396,	217.700,	0.545
79,	6.50061,	0.000267,	-0.001413,	217.700,	0.550
80,	6.50061,	0.000629,	0.000278,	217.700,	0.555
81,	6.50061,	-0.000119,	-0.000043,	217.700,	0.495
82,	6.50061,	-0.000093,	-0.000614,	217.700,	0.505
83,	6.50061,	-0.000280,	0.000422,	217.700,	0.500
84,	6.50061,	0.000301,	-0.001265,	217.700,	0.500
85,	6.50061,	-0.000142,	-0.001105,	217.700,	0.545
86,	6.50061,	0.000342,	-0.000160,	217.700,	0.500
87,	6.50061,	0.000168,	-0.001222,	217.700,	0.500
88,	6.50061,	0.000245,	0.000801,	217.700,	0.500
89,	6.50061,	0.000338,	-0.000605,	217.700,	0.500
90,	6.50061,	0.000306,	0.000194,	217.700,	0.505
91,	6.50061,	0.000405,	-0.001286,	217.700,	0.545
92,	6.50061,	-0.000015,	-0.001321,	217.700,	0.555
93,	6.50061,	-0.000237,	-0.000918,	217.700,	0.550
94,	6.50061,	0.000084,	-0.000371,	217.700,	0.550
95,	6.50061,	0.000872,	-0.000918,	217.700,	0.550
96,	6.50061,	0.000864,	-0.000437,	217.700,	0.500
97,	6.50061,	0.000332,	-0.000623,	217.700,	0.500
98,	6.50061,	0.000183,	-0.000980,	217.700,	0.500
99,	6.50061,	-0.000302,	-0.000851,	217.700,	0.500
100,	6.50061,	0.000232,	-0.001066,	217.700,	0.545
