Num, Lmd, sig,    mon,    Ring,  sec
#lmd,   E,  HOYAX,  Y,  Smpl,  Det, AGC X, Y, Smpl, Det
#6.70078,	185.0296,	21.801,	94.000,	65.000,	-0.062,	0.000,	-76.000,	0.000,	29.999

1,	6.70078,	48.772580,	-0.001601,	217.700,	15.165
2,	6.70078,	48.783670,	-0.000338,	217.700,	0.550
3,	6.70078,	48.814760,	-0.001840,	217.700,	0.545
4,	6.70078,	48.805700,	-0.000638,	217.700,	0.505
5,	6.70066,	48.806630,	-0.001265,	217.700,	0.500
6,	6.70078,	48.814420,	-0.000937,	217.700,	0.495
7,	6.70078,	48.795610,	-0.000427,	217.700,	0.505
8,	6.70078,	48.797620,	-0.000692,	217.700,	0.550
9,	6.70078,	48.804680,	-0.000470,	217.700,	0.500
10,	6.70078,	48.809900,	0.000099,	217.700,	0.495
11,	6.70078,	48.806700,	-0.000282,	217.700,	0.500
12,	6.70078,	48.791120,	-0.001331,	217.700,	0.500
13,	6.70078,	48.793440,	-0.000698,	217.700,	0.555
14,	6.70078,	48.794280,	-0.000267,	217.700,	0.550
15,	6.70078,	48.790650,	-0.000459,	217.700,	0.550
16,	6.70078,	48.788160,	-0.000207,	217.700,	0.550
17,	6.70078,	48.791040,	-0.000099,	217.700,	0.550
18,	6.70066,	48.799670,	0.000403,	217.700,	0.495
19,	6.70066,	48.784230,	-0.000534,	217.700,	0.505
20,	6.70078,	48.786290,	-0.001756,	217.700,	0.500
21,	6.70078,	48.793100,	-0.000883,	217.700,	0.500
22,	6.70078,	48.789810,	-0.000685,	217.700,	0.550
23,	6.70078,	48.784990,	-0.000425,	217.700,	0.500
24,	6.70078,	48.785350,	0.000204,	217.700,	0.495
25,	6.70078,	48.779960,	-0.000356,	217.700,	0.500
26,	6.70078,	48.776510,	-0.000403,	217.700,	0.500
27,	6.70078,	48.779550,	-0.000575,	217.700,	0.505
28,	6.70078,	48.780800,	-0.001045,	217.700,	0.550
29,	6.70078,	48.778150,	-0.001202,	217.700,	0.545
30,	6.70078,	48.772230,	0.000706,	217.700,	0.555
31,	6.70078,	48.775030,	-0.001568,	217.700,	0.550
32,	6.70078,	48.770050,	-0.000842,	217.700,	0.545
33,	6.70078,	48.776140,	-0.001523,	217.700,	0.505
34,	6.70078,	48.764060,	-0.000597,	217.700,	0.500
35,	6.70078,	48.780090,	-0.000285,	217.700,	0.500
36,	6.70078,	48.763690,	-0.000657,	217.700,	0.500
37,	6.70078,	48.766450,	-0.000517,	217.700,	0.550
38,	6.70078,	48.772700,	-0.000909,	217.700,	0.500
39,	6.70078,	48.759570,	0.000301,	217.700,	0.500
40,	6.70078,	48.774830,	-0.000750,	217.700,	0.495
41,	6.70078,	48.761290,	-0.000808,	217.700,	0.505
42,	6.70078,	48.761420,	-0.000728,	217.700,	0.500
43,	6.70078,	48.769880,	-0.000672,	217.700,	0.550
44,	6.70078,	48.761900,	-0.000304,	217.700,	0.550
45,	6.70078,	48.752260,	-0.000009,	217.700,	0.500
46,	6.70078,	48.751180,	-0.001306,	217.700,	0.500
47,	6.70078,	48.748730,	-0.000580,	217.700,	0.500
48,	6.70078,	48.750390,	-0.001390,	217.700,	0.495
49,	6.70078,	48.750340,	-0.000627,	217.700,	0.555
50,	6.70078,	48.749750,	0.000357,	217.700,	0.495
51,	6.70078,	48.743510,	-0.000379,	217.700,	0.505
52,	6.70078,	48.734030,	-0.000076,	217.700,	0.500
53,	6.70078,	48.729320,	-0.000513,	217.700,	0.500
54,	6.70078,	48.727760,	0.000064,	217.700,	0.550
55,	6.70078,	48.739680,	-0.000399,	217.700,	0.500
56,	6.70078,	48.731940,	-0.000526,	217.700,	0.500
57,	6.70078,	48.719890,	-0.001370,	217.700,	0.500
58,	6.70078,	48.731350,	0.000172,	217.700,	0.495
59,	6.70078,	48.722400,	-0.000612,	217.700,	0.500
60,	6.70078,	48.717190,	-0.000504,	217.700,	0.550
61,	6.70078,	48.724240,	0.000204,	217.700,	0.500
62,	6.70078,	48.713090,	-0.001622,	217.700,	0.505
63,	6.70078,	48.705830,	-0.000248,	217.700,	0.500
64,	6.70078,	48.711600,	-0.000407,	217.700,	0.500
65,	6.70078,	48.701550,	0.000265,	217.700,	0.500
66,	6.70078,	48.704460,	0.000146,	217.700,	0.545
67,	6.70078,	48.707740,	-0.000532,	217.700,	0.565
68,	6.70078,	48.703480,	-0.001334,	217.700,	0.495
69,	6.70078,	48.697040,	-0.000099,	217.700,	0.500
70,	6.70078,	48.697220,	-0.001015,	217.700,	0.500
71,	6.70078,	48.697740,	-0.000674,	217.700,	0.505
72,	6.70078,	48.695980,	-0.000285,	217.700,	0.550
73,	6.70078,	48.698460,	-0.000674,	217.700,	0.500
74,	6.70078,	48.694540,	-0.001064,	217.700,	0.500
75,	6.70078,	48.694160,	-0.000802,	217.700,	0.495
76,	6.70078,	48.686210,	0.000635,	217.700,	0.505
77,	6.70078,	48.691870,	-0.001474,	217.700,	0.500
78,	6.70078,	48.680000,	-0.000765,	217.700,	0.545
79,	6.70078,	48.681790,	-0.000356,	217.700,	0.555
80,	6.70078,	48.685430,	-0.000110,	217.700,	0.550
81,	6.70078,	48.682690,	-0.001808,	217.700,	0.550
82,	6.70078,	48.686210,	-0.000894,	217.700,	0.550
83,	6.70078,	48.684780,	-0.000093,	217.700,	0.500
84,	6.70078,	48.687130,	0.000082,	217.700,	0.500
85,	6.70078,	48.690480,	-0.001200,	217.700,	0.495
86,	6.70078,	48.680960,	-0.000733,	217.700,	0.510
87,	6.70078,	48.688350,	-0.001381,	217.700,	0.545
88,	6.70078,	48.683740,	-0.000823,	217.700,	0.505
89,	6.70078,	48.688240,	-0.000185,	217.700,	0.495
90,	6.70078,	48.688290,	0.000030,	217.700,	0.505
91,	6.70078,	48.686130,	-0.001499,	217.700,	0.495
92,	6.70078,	48.689370,	0.000252,	217.700,	0.505
93,	6.70078,	48.684710,	-0.001377,	217.700,	0.550
94,	6.70078,	48.682790,	-0.000694,	217.700,	0.550
95,	6.70078,	48.677220,	0.000332,	217.700,	0.550
96,	6.70078,	48.684680,	-0.000185,	217.700,	0.500
97,	6.70078,	48.684850,	0.000967,	217.700,	0.500
98,	6.70078,	48.684730,	0.000237,	217.700,	0.500
99,	6.70078,	48.696170,	0.000599,	217.700,	0.500
100,	6.70078,	48.690380,	0.000082,	217.700,	0.550
