Num, Lmd, sig,    mon,    Ring,  sec
#lmd,   E,  HOYAX,  Y,  Smpl,  Det, AGC X, Y, Smpl, Det
#6.65088,	186.4178,	-5.799,	94.000,	65.000,	-0.062,	0.000,	-76.000,	0.000,	29.999

1,	6.65088,	46.581480,	-0.001415,	217.700,	15.205
2,	6.65088,	46.587160,	-0.001943,	217.700,	0.545
3,	6.65088,	46.596380,	-0.000386,	217.700,	0.505
4,	6.65088,	46.580680,	-0.000987,	217.700,	0.495
5,	6.65088,	46.583920,	-0.000104,	217.700,	0.500
6,	6.65088,	46.585790,	-0.000394,	217.700,	0.505
7,	6.65088,	46.594960,	-0.000571,	217.700,	0.550
8,	6.65088,	46.583460,	-0.000440,	217.700,	0.495
9,	6.65088,	46.575570,	-0.000313,	217.700,	0.500
10,	6.65088,	46.584910,	-0.000405,	217.700,	0.500
11,	6.65088,	46.582930,	-0.000437,	217.700,	0.500
12,	6.65088,	46.585510,	0.000092,	217.700,	0.500
13,	6.65088,	46.586240,	-0.000903,	217.700,	0.550
14,	6.65088,	46.589750,	0.000383,	217.700,	0.555
15,	6.65088,	46.587820,	-0.001069,	217.700,	0.545
16,	6.65088,	46.579100,	-0.000278,	217.700,	0.550
17,	6.65088,	46.582370,	0.000052,	217.700,	0.500
18,	6.65088,	46.585810,	-0.000808,	217.700,	0.505
19,	6.65088,	46.586630,	-0.000252,	217.700,	0.495
20,	6.65088,	46.589230,	-0.000304,	217.700,	0.505
21,	6.65088,	46.586130,	-0.001409,	217.700,	0.545
22,	6.65088,	46.585250,	-0.000556,	217.700,	0.500
23,	6.65088,	46.589350,	-0.000967,	217.700,	0.505
24,	6.65088,	46.586370,	-0.000690,	217.700,	0.495
25,	6.65088,	46.582580,	-0.000493,	217.700,	0.505
26,	6.65088,	46.576490,	0.000299,	217.700,	0.500
27,	6.65088,	46.576060,	0.000586,	217.700,	0.550
28,	6.65088,	46.585710,	-0.000911,	217.700,	0.545
29,	6.65088,	46.584910,	-0.000942,	217.700,	0.550
30,	6.65088,	46.581420,	-0.001370,	217.700,	0.550
31,	6.65088,	46.583910,	-0.000698,	217.700,	0.555
32,	6.65088,	46.574520,	-0.000291,	217.700,	0.500
33,	6.65088,	46.585020,	0.000123,	217.700,	0.495
34,	6.65088,	46.584860,	-0.000026,	217.700,	0.500
35,	6.65088,	46.577920,	0.000334,	217.700,	0.500
36,	6.65088,	46.582910,	-0.000685,	217.700,	0.555
37,	6.65088,	46.572090,	0.000039,	217.700,	0.505
38,	6.65088,	46.586120,	-0.000175,	217.700,	0.500
39,	6.65088,	46.580970,	-0.000754,	217.700,	0.500
40,	6.65088,	46.575280,	-0.000050,	217.700,	0.500
41,	6.65088,	46.582360,	-0.000203,	217.700,	0.495
42,	6.65088,	46.586940,	-0.000414,	217.700,	0.550
43,	6.65088,	46.582350,	-0.000254,	217.700,	0.555
44,	6.65088,	46.575180,	-0.000295,	217.700,	0.545
45,	6.65088,	46.578730,	-0.001008,	217.700,	0.550
46,	6.65088,	46.586840,	-0.000802,	217.700,	0.500
47,	6.65088,	46.579690,	-0.001325,	217.700,	0.500
48,	6.65088,	46.570540,	-0.000323,	217.700,	0.505
49,	6.65088,	46.586460,	-0.001359,	217.700,	0.500
50,	6.65088,	46.584010,	-0.000954,	217.700,	0.545
51,	6.65088,	46.572050,	-0.000278,	217.700,	0.505
52,	6.65088,	46.578700,	-0.000285,	217.700,	0.500
53,	6.65088,	46.587730,	-0.000108,	217.700,	0.495
54,	6.65088,	46.576200,	-0.001646,	217.700,	0.500
55,	6.65088,	46.577730,	-0.000636,	217.700,	0.505
56,	6.65088,	46.580740,	-0.000640,	217.700,	0.545
57,	6.65088,	46.574970,	-0.000024,	217.700,	0.500
58,	6.65088,	46.570630,	-0.000457,	217.700,	0.500
59,	6.65088,	46.579630,	-0.002215,	217.700,	0.500
60,	6.65088,	46.570080,	0.000056,	217.700,	0.505
61,	6.65088,	46.574260,	-0.000168,	217.700,	0.545
62,	6.65088,	46.580330,	-0.000039,	217.700,	0.550
63,	6.65088,	46.581360,	0.000691,	217.700,	0.550
64,	6.65088,	46.576730,	-0.001480,	217.700,	0.505
65,	6.65088,	46.576200,	0.001103,	217.700,	0.500
66,	6.65088,	46.581960,	-0.001049,	217.700,	0.495
67,	6.65088,	46.571690,	-0.001107,	217.700,	0.500
68,	6.65088,	46.572940,	-0.000961,	217.700,	0.550
69,	6.65088,	46.566320,	-0.000364,	217.700,	0.500
70,	6.65088,	46.583740,	-0.000435,	217.700,	0.505
71,	6.65088,	46.573800,	-0.000261,	217.700,	0.505
72,	6.65088,	46.570820,	-0.000741,	217.700,	0.495
73,	6.65088,	46.574010,	-0.001403,	217.700,	0.505
74,	6.65088,	46.563120,	-0.001497,	217.700,	0.545
75,	6.65088,	46.565960,	-0.000584,	217.700,	0.550
76,	6.65088,	46.567450,	-0.000196,	217.700,	0.550
77,	6.65088,	46.571190,	0.000786,	217.700,	0.550
78,	6.65088,	46.566530,	-0.000030,	217.700,	0.500
79,	6.65088,	46.574900,	-0.001043,	217.700,	0.500
80,	6.65088,	46.571430,	-0.000022,	217.700,	0.500
81,	6.65088,	46.563360,	0.000288,	217.700,	0.505
82,	6.65088,	46.557880,	-0.000812,	217.700,	0.550
83,	6.65088,	46.560480,	-0.001752,	217.700,	0.495
84,	6.65088,	46.568240,	-0.000690,	217.700,	0.500
85,	6.65088,	46.567990,	-0.000634,	217.700,	0.500
86,	6.65088,	46.566520,	-0.000657,	217.700,	0.500
87,	6.65088,	46.571660,	-0.000414,	217.700,	0.505
88,	6.65088,	46.572290,	-0.000198,	217.700,	0.550
89,	6.65088,	46.579020,	-0.000349,	217.700,	0.495
90,	6.65088,	46.561140,	-0.000448,	217.700,	0.500
91,	6.65088,	46.570530,	-0.000560,	217.700,	0.500
92,	6.65088,	46.568620,	0.000775,	217.700,	0.505
93,	6.65088,	46.564770,	-0.000586,	217.700,	0.545
94,	6.65088,	46.567540,	0.000127,	217.700,	0.500
95,	6.65088,	46.566730,	0.000071,	217.700,	0.505
96,	6.65088,	46.562420,	-0.000086,	217.700,	0.495
97,	6.65088,	46.568690,	0.000577,	217.700,	0.505
98,	6.65088,	46.554530,	-0.001112,	217.700,	0.550
99,	6.65088,	46.580020,	-0.000728,	217.700,	0.500
100,	6.65088,	46.562850,	-0.001146,	217.700,	0.495
