Num, Lmd, sig,    mon,    Ring,  sec
#lmd,   E,  HOYAX,  Y,  Smpl,  Det, AGC X, Y, Smpl, Det
#6.75067,	183.6621,	21.801,	94.000,	65.000,	-0.062,	0.000,	-76.000,	0.000,	29.999

1,	6.75067,	49.582000,	-0.002219,	217.700,	15.150
2,	6.75067,	49.573000,	-0.001170,	217.700,	0.550
3,	6.75067,	49.576800,	-0.000330,	217.700,	0.505
4,	6.75067,	49.587370,	-0.000063,	217.700,	0.500
5,	6.75067,	49.585850,	-0.000229,	217.700,	0.500
6,	6.75067,	49.574940,	-0.000481,	217.700,	0.495
7,	6.75067,	49.580490,	-0.001887,	217.700,	0.555
8,	6.75067,	49.566840,	0.000230,	217.700,	0.495
9,	6.75067,	49.564300,	-0.000827,	217.700,	0.505
10,	6.75067,	49.570340,	0.000058,	217.700,	0.500
11,	6.75067,	49.569020,	-0.000961,	217.700,	0.495
12,	6.75067,	49.576350,	-0.000776,	217.700,	0.550
13,	6.75067,	49.572620,	0.000041,	217.700,	0.555
14,	6.75067,	49.556650,	-0.000722,	217.700,	0.495
15,	6.75067,	49.564700,	-0.001189,	217.700,	0.500
16,	6.75067,	49.572650,	0.000030,	217.700,	0.505
17,	6.75067,	49.557760,	-0.001471,	217.700,	0.495
18,	6.75067,	49.558710,	0.000437,	217.700,	0.550
19,	6.75067,	49.565860,	-0.000009,	217.700,	0.505
20,	6.75067,	49.556250,	-0.000144,	217.700,	0.500
21,	6.75067,	49.554250,	-0.000259,	217.700,	0.500
22,	6.75067,	49.557360,	-0.000048,	217.700,	0.500
23,	6.75067,	49.548750,	-0.000588,	217.700,	0.550
24,	6.75067,	49.553430,	-0.000771,	217.700,	0.495
25,	6.75067,	49.556130,	0.000112,	217.700,	0.505
26,	6.75067,	49.539600,	-0.000509,	217.700,	0.500
27,	6.75067,	49.550430,	-0.000291,	217.700,	0.500
28,	6.75067,	49.550410,	0.000032,	217.700,	0.545
29,	6.75067,	49.546180,	0.000385,	217.700,	0.500
30,	6.75067,	49.546080,	-0.000838,	217.700,	0.505
31,	6.75067,	49.539790,	-0.000601,	217.700,	0.495
32,	6.75067,	49.544140,	-0.000465,	217.700,	0.505
33,	6.75067,	49.541410,	-0.001265,	217.700,	0.550
34,	6.75067,	49.535790,	-0.001198,	217.700,	0.545
35,	6.75067,	49.531230,	-0.000631,	217.700,	0.500
36,	6.75067,	49.532990,	-0.002182,	217.700,	0.500
37,	6.75067,	49.525170,	0.000416,	217.700,	0.500
38,	6.75067,	49.530040,	-0.000509,	217.700,	0.500
39,	6.75067,	49.531810,	-0.000629,	217.700,	0.550
40,	6.75067,	49.514540,	-0.001002,	217.700,	0.550
41,	6.75067,	49.513170,	-0.000554,	217.700,	0.550
42,	6.75067,	49.510520,	-0.000050,	217.700,	0.500
43,	6.75067,	49.520280,	-0.000390,	217.700,	0.505
44,	6.75067,	49.508900,	0.000271,	217.700,	0.495
45,	6.75067,	49.540780,	-0.001254,	217.700,	0.500
46,	6.75067,	49.550810,	-0.000129,	217.700,	0.550
47,	6.75067,	49.552310,	-0.000560,	217.700,	0.500
48,	6.75067,	49.551970,	-0.001349,	217.700,	0.500
49,	6.75067,	49.566500,	-0.000599,	217.700,	0.500
50,	6.75067,	49.551190,	-0.000304,	217.700,	0.500
51,	6.75067,	49.551390,	0.000028,	217.700,	0.505
52,	6.75067,	49.550480,	-0.000011,	217.700,	0.545
53,	6.75067,	49.566520,	-0.000289,	217.700,	0.505
54,	6.75079,	49.566310,	-0.000649,	217.700,	0.495
55,	6.75067,	49.549230,	-0.000625,	217.700,	0.500
56,	6.75067,	49.566610,	0.000958,	217.700,	0.500
57,	6.75067,	49.566080,	-0.000026,	217.700,	0.550
58,	6.75067,	49.564220,	0.000211,	217.700,	0.500
59,	6.75067,	49.552880,	-0.000830,	217.700,	0.505
60,	6.75067,	49.580820,	-0.001605,	217.700,	0.500
61,	6.75067,	49.563540,	0.000273,	217.700,	0.500
62,	6.75067,	49.573390,	0.000439,	217.700,	0.500
63,	6.75067,	49.573530,	-0.000918,	217.700,	0.545
64,	6.75067,	49.567250,	-0.001000,	217.700,	0.500
65,	6.75067,	49.566070,	-0.001381,	217.700,	0.500
66,	6.75067,	49.577470,	-0.001054,	217.700,	0.500
67,	6.75067,	49.591470,	-0.001926,	217.700,	0.505
68,	6.75067,	49.584010,	-0.000771,	217.700,	0.495
69,	6.75067,	49.572590,	-0.001370,	217.700,	0.550
70,	6.75067,	49.569430,	-0.001198,	217.700,	0.500
71,	6.75067,	49.602470,	-0.000313,	217.700,	0.505
72,	6.75067,	49.586300,	-0.000873,	217.700,	0.495
73,	6.75067,	49.594180,	-0.000431,	217.700,	0.505
74,	6.75067,	49.593110,	-0.000670,	217.700,	0.500
75,	6.75067,	49.612710,	-0.001394,	217.700,	0.545
76,	6.75079,	49.603590,	-0.000155,	217.700,	0.550
77,	6.75067,	49.605060,	-0.000502,	217.700,	0.555
78,	6.75079,	49.610780,	-0.001450,	217.700,	0.550
79,	6.75079,	49.611560,	-0.001428,	217.700,	0.545
80,	6.75079,	49.612140,	-0.000470,	217.700,	0.500
81,	6.75079,	49.651310,	0.000161,	217.700,	0.500
82,	6.75067,	49.664270,	-0.000351,	217.700,	0.500
83,	6.75067,	49.660160,	-0.001191,	217.700,	0.500
84,	6.75079,	49.661180,	-0.000978,	217.700,	0.550
85,	6.75067,	49.658560,	-0.000093,	217.700,	0.500
86,	6.75067,	49.718150,	-0.000892,	217.700,	0.505
87,	6.75079,	49.735620,	-0.001448,	217.700,	0.500
88,	6.75079,	49.732720,	-0.000584,	217.700,	0.500
89,	6.75079,	49.730720,	-0.000810,	217.700,	0.500
90,	6.75067,	49.736510,	-0.000849,	217.700,	0.550
91,	6.75067,	49.739180,	-0.000668,	217.700,	0.550
92,	6.75067,	49.736680,	-0.000565,	217.700,	0.550
93,	6.75079,	49.732150,	-0.000366,	217.700,	0.550
94,	6.75079,	49.735520,	-0.000556,	217.700,	0.500
95,	6.75079,	49.744750,	-0.000224,	217.700,	0.495
96,	6.75067,	49.739500,	0.000138,	217.700,	0.500
97,	6.75067,	49.735370,	-0.000575,	217.700,	0.505
98,	6.75067,	49.734780,	-0.000821,	217.700,	0.545
99,	6.75067,	49.738380,	-0.000840,	217.700,	0.500
100,	6.75079,	49.749720,	-0.001614,	217.700,	0.500
