Num, Lmd, sig,    mon,    Ring,  sec
#lmd,   E,  HOYAX,  Y,  Smpl,  Det, AGC X, Y, Smpl, Det
#6.55062,	189.2710,	-5.799,	94.000,	65.000,	-0.062,	0.000,	-76.000,	0.000,	29.999

1,	6.55074,	44.104310,	-0.001777,	217.700,	15.160
2,	6.55062,	44.096210,	-0.000082,	217.700,	0.550
3,	6.55074,	44.094560,	-0.001349,	217.700,	0.550
4,	6.55074,	44.099410,	-0.000950,	217.700,	0.550
5,	6.55074,	44.092360,	-0.000050,	217.700,	0.555
6,	6.55074,	44.106360,	0.000036,	217.700,	0.495
7,	6.55074,	44.110220,	-0.001043,	217.700,	0.500
8,	6.55074,	44.095680,	-0.001465,	217.700,	0.500
9,	6.55074,	44.092930,	-0.000332,	217.700,	0.505
10,	6.55062,	44.099470,	-0.000280,	217.700,	0.550
11,	6.55074,	44.102380,	-0.001842,	217.700,	0.500
12,	6.55062,	44.095740,	-0.000409,	217.700,	0.495
13,	6.55062,	44.103920,	0.000424,	217.700,	0.505
14,	6.55062,	44.089230,	-0.001280,	217.700,	0.495
15,	6.55062,	44.100780,	0.000280,	217.700,	0.500
16,	6.55062,	44.103420,	-0.000795,	217.700,	0.555
17,	6.55074,	44.100470,	0.000489,	217.700,	0.545
18,	6.55062,	44.102040,	0.000756,	217.700,	0.550
19,	6.55074,	44.098960,	0.000047,	217.700,	0.555
20,	6.55062,	44.103060,	0.000342,	217.700,	0.550
21,	6.55074,	44.097210,	-0.000935,	217.700,	0.495
22,	6.55074,	44.097090,	-0.001506,	217.700,	0.500
23,	6.55074,	44.103400,	-0.000112,	217.700,	0.505
24,	6.55074,	44.101340,	-0.000774,	217.700,	0.495
25,	6.55074,	44.111490,	-0.001041,	217.700,	0.550
26,	6.55062,	44.099970,	-0.000213,	217.700,	0.505
27,	6.55074,	44.104340,	-0.001599,	217.700,	0.495
28,	6.55062,	44.112270,	-0.000720,	217.700,	0.500
29,	6.55062,	44.099100,	-0.001090,	217.700,	0.500
30,	6.55062,	44.105690,	-0.000974,	217.700,	0.500
31,	6.55074,	44.101230,	-0.001883,	217.700,	0.550
32,	6.55074,	44.104390,	-0.000207,	217.700,	0.555
33,	6.55074,	44.108330,	-0.000543,	217.700,	0.545
34,	6.55074,	44.106940,	-0.001118,	217.700,	0.550
35,	6.55074,	44.111000,	-0.000720,	217.700,	0.550
36,	6.55074,	44.113350,	-0.000868,	217.700,	0.505
37,	6.55074,	44.107550,	-0.000170,	217.700,	0.500
38,	6.55074,	44.114650,	-0.000190,	217.700,	0.500
39,	6.55074,	44.118910,	-0.001032,	217.700,	0.495
40,	6.55074,	44.112560,	-0.001237,	217.700,	0.550
41,	6.55074,	44.113770,	-0.001706,	217.700,	0.500
42,	6.55062,	44.122810,	0.000398,	217.700,	0.505
43,	6.55074,	44.116400,	0.000189,	217.700,	0.500
44,	6.55074,	44.111730,	-0.000819,	217.700,	0.500
45,	6.55074,	44.114380,	-0.000425,	217.700,	0.545
46,	6.55074,	44.116790,	-0.001183,	217.700,	0.550
47,	6.55074,	44.115270,	-0.000263,	217.700,	0.550
48,	6.55074,	44.113250,	0.000263,	217.700,	0.555
49,	6.55074,	44.112420,	-0.000444,	217.700,	0.550
50,	6.55074,	44.112440,	-0.000838,	217.700,	0.495
51,	6.55074,	44.123650,	-0.000291,	217.700,	0.500
52,	6.55074,	44.108680,	-0.001054,	217.700,	0.505
53,	6.55074,	44.106140,	-0.001112,	217.700,	0.500
54,	6.55074,	44.114130,	0.000767,	217.700,	0.550
55,	6.55074,	44.122870,	-0.000069,	217.700,	0.495
56,	6.55074,	44.066600,	-0.000698,	217.700,	0.500
57,	6.55062,	44.078730,	-0.000629,	217.700,	0.505
58,	6.55074,	44.081410,	-0.000509,	217.700,	0.495
59,	6.55074,	44.086910,	-0.001575,	217.700,	0.500
60,	6.55074,	44.084030,	-0.000369,	217.700,	0.550
61,	6.55074,	44.094860,	-0.000450,	217.700,	0.550
62,	6.55074,	44.102350,	0.000265,	217.700,	0.500
63,	6.55074,	44.093270,	0.000396,	217.700,	0.500
64,	6.55074,	44.107420,	-0.000696,	217.700,	0.505
65,	6.55074,	44.110730,	-0.001556,	217.700,	0.495
66,	6.55074,	44.116430,	-0.001054,	217.700,	0.555
67,	6.55074,	44.127210,	-0.001105,	217.700,	0.495
68,	6.55074,	44.130600,	-0.000853,	217.700,	0.505
69,	6.55074,	44.137610,	-0.001366,	217.700,	0.495
70,	6.55074,	44.130470,	0.000073,	217.700,	0.500
71,	6.55074,	44.135750,	0.000155,	217.700,	0.550
72,	6.55074,	44.158800,	-0.001075,	217.700,	0.505
73,	6.55074,	44.166140,	0.000211,	217.700,	0.500
74,	6.55074,	44.155600,	-0.000446,	217.700,	0.495
75,	6.55074,	44.159670,	-0.001239,	217.700,	0.500
76,	6.55074,	44.163960,	-0.000629,	217.700,	0.550
77,	6.55062,	44.142910,	0.000357,	217.700,	0.550
78,	6.55074,	44.136560,	-0.000078,	217.700,	0.550
79,	6.55074,	44.159980,	-0.001189,	217.700,	0.500
80,	6.55062,	44.136490,	-0.001342,	217.700,	0.500
81,	6.55074,	44.145320,	-0.001599,	217.700,	0.500
82,	6.55074,	44.153480,	-0.000323,	217.700,	0.505
83,	6.55074,	44.170420,	-0.001077,	217.700,	0.545
84,	6.55074,	44.169100,	-0.000718,	217.700,	0.500
85,	6.55074,	44.168650,	-0.001353,	217.700,	0.500
86,	6.55074,	44.175930,	-0.001135,	217.700,	0.505
87,	6.55074,	44.189060,	0.000036,	217.700,	0.500
88,	6.55074,	44.200890,	-0.000190,	217.700,	0.495
89,	6.55074,	44.204660,	0.000172,	217.700,	0.555
90,	6.55074,	44.204030,	0.000444,	217.700,	0.495
91,	6.55074,	44.211480,	-0.000330,	217.700,	0.500
92,	6.55074,	44.190180,	-0.000552,	217.700,	0.500
93,	6.55074,	44.201560,	-0.000584,	217.700,	0.500
94,	6.55074,	44.227630,	0.000644,	217.700,	0.520
95,	6.55074,	44.220100,	-0.000937,	217.700,	0.550
96,	6.55074,	44.236370,	0.000276,	217.700,	0.495
97,	6.55074,	44.179440,	-0.000802,	217.700,	0.500
98,	6.55074,	44.185280,	-0.000026,	217.700,	0.500
99,	6.55074,	44.216950,	-0.000257,	217.700,	0.500
100,	6.55074,	44.218900,	-0.001560,	217.700,	0.550
