Smpl, Det, sig,    mon,    Ring,  sec
#lmd,   E,  HOYAX,  Y,  Smpl,  Det, AGC X, Y, Smpl, Det, pps
#6.70066,	185.0329,	-5.799,	-5.000,	69.376,	139.937,	0.000,	-76.000,	0.000,	29.999,100

69.366,	139.915,	0.011559,	-0.003219,	217.700,	80.781
69.536,	140.251,	0.012757,	-0.001286,	217.700,	0.575
69.698,	140.578,	0.010385,	-0.000870,	217.700,	0.540
69.848,	140.878,	0.009687,	-0.000192,	217.700,	0.495
70.000,	141.166,	0.008917,	-0.001489,	217.700,	0.495
70.144,	141.468,	0.006168,	-0.000537,	217.700,	0.490
70.292,	141.768,	0.006892,	0.000612,	217.700,	0.495
70.458,	142.080,	0.006955,	-0.001829,	217.700,	0.540
70.608,	142.382,	0.008861,	-0.000297,	217.700,	0.495
70.750,	142.682,	0.011119,	-0.000306,	217.700,	0.495
70.904,	142.973,	0.011550,	-0.000017,	217.700,	0.490
71.050,	143.268,	0.014379,	-0.000694,	217.700,	0.495
71.208,	143.597,	0.015441,	-0.000761,	217.700,	0.540
71.358,	143.897,	0.016626,	0.000749,	217.700,	0.495
71.506,	144.194,	0.013927,	-0.000987,	217.700,	0.490
71.654,	144.490,	0.011787,	0.000159,	217.700,	0.495
71.804,	144.773,	0.007590,	0.000982,	217.700,	0.495
71.968,	145.102,	0.006784,	-0.000892,	217.700,	0.540
72.114,	145.409,	0.007151,	-0.000257,	217.700,	0.495
72.260,	145.699,	0.008872,	0.000179,	217.700,	0.495
72.406,	145.994,	0.010809,	-0.000022,	217.700,	0.490
72.556,	146.292,	0.014151,	0.000215,	217.700,	0.495
72.716,	146.614,	0.015392,	-0.000448,	217.700,	0.535
72.868,	146.904,	0.019046,	0.000749,	217.700,	0.495
73.014,	147.197,	0.020640,	0.000612,	217.700,	0.495
73.162,	147.506,	0.021369,	-0.000274,	217.700,	0.490
73.312,	147.790,	0.019091,	-0.000476,	217.700,	0.495
73.472,	148.126,	0.016297,	-0.000020,	217.700,	0.540
73.618,	148.416,	0.015179,	0.000108,	217.700,	0.495
73.764,	148.711,	0.012210,	-0.000463,	217.700,	0.490
73.916,	149.014,	0.010613,	-0.000177,	217.700,	0.495
74.064,	149.309,	0.009497,	-0.001103,	217.700,	0.495
74.224,	149.628,	0.009062,	-0.001355,	217.700,	0.540
74.370,	149.923,	0.012188,	-0.001898,	217.700,	0.495
74.518,	150.221,	0.015138,	-0.000440,	217.700,	0.490
74.670,	150.521,	0.017850,	-0.000274,	217.700,	0.495
74.822,	150.809,	0.021252,	-0.000121,	217.700,	0.495
74.976,	151.135,	0.024210,	0.000207,	217.700,	0.535
75.124,	151.430,	0.026871,	-0.000386,	217.700,	0.495
75.274,	151.728,	0.027584,	-0.000534,	217.700,	0.490
75.424,	152.016,	0.027184,	-0.000190,	217.700,	0.495
75.568,	152.318,	0.026337,	-0.001062,	217.700,	0.495
75.724,	152.611,	0.023407,	-0.000789,	217.700,	0.490
75.880,	152.940,	0.020050,	0.000185,	217.700,	0.540
76.028,	153.238,	0.016297,	-0.001019,	217.700,	0.495
76.180,	153.526,	0.013681,	0.000192,	217.700,	0.495
76.328,	153.823,	0.012576,	-0.000041,	217.700,	0.490
76.474,	154.116,	0.011759,	-0.000134,	217.700,	0.495
76.640,	154.445,	0.011942,	-0.001816,	217.700,	0.540
76.784,	154.750,	0.015250,	-0.000285,	217.700,	0.495
76.928,	155.038,	0.018624,	0.000989,	217.700,	0.495
77.084,	155.333,	0.023176,	0.000280,	217.700,	0.495
77.232,	155.628,	0.028356,	-0.000112,	217.700,	0.490
77.390,	155.947,	0.033102,	-0.000162,	217.700,	0.540
77.534,	156.252,	0.036220,	-0.000952,	217.700,	0.495
77.688,	156.542,	0.039128,	-0.000470,	217.700,	0.495
77.836,	156.838,	0.040156,	-0.000642,	217.700,	0.490
77.978,	157.138,	0.040632,	-0.001187,	217.700,	0.495
78.146,	157.459,	0.038180,	-0.001213,	217.700,	0.540
78.292,	157.764,	0.036754,	-0.000481,	217.700,	0.495
78.438,	158.059,	0.031641,	-0.000825,	217.700,	0.490
78.586,	158.357,	0.028358,	-0.000084,	217.700,	0.495
78.738,	158.642,	0.025033,	-0.001269,	217.700,	0.495
78.898,	158.976,	0.020696,	-0.000336,	217.700,	0.540
79.044,	159.269,	0.018576,	-0.001064,	217.700,	0.495
79.192,	159.566,	0.017829,	-0.000222,	217.700,	0.490
79.340,	159.864,	0.018725,	0.000110,	217.700,	0.495
79.490,	160.164,	0.021106,	-0.000491,	217.700,	0.495
79.652,	160.486,	0.024581,	-0.001288,	217.700,	0.540
79.798,	160.781,	0.031915,	-0.000621,	217.700,	0.495
79.946,	161.074,	0.037786,	-0.000017,	217.700,	0.490
80.102,	161.369,	0.045584,	0.000842,	217.700,	0.495
80.246,	161.671,	0.054044,	-0.001465,	217.700,	0.495
80.408,	161.998,	0.062275,	-0.000155,	217.700,	0.540
80.556,	162.293,	0.070285,	0.000316,	217.700,	0.495
80.704,	162.590,	0.077570,	-0.000664,	217.700,	0.490
80.848,	162.878,	0.082555,	-0.001797,	217.700,	0.495
81.002,	163.169,	0.087485,	0.000254,	217.700,	0.495
81.148,	163.478,	0.090566,	-0.000957,	217.700,	0.490
81.312,	163.790,	0.091745,	-0.001118,	217.700,	0.540
81.454,	164.090,	0.091975,	0.000039,	217.700,	0.495
81.608,	164.383,	0.090510,	0.000280,	217.700,	0.490
81.754,	164.688,	0.086507,	-0.001084,	217.700,	0.495
81.900,	164.983,	0.083310,	-0.000832,	217.700,	0.495
82.062,	165.307,	0.076969,	-0.000681,	217.700,	0.540
82.216,	165.598,	0.072798,	-0.000229,	217.700,	0.495
82.360,	165.902,	0.067228,	0.000086,	217.700,	0.495
82.506,	166.195,	0.062165,	-0.000847,	217.700,	0.490
82.656,	166.493,	0.058950,	0.000114,	217.700,	0.495
82.816,	166.812,	0.055007,	-0.001133,	217.700,	0.540
82.968,	167.102,	0.052808,	0.000204,	217.700,	0.495
83.114,	167.407,	0.052338,	-0.000285,	217.700,	0.490
83.262,	167.702,	0.052629,	-0.000056,	217.700,	0.495
83.412,	167.988,	0.054482,	-0.000483,	217.700,	0.490
83.570,	168.319,	0.058026,	0.000588,	217.700,	0.540
83.722,	168.610,	0.064347,	-0.001200,	217.700,	0.495
83.870,	168.905,	0.069867,	-0.000679,	217.700,	0.490
84.018,	169.205,	0.078290,	-0.000629,	217.700,	0.495
84.162,	169.502,	0.088144,	-0.000269,	217.700,	0.490
84.328,	169.822,	0.097756,	-0.000457,	217.700,	0.540
84.474,	170.114,	0.110519,	-0.000142,	217.700,	0.495
84.624,	170.414,	0.123373,	0.000103,	217.700,	0.490
84.764,	170.712,	0.136109,	-0.000849,	217.700,	0.495
84.916,	171.012,	0.147776,	0.000069,	217.700,	0.490
85.078,	171.336,	0.162739,	-0.000946,	217.700,	0.540
85.226,	171.631,	0.176375,	-0.000254,	217.700,	0.495
85.374,	171.914,	0.190054,	-0.000347,	217.700,	0.490
85.524,	172.214,	0.202736,	-0.000879,	217.700,	0.495
85.668,	172.519,	0.215543,	0.000077,	217.700,	0.490
85.832,	172.829,	0.229810,	-0.001185,	217.700,	0.540
85.996,	173.158,	0.242214,	-0.001383,	217.700,	0.540
86.152,	173.486,	0.253941,	-0.000644,	217.700,	0.540
86.304,	173.774,	0.266142,	-0.001243,	217.700,	0.495
86.450,	174.082,	0.275792,	-0.000993,	217.700,	0.490
86.598,	174.379,	0.285634,	0.000060,	217.700,	0.495
86.748,	174.660,	0.293694,	-0.000142,	217.700,	0.490
86.906,	174.994,	0.301300,	-0.002187,	217.700,	0.540
87.056,	175.296,	0.311125,	0.000612,	217.700,	0.505
87.204,	175.591,	0.318058,	-0.000741,	217.700,	0.495
87.352,	175.886,	0.324030,	-0.000830,	217.700,	0.490
87.502,	176.172,	0.330362,	-0.001123,	217.700,	0.490
87.662,	176.508,	0.335684,	-0.000681,	217.700,	0.540
87.808,	176.798,	0.340099,	0.000211,	217.700,	0.495
87.956,	177.094,	0.343520,	-0.000580,	217.700,	0.490
88.106,	177.394,	-0.000565,	-0.000939,	217.700,	0.495
88.254,	177.691,	-0.000653,	-0.000976,	217.700,	0.490
88.416,	178.013,	-0.000606,	-0.000157,	217.700,	0.540
88.564,	178.308,	0.000498,	-0.000073,	217.700,	0.495
88.712,	178.603,	0.002159,	-0.000190,	217.700,	0.490
88.862,	178.889,	0.002004,	0.000202,	217.700,	0.495
89.008,	179.196,	0.001596,	-0.000375,	217.700,	0.490
89.170,	179.522,	0.001674,	-0.001049,	217.700,	0.540
89.316,	179.815,	0.020263,	0.000510,	217.700,	0.495
89.462,	180.106,	0.050571,	-0.000827,	217.700,	0.490
