Smpl, Det, sig,    mon,    Ring,  sec
#lmd,   E,  HOYAX,  Y,  Smpl,  Det, AGC X, Y, Smpl, Det, pps
#6.55074,	189.2675,	-5.799,	-5.000,	69.376,	139.937,	0.000,	-76.000,	0.000,	29.999,100

69.368,	139.901,	0.013007,	-0.002779,	217.700,	80.825
69.536,	140.254,	0.010283,	-0.000621,	217.700,	0.575
69.684,	140.549,	0.010790,	-0.000330,	217.700,	0.495
69.832,	140.849,	0.011841,	-0.000739,	217.700,	0.495
69.984,	141.149,	0.013621,	-0.000653,	217.700,	0.490
70.136,	141.437,	0.015368,	-0.000399,	217.700,	0.495
70.292,	141.766,	0.016469,	-0.001247,	217.700,	0.540
70.442,	142.063,	0.020500,	-0.000634,	217.700,	0.495
70.592,	142.349,	0.020916,	0.000739,	217.700,	0.495
70.742,	142.649,	0.019957,	-0.001381,	217.700,	0.490
70.886,	142.956,	0.015722,	-0.000119,	217.700,	0.495
71.050,	143.266,	0.014254,	-0.001075,	217.700,	0.540
71.200,	143.566,	0.014851,	-0.000612,	217.700,	0.495
71.342,	143.863,	0.014297,	0.000138,	217.700,	0.495
71.492,	144.163,	0.013989,	-0.000142,	217.700,	0.490
71.638,	144.458,	0.015450,	-0.000455,	217.700,	0.495
71.804,	144.787,	0.016305,	-0.001041,	217.700,	0.540
71.952,	145.070,	0.021612,	-0.000407,	217.700,	0.495
72.098,	145.378,	0.025049,	-0.000048,	217.700,	0.495
72.244,	145.670,	0.026805,	-0.000937,	217.700,	0.490
72.392,	145.966,	0.028903,	-0.000524,	217.700,	0.495
72.556,	146.294,	0.027009,	-0.002445,	217.700,	0.540
72.702,	146.585,	0.026641,	-0.000448,	217.700,	0.495
72.856,	146.875,	0.024422,	-0.000776,	217.700,	0.495
73.002,	147.185,	0.021183,	-0.000409,	217.700,	0.490
73.150,	147.482,	0.020920,	-0.001000,	217.700,	0.495
73.314,	147.797,	0.020895,	-0.000545,	217.700,	0.540
73.460,	148.102,	0.024062,	-0.000127,	217.700,	0.495
73.606,	148.394,	0.029924,	-0.000709,	217.700,	0.495
73.752,	148.687,	0.036080,	-0.001403,	217.700,	0.490
73.904,	148.990,	0.043433,	0.000282,	217.700,	0.495
74.068,	149.302,	0.051974,	-0.000724,	217.700,	0.540
74.214,	149.609,	0.057817,	-0.000177,	217.700,	0.495
74.360,	149.902,	0.062898,	-0.000739,	217.700,	0.490
74.508,	150.197,	0.065306,	0.000202,	217.700,	0.495
74.658,	150.499,	0.064475,	-0.000791,	217.700,	0.495
74.820,	150.818,	0.061385,	-0.000924,	217.700,	0.540
74.964,	151.111,	0.058304,	0.000457,	217.700,	0.495
75.114,	151.411,	0.056122,	-0.000481,	217.700,	0.490
75.264,	151.709,	0.056020,	0.000407,	217.700,	0.495
75.414,	151.997,	0.058436,	-0.000944,	217.700,	0.495
75.576,	152.316,	0.063611,	-0.001747,	217.700,	0.540
75.722,	152.626,	0.075379,	-0.000013,	217.700,	0.495
75.870,	152.921,	0.091857,	-0.000836,	217.700,	0.495
76.018,	153.218,	0.111194,	-0.001172,	217.700,	0.490
76.170,	153.506,	0.134625,	-0.000063,	217.700,	0.495
76.334,	153.833,	0.163784,	-0.001077,	217.700,	0.540
76.480,	154.128,	0.189783,	-0.000952,	217.700,	0.495
76.630,	154.426,	0.215373,	0.000691,	217.700,	0.495
76.772,	154.728,	0.236509,	-0.000670,	217.700,	0.490
76.926,	155.018,	0.256016,	0.000291,	217.700,	0.495
77.080,	155.342,	0.271857,	-0.000071,	217.700,	0.540
77.230,	155.640,	0.283052,	-0.000004,	217.700,	0.495
77.380,	155.940,	0.290636,	0.000974,	217.700,	0.495
77.524,	156.230,	0.297093,	0.000120,	217.700,	0.490
77.678,	156.523,	0.302447,	0.000676,	217.700,	0.495
77.834,	156.852,	0.310309,	-0.000196,	217.700,	0.540
78.002,	157.183,	0.324449,	0.000060,	217.700,	0.540
78.152,	157.469,	0.345096,	-0.000345,	217.700,	0.495
78.296,	157.774,	0.373121,	-0.000134,	217.700,	0.490
78.444,	158.069,	0.413747,	-0.000134,	217.700,	0.495
78.592,	158.366,	0.461244,	0.001126,	217.700,	0.495
78.758,	158.683,	0.527543,	-0.000799,	217.700,	0.540
78.902,	158.988,	0.602373,	-0.001015,	217.700,	0.495
79.048,	159.278,	0.685996,	-0.001202,	217.700,	0.495
79.198,	159.578,	0.777157,	0.000159,	217.700,	0.490
79.346,	159.876,	0.876626,	-0.000030,	217.700,	0.495
79.506,	160.193,	0.988930,	-0.000894,	217.700,	0.540
79.658,	160.481,	1.096498,	0.000592,	217.700,	0.495
79.806,	160.793,	1.199720,	-0.001077,	217.700,	0.490
79.954,	161.074,	1.300725,	-0.000360,	217.700,	0.495
80.100,	161.381,	1.394212,	-0.000341,	217.700,	0.490
80.260,	161.700,	1.486133,	-0.001066,	217.700,	0.540
80.414,	161.993,	1.562451,	-0.000905,	217.700,	0.495
80.562,	162.288,	1.627385,	-0.000836,	217.700,	0.490
80.702,	162.586,	1.676862,	-0.000959,	217.700,	0.495
80.854,	162.890,	1.717964,	0.000907,	217.700,	0.490
81.018,	163.198,	1.747600,	-0.000939,	217.700,	0.540
81.164,	163.507,	1.762798,	-0.000422,	217.700,	0.495
81.312,	163.805,	1.763755,	0.000011,	217.700,	0.490
81.462,	164.090,	1.756391,	0.000609,	217.700,	0.495
81.608,	164.381,	1.738510,	-0.000250,	217.700,	0.490
81.770,	164.705,	1.707999,	-0.001153,	217.700,	0.540
81.934,	165.031,	1.663823,	-0.000448,	217.700,	0.540
82.078,	165.338,	1.620266,	-0.000504,	217.700,	0.495
82.230,	165.626,	1.566881,	0.000351,	217.700,	0.490
82.376,	165.917,	1.511238,	-0.000765,	217.700,	0.495
82.522,	166.226,	1.446655,	0.000898,	217.700,	0.495
82.688,	166.538,	1.375947,	-0.002215,	217.700,	0.540
82.832,	166.843,	1.307760,	-0.000194,	217.700,	0.495
82.984,	167.134,	1.240600,	0.000183,	217.700,	0.490
83.128,	167.438,	1.169076,	-0.000457,	217.700,	0.495
83.278,	167.736,	1.099020,	0.000105,	217.700,	0.495
83.440,	168.048,	1.019781,	-0.000750,	217.700,	0.535
83.584,	168.350,	0.951307,	-0.000724,	217.700,	0.495
83.736,	168.641,	0.883044,	0.000215,	217.700,	0.490
83.884,	168.936,	0.820851,	0.000995,	217.700,	0.495
84.032,	169.231,	0.753812,	-0.000651,	217.700,	0.490
84.190,	169.562,	0.689182,	-0.000621,	217.700,	0.540
84.342,	169.848,	0.627812,	-0.000995,	217.700,	0.495
84.488,	170.143,	0.576643,	-0.000532,	217.700,	0.490
84.636,	170.453,	0.535724,	-0.000741,	217.700,	0.495
84.786,	170.738,	0.489402,	0.000902,	217.700,	0.495
84.930,	171.041,	0.444212,	0.001413,	217.700,	0.495
85.090,	171.362,	0.394418,	0.000420,	217.700,	0.535
85.238,	171.658,	0.358821,	-0.000679,	217.700,	0.495
85.388,	171.955,	0.324053,	0.000698,	217.700,	0.490
85.538,	172.241,	0.293760,	-0.000655,	217.700,	0.495
85.684,	172.548,	0.264408,	-0.000030,	217.700,	0.495
85.844,	172.870,	0.236332,	-0.001693,	217.700,	0.535
85.994,	173.170,	0.213807,	-0.000506,	217.700,	0.495
86.144,	173.453,	0.194375,	0.000273,	217.700,	0.490
86.288,	173.755,	0.175598,	0.000502,	217.700,	0.495
86.434,	174.048,	0.159047,	-0.000397,	217.700,	0.495
86.596,	174.374,	0.143529,	-0.000754,	217.700,	0.535
86.746,	174.672,	0.129777,	0.000465,	217.700,	0.495
86.896,	174.958,	0.119918,	-0.000995,	217.700,	0.490
87.040,	175.262,	0.110698,	-0.000642,	217.700,	0.495
87.188,	175.555,	0.101692,	0.000648,	217.700,	0.490
87.350,	175.884,	0.092775,	-0.000414,	217.700,	0.540
87.502,	176.170,	0.086746,	0.000420,	217.700,	0.495
87.646,	176.474,	0.081606,	-0.001069,	217.700,	0.490
87.792,	176.767,	0.077374,	0.000487,	217.700,	0.495
87.940,	177.060,	0.071055,	-0.001293,	217.700,	0.490
88.108,	177.382,	0.000329,	-0.000679,	217.700,	0.540
88.250,	177.679,	0.000644,	0.000665,	217.700,	0.495
88.404,	177.972,	-0.000121,	-0.000257,	217.700,	0.490
88.550,	178.262,	0.000935,	-0.000338,	217.700,	0.495
88.698,	178.562,	0.002232,	-0.000239,	217.700,	0.495
88.856,	178.891,	0.000989,	-0.000698,	217.700,	0.535
89.008,	179.182,	0.002040,	-0.001222,	217.700,	0.495
89.154,	179.474,	0.002618,	-0.000674,	217.700,	0.490
89.302,	179.784,	0.008872,	-0.000690,	217.700,	0.495
89.448,	180.077,	0.037985,	-0.000709,	217.700,	0.490
