Num, Lmd, sig,    mon,    Ring,  sec
#lmd,   E,  HOYAX,  Y,  Smpl,  Det, AGC X, Y, Smpl, Det
#6.60064,	187.8367,	21.801,	94.000,	65.000,	30.000,	0.000,	-76.000,	0.000,	29.999

1,	6.60064,	-0.000556,	-0.001984,	217.700,	88.070
2,	6.60064,	0.000431,	-0.001099,	217.700,	0.550
3,	6.60064,	0.000401,	-0.000864,	217.700,	0.500
4,	6.60064,	0.000588,	-0.001433,	217.700,	0.495
5,	6.60064,	-0.000362,	-0.000330,	217.700,	0.505
6,	6.60064,	0.000683,	-0.000715,	217.700,	0.500
7,	6.60064,	0.000403,	-0.000498,	217.700,	0.545
8,	6.60064,	0.000000,	-0.001295,	217.700,	0.505
9,	6.60064,	0.001198,	-0.000511,	217.700,	0.495
10,	6.60064,	-0.000746,	-0.000229,	217.700,	0.505
11,	6.60064,	0.001021,	-0.000978,	217.700,	0.495
12,	6.60064,	-0.000647,	0.000008,	217.700,	0.555
13,	6.60064,	0.000168,	-0.000987,	217.700,	0.495
14,	6.60064,	0.000429,	0.000140,	217.700,	0.505
15,	6.60064,	0.000648,	0.000991,	217.700,	0.500
16,	6.60064,	-0.000082,	-0.000733,	217.700,	0.500
17,	6.60064,	-0.000451,	-0.000741,	217.700,	0.550
18,	6.60064,	0.000890,	-0.000562,	217.700,	0.500
19,	6.60064,	0.000123,	-0.000332,	217.700,	0.500
20,	6.60064,	0.001056,	-0.000101,	217.700,	0.495
21,	6.60064,	0.000092,	-0.000278,	217.700,	0.505
22,	6.60064,	0.000325,	-0.001349,	217.700,	0.550
23,	6.60064,	0.000913,	0.000224,	217.700,	0.500
24,	6.60064,	0.001124,	0.000176,	217.700,	0.495
25,	6.60064,	0.000112,	0.000153,	217.700,	0.505
26,	6.60064,	0.000521,	-0.000455,	217.700,	0.500
27,	6.60064,	-0.000539,	-0.000084,	217.700,	0.550
28,	6.60064,	0.000450,	-0.000244,	217.700,	0.550
29,	6.60064,	-0.000065,	-0.000588,	217.700,	0.550
30,	6.60064,	0.000411,	-0.001135,	217.700,	0.500
31,	6.60064,	-0.000071,	-0.000644,	217.700,	0.500
32,	6.60064,	0.000437,	-0.000151,	217.700,	0.495
33,	6.60064,	0.000530,	-0.000265,	217.700,	0.500
34,	6.60064,	-0.000274,	-0.000541,	217.700,	0.550
35,	6.60064,	0.000969,	0.000405,	217.700,	0.505
36,	6.60064,	0.000530,	-0.000056,	217.700,	0.500
37,	6.60064,	0.000127,	-0.001230,	217.700,	0.500
38,	6.60064,	0.000058,	-0.000618,	217.700,	0.500
39,	6.60064,	0.000368,	-0.000241,	217.700,	0.550
40,	6.60064,	0.000202,	-0.000353,	217.700,	0.495
41,	6.60064,	0.000360,	-0.000397,	217.700,	0.505
42,	6.60064,	-0.000491,	-0.000858,	217.700,	0.500
43,	6.60064,	0.001010,	-0.000129,	217.700,	0.500
44,	6.60064,	0.000176,	0.000905,	217.700,	0.500
45,	6.60064,	-0.000024,	-0.000179,	217.700,	0.550
46,	6.60064,	0.000213,	-0.000302,	217.700,	0.550
47,	6.60064,	0.000211,	-0.000446,	217.700,	0.550
48,	6.60064,	-0.000157,	-0.000519,	217.700,	0.545
49,	6.60064,	-0.000112,	-0.000991,	217.700,	0.505
50,	6.60064,	0.000907,	-0.000970,	217.700,	0.500
51,	6.60064,	0.000909,	-0.000362,	217.700,	0.505
52,	6.60064,	0.001019,	0.000657,	217.700,	0.500
53,	6.60064,	0.000644,	-0.001127,	217.700,	0.555
54,	6.60064,	-0.000045,	-0.000041,	217.700,	0.550
55,	6.60064,	-0.000591,	0.000288,	217.700,	0.550
56,	6.60064,	0.001734,	-0.000463,	217.700,	0.550
57,	6.60064,	0.000551,	-0.001547,	217.700,	0.500
58,	6.60064,	0.000448,	-0.001174,	217.700,	0.505
59,	6.60064,	0.001280,	-0.000409,	217.700,	0.500
60,	6.60064,	0.000054,	-0.000379,	217.700,	0.505
61,	6.60064,	0.000754,	-0.000625,	217.700,	0.550
62,	6.60064,	0.000295,	-0.000616,	217.700,	0.550
63,	6.60064,	-0.000063,	-0.001258,	217.700,	0.550
64,	6.60064,	0.000217,	0.000536,	217.700,	0.545
65,	6.60064,	0.000286,	-0.001728,	217.700,	0.550
66,	6.60064,	0.000071,	-0.000198,	217.700,	0.505
67,	6.60064,	0.000605,	-0.000086,	217.700,	0.500
68,	6.60064,	-0.000093,	0.001715,	217.700,	0.495
69,	6.60064,	-0.000015,	0.000245,	217.700,	0.500
70,	6.60064,	0.001157,	-0.000870,	217.700,	0.550
71,	6.60064,	0.001127,	-0.000328,	217.700,	0.500
72,	6.60064,	0.000189,	-0.000657,	217.700,	0.505
73,	6.60064,	0.001036,	-0.000360,	217.700,	0.500
74,	6.60064,	-0.000394,	-0.000509,	217.700,	0.500
75,	6.60064,	0.000187,	-0.000170,	217.700,	0.505
76,	6.60064,	0.000166,	-0.000937,	217.700,	0.545
77,	6.60064,	0.000131,	-0.001456,	217.700,	0.550
78,	6.60064,	0.000196,	-0.001097,	217.700,	0.555
79,	6.60064,	0.001000,	0.000153,	217.700,	0.500
80,	6.60064,	0.000515,	-0.000834,	217.700,	0.495
81,	6.60064,	0.000187,	0.000536,	217.700,	0.505
82,	6.60064,	0.000301,	-0.000198,	217.700,	0.495
83,	6.60064,	0.000052,	-0.000998,	217.700,	0.555
84,	6.60064,	0.001010,	-0.000448,	217.700,	0.495
85,	6.60064,	0.000584,	0.000256,	217.700,	0.505
86,	6.60064,	0.000991,	-0.001291,	217.700,	0.500
87,	6.60064,	0.000360,	-0.000308,	217.700,	0.500
88,	6.60064,	0.000922,	-0.001086,	217.700,	0.500
89,	6.60064,	-0.000300,	-0.000254,	217.700,	0.550
90,	6.60064,	0.000560,	-0.000084,	217.700,	0.550
91,	6.60064,	0.001232,	-0.001112,	217.700,	0.545
92,	6.60064,	-0.000543,	-0.000039,	217.700,	0.550
93,	6.60064,	0.000008,	-0.001368,	217.700,	0.555
94,	6.60064,	0.000584,	0.000159,	217.700,	0.500
95,	6.60064,	0.000230,	0.000211,	217.700,	0.495
96,	6.60064,	0.000202,	0.000183,	217.700,	0.500
97,	6.60064,	0.001443,	0.000698,	217.700,	0.500
98,	6.60064,	0.000136,	0.000577,	217.700,	0.550
99,	6.60064,	0.000967,	-0.000631,	217.700,	0.505
100,	6.60064,	0.001676,	-0.000741,	217.700,	0.500
