Num, Lmd, sig,    mon,    Ring,  sec
#lmd,   E,  HOYAX,  Y,  Smpl,  Det, AGC X, Y, Smpl, Det
#6.49981,	190.7506,	21.801,	94.000,	65.000,	30.000,	0.000,	-76.000,	0.000,	29.999

1,	6.49981,	0.000437,	-0.002178,	217.700,	161.595
2,	6.49981,	-0.000196,	-0.000767,	217.700,	0.545
3,	6.49981,	0.001286,	0.000060,	217.700,	0.500
4,	6.49981,	0.000713,	-0.000954,	217.700,	0.495
5,	6.49981,	0.001456,	-0.000802,	217.700,	0.495
6,	6.49981,	0.000907,	-0.001157,	217.700,	0.500
7,	6.49981,	0.001711,	0.000248,	217.700,	0.540
8,	6.49981,	0.000750,	-0.000164,	217.700,	0.495
9,	6.49981,	0.000646,	-0.001084,	217.700,	0.495
10,	6.49981,	0.001489,	-0.000175,	217.700,	0.495
11,	6.49981,	0.000857,	-0.000474,	217.700,	0.495
12,	6.49981,	0.000612,	-0.000250,	217.700,	0.545
13,	6.49981,	-0.000153,	-0.000797,	217.700,	0.495
14,	6.49981,	0.000159,	0.001002,	217.700,	0.495
15,	6.49981,	0.000769,	-0.001120,	217.700,	0.495
16,	6.49981,	0.001178,	0.000213,	217.700,	0.495
17,	6.49981,	0.001260,	-0.001103,	217.700,	0.545
18,	6.49981,	0.001321,	-0.000002,	217.700,	0.495
19,	6.49981,	0.000694,	-0.000698,	217.700,	0.500
20,	6.49981,	0.000493,	-0.001230,	217.700,	0.500
21,	6.49981,	0.000982,	-0.002053,	217.700,	0.500
22,	6.49981,	0.000747,	-0.001243,	217.700,	0.500
23,	6.49981,	-0.000267,	-0.001517,	217.700,	0.545
24,	6.49981,	-0.001118,	-0.000924,	217.700,	0.500
25,	6.49981,	-0.000216,	-0.001286,	217.700,	0.500
26,	6.49981,	0.000215,	0.000513,	217.700,	0.500
27,	6.49981,	0.000222,	-0.000875,	217.700,	0.500
28,	6.49981,	0.001150,	-0.001118,	217.700,	0.495
29,	6.49981,	0.000084,	-0.001818,	217.700,	0.550
30,	6.49981,	0.000493,	-0.000369,	217.700,	0.500
31,	6.49981,	0.000504,	0.000213,	217.700,	0.495
32,	6.49981,	0.000202,	-0.001799,	217.700,	0.505
33,	6.49981,	0.000523,	-0.000987,	217.700,	0.495
34,	6.49981,	0.000385,	-0.000702,	217.700,	0.500
35,	6.49981,	0.001215,	-0.000332,	217.700,	0.545
36,	6.49981,	-0.000349,	-0.001310,	217.700,	0.495
37,	6.49981,	0.000131,	-0.000435,	217.700,	0.495
38,	6.49981,	-0.000528,	-0.000474,	217.700,	0.495
39,	6.49981,	0.000235,	-0.000304,	217.700,	0.500
40,	6.49981,	0.000868,	-0.000646,	217.700,	0.500
41,	6.49981,	0.000603,	-0.001176,	217.700,	0.540
42,	6.49981,	0.000517,	-0.000748,	217.700,	0.495
43,	6.49981,	0.000775,	-0.000836,	217.700,	0.500
44,	6.49981,	0.000618,	-0.000336,	217.700,	0.495
45,	6.49981,	0.000788,	0.000043,	217.700,	0.495
46,	6.49981,	0.000422,	-0.001448,	217.700,	0.545
47,	6.49981,	0.000194,	0.000192,	217.700,	0.545
48,	6.49981,	-0.000571,	-0.000967,	217.700,	0.545
49,	6.49981,	-0.000142,	-0.000905,	217.700,	0.545
50,	6.49981,	0.000562,	0.000693,	217.700,	0.500
51,	6.49981,	-0.000030,	-0.000575,	217.700,	0.495
52,	6.49981,	0.001004,	-0.000877,	217.700,	0.495
53,	6.49981,	0.000308,	-0.000802,	217.700,	0.500
54,	6.49981,	0.001209,	-0.000866,	217.700,	0.545
55,	6.49981,	0.000260,	-0.000282,	217.700,	0.500
56,	6.49981,	0.000627,	-0.000776,	217.700,	0.490
57,	6.49981,	0.000334,	-0.000931,	217.700,	0.495
58,	6.49981,	0.000687,	0.001249,	217.700,	0.495
59,	6.49981,	0.000138,	-0.001642,	217.700,	0.550
60,	6.49981,	0.000054,	-0.000425,	217.700,	0.545
61,	6.49981,	-0.000039,	-0.001219,	217.700,	0.545
62,	6.49981,	0.001168,	0.000140,	217.700,	0.495
63,	6.49981,	0.000771,	-0.001172,	217.700,	0.505
64,	6.49981,	0.000452,	0.000114,	217.700,	0.500
65,	6.49981,	-0.000114,	-0.001056,	217.700,	0.500
66,	6.49981,	0.000345,	-0.000020,	217.700,	0.545
67,	6.49981,	0.000110,	-0.001504,	217.700,	0.495
68,	6.49981,	-0.000399,	-0.000810,	217.700,	0.500
69,	6.49981,	0.000519,	-0.001859,	217.700,	0.505
70,	6.49981,	0.000379,	-0.000950,	217.700,	0.500
71,	6.49981,	0.001045,	-0.000289,	217.700,	0.545
72,	6.49981,	0.000416,	0.000036,	217.700,	0.495
73,	6.49981,	-0.000610,	-0.000961,	217.700,	0.500
74,	6.49981,	0.000383,	-0.000978,	217.700,	0.495
75,	6.49981,	0.000653,	-0.000319,	217.700,	0.500
76,	6.49981,	-0.000545,	-0.002172,	217.700,	0.545
77,	6.49981,	0.000521,	-0.001512,	217.700,	0.500
78,	6.49981,	0.000036,	-0.001271,	217.700,	0.495
79,	6.49981,	0.000472,	-0.001349,	217.700,	0.500
80,	6.49981,	0.000097,	-0.000655,	217.700,	0.505
81,	6.49981,	0.001189,	-0.000922,	217.700,	0.545
82,	6.49981,	-0.000056,	-0.000358,	217.700,	0.500
83,	6.49981,	0.000765,	-0.001172,	217.700,	0.495
84,	6.49981,	0.000528,	-0.000743,	217.700,	0.500
85,	6.49981,	0.000614,	0.000532,	217.700,	0.490
86,	6.49981,	0.000547,	-0.001674,	217.700,	0.545
87,	6.49981,	0.000590,	0.000250,	217.700,	0.500
88,	6.49981,	-0.000035,	-0.000162,	217.700,	0.500
89,	6.49981,	-0.000634,	-0.000974,	217.700,	0.495
90,	6.49981,	0.000114,	-0.000416,	217.700,	0.500
91,	6.49981,	-0.000379,	-0.000741,	217.700,	0.545
92,	6.49981,	0.000420,	-0.000173,	217.700,	0.500
93,	6.49981,	-0.000444,	-0.001120,	217.700,	0.500
94,	6.49981,	-0.000022,	-0.000300,	217.700,	0.500
95,	6.49981,	0.000200,	-0.000259,	217.700,	0.495
96,	6.49981,	0.000101,	-0.001222,	217.700,	0.500
97,	6.49981,	0.000538,	-0.000269,	217.700,	0.545
98,	6.49981,	0.000573,	-0.000304,	217.700,	0.505
99,	6.49981,	0.000439,	-0.000918,	217.700,	0.500
100,	6.49981,	-0.000218,	-0.000537,	217.700,	0.500
