Smpl, Det, sig,    mon,    Ring,  sec
#lmd,   E,  HOYAX,  Y,  Smpl,  Det, AGC X, Y, Smpl, Det, pps
#6.75067,	183.6621,	-5.799,	-5.000,	69.376,	139.937,	0.000,	-76.000,	0.000,	29.999,100

69.364,	139.910,	0.009176,	-0.002378,	217.700,	80.850
69.542,	140.263,	0.005509,	-0.000455,	217.700,	0.585
69.688,	140.558,	0.005528,	0.000799,	217.700,	0.495
69.838,	140.858,	0.005330,	-0.001140,	217.700,	0.495
69.988,	141.144,	0.005987,	0.000562,	217.700,	0.490
70.132,	141.446,	0.006763,	-0.000741,	217.700,	0.495
70.298,	141.761,	0.008930,	-0.000683,	217.700,	0.540
70.462,	142.090,	0.010536,	-0.000849,	217.700,	0.540
70.606,	142.392,	0.012427,	-0.000364,	217.700,	0.495
70.756,	142.678,	0.013030,	0.000603,	217.700,	0.495
70.902,	142.985,	0.009286,	-0.000496,	217.700,	0.490
71.050,	143.280,	0.009857,	0.000028,	217.700,	0.495
71.214,	143.594,	0.009286,	-0.000252,	217.700,	0.540
71.364,	143.894,	0.007683,	-0.000761,	217.700,	0.495
71.506,	144.194,	0.006435,	-0.000149,	217.700,	0.495
71.662,	144.490,	0.005345,	-0.000207,	217.700,	0.490
71.802,	144.787,	0.004899,	-0.001092,	217.700,	0.495
71.968,	145.116,	0.007547,	-0.001743,	217.700,	0.540
72.112,	145.406,	0.010456,	-0.000073,	217.700,	0.495
72.266,	145.697,	0.012322,	0.000028,	217.700,	0.495
72.414,	145.994,	0.013910,	0.000049,	217.700,	0.490
72.562,	146.292,	0.015487,	-0.000235,	217.700,	0.495
72.724,	146.614,	0.015118,	-0.001295,	217.700,	0.540
72.884,	146.947,	0.012890,	-0.001540,	217.700,	0.540
73.030,	147.242,	0.011910,	-0.000300,	217.700,	0.495
73.178,	147.540,	0.010161,	-0.000069,	217.700,	0.495
73.328,	147.840,	0.008603,	-0.000336,	217.700,	0.490
73.480,	148.126,	0.007575,	-0.001058,	217.700,	0.495
73.640,	148.447,	0.006487,	-0.001021,	217.700,	0.540
73.788,	148.742,	0.008577,	-0.000071,	217.700,	0.495
73.932,	149.047,	0.009926,	-0.000944,	217.700,	0.490
74.086,	149.338,	0.012776,	0.000159,	217.700,	0.495
74.232,	149.645,	0.015648,	-0.000472,	217.700,	0.495
74.394,	149.957,	0.016691,	-0.001099,	217.700,	0.540
74.542,	150.252,	0.019470,	0.000105,	217.700,	0.495
74.692,	150.550,	0.020858,	-0.000287,	217.700,	0.490
74.838,	150.857,	0.019985,	-0.001433,	217.700,	0.495
74.984,	151.152,	0.018479,	-0.000532,	217.700,	0.495
75.148,	151.462,	0.016077,	-0.001724,	217.700,	0.535
75.298,	151.762,	0.013261,	0.000032,	217.700,	0.495
75.442,	152.064,	0.011499,	-0.001120,	217.700,	0.490
75.588,	152.357,	0.009738,	-0.000054,	217.700,	0.495
75.742,	152.650,	0.009286,	0.000034,	217.700,	0.495
75.896,	152.976,	0.008405,	-0.000709,	217.700,	0.540
76.046,	153.274,	0.010184,	-0.000502,	217.700,	0.495
76.200,	153.564,	0.012731,	-0.001245,	217.700,	0.495
76.346,	153.857,	0.015504,	0.000862,	217.700,	0.490
76.492,	154.166,	0.018615,	-0.000082,	217.700,	0.495
76.642,	154.452,	0.020711,	0.000429,	217.700,	0.490
76.804,	154.774,	0.023790,	-0.001857,	217.700,	0.540
76.948,	155.078,	0.026473,	-0.000416,	217.700,	0.495
77.094,	155.371,	0.027490,	-0.001547,	217.700,	0.490
77.244,	155.669,	0.027001,	-0.000084,	217.700,	0.495
77.396,	155.954,	0.026455,	0.000043,	217.700,	0.495
77.556,	156.293,	0.023698,	-0.001708,	217.700,	0.535
77.700,	156.583,	0.022377,	-0.000300,	217.700,	0.495
77.848,	156.878,	0.018680,	0.000118,	217.700,	0.490
77.998,	157.181,	0.016213,	-0.001056,	217.700,	0.495
78.150,	157.464,	0.014461,	0.000183,	217.700,	0.495
78.310,	157.786,	0.010557,	-0.001349,	217.700,	0.540
78.456,	158.095,	0.011484,	0.000258,	217.700,	0.495
78.606,	158.378,	0.011580,	-0.000213,	217.700,	0.490
78.756,	158.678,	0.012481,	0.000297,	217.700,	0.495
78.900,	158.983,	0.014196,	0.000403,	217.700,	0.495
79.064,	159.293,	0.017146,	-0.000353,	217.700,	0.535
79.212,	159.590,	0.020942,	0.000192,	217.700,	0.495
79.362,	159.888,	0.026111,	0.000112,	217.700,	0.490
79.504,	160.188,	0.028069,	0.001086,	217.700,	0.495
79.656,	160.478,	0.031592,	0.000157,	217.700,	0.495
79.820,	160.807,	0.034860,	-0.000922,	217.700,	0.540
79.968,	161.102,	0.037366,	0.000071,	217.700,	0.495
80.114,	161.395,	0.038682,	-0.000655,	217.700,	0.490
80.260,	161.698,	0.039264,	-0.000422,	217.700,	0.495
80.406,	161.993,	0.039773,	0.000838,	217.700,	0.495
80.568,	162.319,	0.038187,	-0.000278,	217.700,	0.535
80.718,	162.617,	0.036506,	-0.000657,	217.700,	0.495
80.862,	162.905,	0.033432,	-0.000054,	217.700,	0.490
81.016,	163.200,	0.030614,	-0.001168,	217.700,	0.495
81.162,	163.507,	0.027686,	-0.000384,	217.700,	0.495
81.326,	163.819,	0.023558,	-0.000802,	217.700,	0.535
81.470,	164.122,	0.021711,	-0.000595,	217.700,	0.495
81.616,	164.414,	0.019802,	0.000297,	217.700,	0.490
81.770,	164.705,	0.018507,	-0.001090,	217.700,	0.495
81.916,	165.000,	0.018141,	-0.000724,	217.700,	0.495
82.080,	165.324,	0.017057,	-0.001898,	217.700,	0.540
82.224,	165.629,	0.018714,	0.000157,	217.700,	0.495
82.376,	165.917,	0.019518,	0.000148,	217.700,	0.490
82.522,	166.224,	0.022351,	-0.000530,	217.700,	0.495
82.672,	166.507,	0.025852,	-0.000095,	217.700,	0.495
82.830,	166.841,	0.029140,	-0.000720,	217.700,	0.540
82.984,	167.131,	0.035009,	-0.000183,	217.700,	0.495
83.128,	167.422,	0.039281,	-0.000418,	217.700,	0.490
83.278,	167.719,	0.044567,	-0.000931,	217.700,	0.495
83.426,	168.019,	0.049102,	-0.000588,	217.700,	0.495
83.584,	168.350,	0.053788,	0.000911,	217.700,	0.535
83.736,	168.641,	0.059002,	-0.000138,	217.700,	0.495
83.884,	168.936,	0.064095,	-0.000642,	217.700,	0.495
84.032,	169.231,	0.068204,	-0.000636,	217.700,	0.490
84.176,	169.534,	0.073338,	-0.000918,	217.700,	0.495
84.342,	169.850,	0.076792,	-0.000655,	217.700,	0.540
84.490,	170.146,	0.079849,	-0.000722,	217.700,	0.495
84.638,	170.441,	0.081155,	0.000140,	217.700,	0.490
84.786,	170.741,	0.085839,	-0.001062,	217.700,	0.495
84.930,	171.041,	0.087416,	0.000407,	217.700,	0.490
85.092,	171.365,	0.087601,	-0.002460,	217.700,	0.540
85.240,	171.660,	0.089721,	-0.000730,	217.700,	0.495
85.388,	171.958,	0.090286,	-0.000461,	217.700,	0.490
85.540,	172.246,	0.089280,	-0.000304,	217.700,	0.495
85.684,	172.550,	0.090641,	-0.000726,	217.700,	0.495
85.846,	172.874,	0.089097,	-0.001607,	217.700,	0.535
85.994,	173.155,	0.089368,	-0.001428,	217.700,	0.495
86.144,	173.455,	0.087862,	-0.000261,	217.700,	0.490
86.288,	173.758,	0.087134,	0.000431,	217.700,	0.495
86.436,	174.053,	0.085763,	-0.000702,	217.700,	0.495
86.598,	174.379,	0.083361,	-0.001911,	217.700,	0.535
86.748,	174.660,	0.081579,	0.000215,	217.700,	0.495
86.892,	174.965,	0.080911,	-0.000043,	217.700,	0.490
87.042,	175.267,	0.079252,	-0.000478,	217.700,	0.495
87.190,	175.562,	0.077565,	-0.000201,	217.700,	0.495
87.354,	175.872,	0.075553,	-0.002206,	217.700,	0.535
87.496,	176.172,	0.075635,	-0.000534,	217.700,	0.495
87.648,	176.477,	0.073950,	-0.000784,	217.700,	0.490
87.792,	176.767,	0.071796,	-0.000737,	217.700,	0.495
87.940,	177.060,	0.071317,	-0.001351,	217.700,	0.495
88.108,	177.382,	-0.000664,	-0.000319,	217.700,	0.535
88.256,	177.679,	-0.000147,	-0.000702,	217.700,	0.495
88.402,	177.972,	-0.000033,	-0.000151,	217.700,	0.490
88.548,	178.277,	0.000308,	0.000041,	217.700,	0.495
88.696,	178.574,	0.001508,	-0.000618,	217.700,	0.490
88.854,	178.891,	0.000978,	-0.002045,	217.700,	0.540
89.008,	179.182,	0.002314,	0.000187,	217.700,	0.495
89.154,	179.489,	0.002762,	-0.000698,	217.700,	0.490
89.300,	179.782,	0.012242,	0.000866,	217.700,	0.495
89.448,	180.077,	0.047124,	0.000476,	217.700,	0.495
