Num, Lmd, sig,    mon,    Ring,  sec
#lmd,   E,  HOYAX,  Y,  Smpl,  Det, AGC X, Y, Smpl, Det
#6.65065,	186.4243,	21.801,	94.000,	65.000,	30.000,	0.000,	-76.000,	0.000,	29.999

1,	6.65076,	0.000855,	-0.001450,	217.700,	88.270
2,	6.65065,	0.001161,	0.000123,	217.700,	0.550
3,	6.65065,	-0.001564,	-0.001153,	217.700,	0.505
4,	6.65076,	-0.000403,	-0.000657,	217.700,	0.500
5,	6.65065,	0.000286,	-0.001004,	217.700,	0.500
6,	6.65076,	0.000739,	-0.001650,	217.700,	0.505
7,	6.65076,	-0.000192,	-0.000022,	217.700,	0.500
8,	6.65076,	0.001622,	0.000047,	217.700,	0.550
9,	6.65076,	-0.000151,	0.000370,	217.700,	0.550
10,	6.65076,	0.000342,	-0.000414,	217.700,	0.545
11,	6.65076,	-0.000078,	-0.000877,	217.700,	0.555
12,	6.65076,	0.000060,	-0.001896,	217.700,	0.550
13,	6.65076,	0.000545,	-0.000151,	217.700,	0.550
14,	6.65076,	0.000719,	-0.001377,	217.700,	0.495
15,	6.65076,	-0.000037,	-0.000842,	217.700,	0.505
16,	6.65076,	0.000202,	0.000457,	217.700,	0.500
17,	6.65076,	0.000286,	-0.000274,	217.700,	0.500
18,	6.65076,	0.000185,	-0.000965,	217.700,	0.550
19,	6.65076,	0.000698,	-0.000306,	217.700,	0.555
20,	6.65076,	0.000327,	-0.000608,	217.700,	0.500
21,	6.65076,	0.000847,	0.000127,	217.700,	0.500
22,	6.65076,	-0.000188,	-0.000024,	217.700,	0.500
23,	6.65076,	0.000562,	-0.001120,	217.700,	0.505
24,	6.65076,	0.000426,	-0.000341,	217.700,	0.550
25,	6.65076,	-0.000463,	-0.001599,	217.700,	0.510
26,	6.65076,	-0.000582,	-0.001230,	217.700,	0.505
27,	6.65076,	0.000590,	-0.000222,	217.700,	0.505
28,	6.65076,	0.000767,	-0.001230,	217.700,	0.500
29,	6.65076,	0.000741,	-0.000670,	217.700,	0.555
30,	6.65076,	-0.000440,	-0.000692,	217.700,	0.505
31,	6.65076,	-0.000209,	-0.000672,	217.700,	0.505
32,	6.65076,	-0.000382,	-0.000577,	217.700,	0.500
33,	6.65076,	0.000293,	-0.001204,	217.700,	0.500
34,	6.65076,	0.000155,	0.000519,	217.700,	0.550
35,	6.65076,	0.000523,	-0.001032,	217.700,	0.550
36,	6.65076,	0.000922,	0.000411,	217.700,	0.555
37,	6.65076,	0.000586,	-0.000690,	217.700,	0.505
38,	6.65076,	-0.001155,	-0.000287,	217.700,	0.505
39,	6.65076,	0.000123,	-0.000213,	217.700,	0.505
40,	6.65076,	0.000295,	-0.001831,	217.700,	0.505
41,	6.65076,	0.000879,	-0.000812,	217.700,	0.500
42,	6.65076,	-0.000519,	-0.000392,	217.700,	0.550
43,	6.65076,	0.000969,	-0.000004,	217.700,	0.500
44,	6.65076,	-0.000336,	-0.001446,	217.700,	0.505
45,	6.65076,	0.000060,	-0.000666,	217.700,	0.500
46,	6.65076,	0.000743,	-0.000918,	217.700,	0.500
47,	6.65076,	0.000883,	-0.000705,	217.700,	0.555
48,	6.65076,	0.000735,	0.000131,	217.700,	0.550
49,	6.65076,	0.000457,	-0.001396,	217.700,	0.505
50,	6.65076,	-0.000856,	-0.001258,	217.700,	0.505
51,	6.65076,	-0.000310,	-0.001420,	217.700,	0.620
52,	6.65076,	0.000775,	-0.000276,	217.700,	0.505
53,	6.65076,	0.000114,	-0.000278,	217.700,	0.510
54,	6.65076,	0.000521,	-0.000662,	217.700,	0.505
55,	6.65076,	0.000638,	0.000625,	217.700,	0.545
56,	6.65076,	0.000663,	-0.000446,	217.700,	0.510
57,	6.65076,	0.000681,	-0.000407,	217.700,	0.505
58,	6.65076,	0.000538,	-0.001670,	217.700,	0.505
59,	6.65076,	0.001019,	-0.000345,	217.700,	0.505
60,	6.65076,	0.000782,	-0.000453,	217.700,	0.505
61,	6.65076,	-0.000222,	-0.000952,	217.700,	0.555
62,	6.65076,	0.001527,	-0.001099,	217.700,	0.545
63,	6.65076,	-0.000660,	0.000058,	217.700,	0.510
64,	6.65076,	0.000562,	-0.001312,	217.700,	0.500
65,	6.65076,	0.000002,	0.000067,	217.700,	0.505
66,	6.65076,	0.000758,	-0.000730,	217.700,	0.500
67,	6.65076,	0.000859,	-0.001426,	217.700,	0.555
68,	6.65076,	-0.000575,	-0.000545,	217.700,	0.505
69,	6.65076,	0.000041,	-0.000218,	217.700,	0.500
70,	6.65076,	0.000855,	-0.000718,	217.700,	0.500
71,	6.65076,	0.000638,	-0.000224,	217.700,	0.505
72,	6.65076,	0.000763,	-0.000771,	217.700,	0.550
73,	6.65076,	0.000594,	-0.000196,	217.700,	0.550
74,	6.65076,	0.000885,	-0.000437,	217.700,	0.550
75,	6.65076,	0.000506,	-0.001265,	217.700,	0.500
76,	6.65076,	0.001575,	0.000142,	217.700,	0.505
77,	6.65076,	-0.000127,	-0.000782,	217.700,	0.505
78,	6.65076,	0.000204,	-0.001941,	217.700,	0.500
79,	6.65076,	0.000633,	-0.000642,	217.700,	0.505
80,	6.65076,	0.000228,	-0.000786,	217.700,	0.545
81,	6.65076,	0.000717,	0.000194,	217.700,	0.505
82,	6.65076,	-0.000061,	-0.000590,	217.700,	0.500
83,	6.65076,	-0.000332,	0.000579,	217.700,	0.505
84,	6.65076,	0.000487,	-0.000235,	217.700,	0.500
85,	6.65076,	0.000118,	-0.001777,	217.700,	0.505
86,	6.65076,	-0.000461,	-0.000754,	217.700,	0.555
87,	6.65076,	-0.000276,	-0.001454,	217.700,	0.505
88,	6.65076,	-0.000071,	-0.000397,	217.700,	0.505
89,	6.65076,	-0.000364,	-0.001418,	217.700,	0.500
90,	6.65076,	-0.000136,	-0.000726,	217.700,	0.505
91,	6.65076,	0.000534,	-0.001144,	217.700,	0.550
92,	6.65076,	0.000747,	-0.000185,	217.700,	0.555
93,	6.65076,	-0.000015,	-0.000381,	217.700,	0.500
94,	6.65076,	-0.000660,	0.000642,	217.700,	0.510
95,	6.65076,	-0.000254,	-0.000653,	217.700,	0.505
96,	6.65076,	0.000435,	-0.001148,	217.700,	0.505
97,	6.65076,	-0.000089,	-0.000597,	217.700,	0.550
98,	6.65076,	0.000711,	0.000366,	217.700,	0.550
99,	6.65076,	-0.000041,	-0.000664,	217.700,	0.505
100,	6.65076,	0.000220,	-0.000168,	217.700,	0.505
