Smpl, Det, sig,    mon,    Ring,  sec
#lmd,   E,  HOYAX,  Y,  Smpl,  Det, AGC X, Y, Smpl, Det, pps
#6.70078,	185.0296,	21.801,	-5.000,	69.376,	139.937,	0.000,	-76.000,	0.000,	29.999,100

69.368,	139.903,	0.007670,	-0.002357,	217.700,	80.831
69.544,	140.254,	0.010503,	-0.000575,	217.700,	0.580
69.700,	140.582,	0.013586,	-0.001411,	217.700,	0.540
69.850,	140.880,	0.015547,	-0.000573,	217.700,	0.495
70.000,	141.166,	0.016523,	0.000758,	217.700,	0.495
70.144,	141.468,	0.016547,	0.000345,	217.700,	0.490
70.294,	141.768,	0.015403,	-0.000978,	217.700,	0.495
70.458,	142.097,	0.013479,	-0.000877,	217.700,	0.540
70.608,	142.382,	0.010380,	0.000187,	217.700,	0.495
70.750,	142.682,	0.008773,	-0.000287,	217.700,	0.490
70.904,	142.973,	0.005104,	0.000469,	217.700,	0.495
71.050,	143.266,	0.007250,	0.000226,	217.700,	0.495
71.208,	143.597,	0.008219,	-0.001297,	217.700,	0.540
71.358,	143.897,	0.009564,	-0.001331,	217.700,	0.495
71.506,	144.197,	0.010378,	-0.000366,	217.700,	0.495
71.654,	144.490,	0.013998,	-0.000552,	217.700,	0.490
71.804,	144.787,	0.016142,	-0.000437,	217.700,	0.495
71.968,	145.102,	0.018826,	-0.002004,	217.700,	0.535
72.114,	145.409,	0.021787,	0.000476,	217.700,	0.495
72.260,	145.699,	0.021994,	-0.000541,	217.700,	0.490
72.408,	145.997,	0.022203,	-0.000662,	217.700,	0.495
72.556,	146.294,	0.022567,	-0.000662,	217.700,	0.495
72.716,	146.616,	0.018510,	0.000202,	217.700,	0.535
72.870,	146.906,	0.016021,	-0.001295,	217.700,	0.495
73.016,	147.199,	0.011779,	0.000239,	217.700,	0.490
73.164,	147.494,	0.009295,	0.000403,	217.700,	0.495
73.306,	147.794,	0.007653,	-0.001131,	217.700,	0.495
73.468,	148.116,	0.007773,	-0.000653,	217.700,	0.535
73.622,	148.409,	0.008148,	-0.000101,	217.700,	0.495
73.768,	148.704,	0.009941,	-0.000998,	217.700,	0.495
73.912,	149.006,	0.013037,	0.000131,	217.700,	0.490
74.060,	149.302,	0.017693,	-0.000250,	217.700,	0.495
74.228,	149.623,	0.021063,	-0.001407,	217.700,	0.540
74.376,	149.916,	0.027526,	0.000265,	217.700,	0.495
74.524,	150.214,	0.030689,	-0.001045,	217.700,	0.490
74.666,	150.514,	0.034477,	-0.001726,	217.700,	0.495
74.820,	150.804,	0.036181,	-0.000532,	217.700,	0.495
74.982,	151.128,	0.036776,	-0.001437,	217.700,	0.535
75.122,	151.428,	0.035822,	-0.001013,	217.700,	0.495
75.272,	151.726,	0.033945,	-0.000778,	217.700,	0.490
75.424,	152.028,	0.031905,	-0.000784,	217.700,	0.495
75.568,	152.318,	0.028339,	0.000416,	217.700,	0.495
75.732,	152.645,	0.022970,	-0.000970,	217.700,	0.540
75.896,	152.959,	0.017904,	-0.000668,	217.700,	0.540
76.044,	153.254,	0.014237,	-0.000547,	217.700,	0.495
76.190,	153.559,	0.013461,	-0.000502,	217.700,	0.490
76.336,	153.854,	0.012643,	-0.000151,	217.700,	0.495
76.484,	154.147,	0.014642,	-0.000586,	217.700,	0.495
76.648,	154.478,	0.016586,	-0.000545,	217.700,	0.540
76.802,	154.769,	0.021856,	-0.000285,	217.700,	0.495
76.944,	155.071,	0.027397,	0.000200,	217.700,	0.495
77.090,	155.364,	0.034486,	-0.001443,	217.700,	0.490
77.240,	155.659,	0.041550,	-0.001857,	217.700,	0.495
77.408,	155.981,	0.050214,	-0.000642,	217.700,	0.540
77.550,	156.283,	0.058186,	0.000176,	217.700,	0.495
77.696,	156.574,	0.064003,	0.000248,	217.700,	0.490
77.844,	156.871,	0.069777,	-0.000394,	217.700,	0.495
77.994,	157.174,	0.073134,	0.000125,	217.700,	0.495
78.162,	157.490,	0.075101,	-0.000450,	217.700,	0.540
78.306,	157.795,	0.075235,	-0.000901,	217.700,	0.495
78.454,	158.090,	0.074177,	0.000235,	217.700,	0.495
78.604,	158.371,	0.071025,	-0.000461,	217.700,	0.490
78.754,	158.674,	0.066524,	-0.000608,	217.700,	0.495
78.914,	158.993,	0.058731,	-0.001222,	217.700,	0.540
79.060,	159.302,	0.052810,	-0.000593,	217.700,	0.495
79.210,	159.583,	0.046387,	-0.000862,	217.700,	0.490
79.358,	159.881,	0.039387,	-0.000239,	217.700,	0.495
79.500,	160.183,	0.034076,	-0.000498,	217.700,	0.495
79.662,	160.505,	0.027449,	-0.000511,	217.700,	0.535
79.816,	160.800,	0.023278,	-0.000463,	217.700,	0.495
79.964,	161.095,	0.021334,	-0.001342,	217.700,	0.490
80.110,	161.400,	0.021121,	-0.000950,	217.700,	0.495
80.254,	161.690,	0.022575,	-0.000625,	217.700,	0.495
80.416,	162.014,	0.026292,	-0.001211,	217.700,	0.540
80.572,	162.310,	0.032045,	-0.001405,	217.700,	0.495
80.714,	162.607,	0.039405,	-0.000730,	217.700,	0.490
80.866,	162.895,	0.048824,	-0.000879,	217.700,	0.495
81.012,	163.205,	0.060291,	0.000129,	217.700,	0.490
81.174,	163.529,	0.073057,	-0.000627,	217.700,	0.540
81.322,	163.810,	0.085723,	0.000213,	217.700,	0.495
81.466,	164.112,	0.098743,	-0.000465,	217.700,	0.490
81.620,	164.405,	0.112817,	-0.000978,	217.700,	0.495
81.764,	164.712,	0.127528,	-0.000261,	217.700,	0.495
81.930,	165.024,	0.139714,	-0.000461,	217.700,	0.535
82.076,	165.314,	0.153504,	-0.000188,	217.700,	0.495
82.220,	165.622,	0.165308,	-0.001196,	217.700,	0.490
82.372,	165.912,	0.175851,	-0.000261,	217.700,	0.495
82.520,	166.205,	0.184779,	-0.000627,	217.700,	0.490
82.676,	166.534,	0.191930,	-0.001002,	217.700,	0.540
82.828,	166.822,	0.199881,	-0.000435,	217.700,	0.495
82.972,	167.126,	0.204138,	-0.000125,	217.700,	0.490
83.118,	167.419,	0.206191,	-0.000524,	217.700,	0.495
83.268,	167.714,	0.208445,	0.000116,	217.700,	0.490
83.416,	168.014,	0.208313,	-0.000220,	217.700,	0.495
83.582,	168.331,	0.206555,	-0.002228,	217.700,	0.535
83.726,	168.636,	0.203886,	-0.000933,	217.700,	0.495
83.874,	168.931,	0.199880,	-0.000597,	217.700,	0.490
84.024,	169.226,	0.195048,	-0.000741,	217.700,	0.495
84.172,	169.512,	0.189379,	-0.001207,	217.700,	0.490
84.332,	169.846,	0.181618,	-0.001963,	217.700,	0.540
84.480,	170.138,	0.175222,	0.000730,	217.700,	0.495
84.628,	170.436,	0.167857,	-0.000851,	217.700,	0.490
84.776,	170.719,	0.160667,	0.000140,	217.700,	0.495
84.928,	171.022,	0.152409,	-0.000065,	217.700,	0.490
85.082,	171.346,	0.142888,	-0.001562,	217.700,	0.540
85.230,	171.641,	0.136424,	0.000332,	217.700,	0.495
85.378,	171.941,	0.129140,	-0.000267,	217.700,	0.490
85.530,	172.224,	0.121217,	0.000090,	217.700,	0.495
85.674,	172.531,	0.115193,	-0.000629,	217.700,	0.490
85.836,	172.855,	0.105300,	-0.001657,	217.700,	0.540
85.986,	173.153,	0.101622,	-0.000504,	217.700,	0.495
86.136,	173.436,	0.096115,	0.000823,	217.700,	0.490
86.280,	173.741,	0.091472,	0.001068,	217.700,	0.490
86.426,	174.034,	0.086652,	0.000291,	217.700,	0.495
86.588,	174.358,	0.082812,	-0.000709,	217.700,	0.540
86.738,	174.658,	0.080753,	-0.001095,	217.700,	0.495
86.888,	174.943,	0.077973,	0.000185,	217.700,	0.490
87.032,	175.246,	0.074741,	-0.000429,	217.700,	0.495
87.178,	175.538,	0.072757,	-0.000802,	217.700,	0.490
87.342,	175.865,	0.071962,	-0.001258,	217.700,	0.540
87.492,	176.150,	0.071398,	-0.000239,	217.700,	0.495
87.636,	176.455,	0.070081,	-0.000151,	217.700,	0.490
87.790,	176.743,	0.070631,	0.000073,	217.700,	0.495
87.936,	177.038,	0.069751,	-0.000903,	217.700,	0.490
88.096,	177.374,	-0.000532,	-0.000985,	217.700,	0.540
88.246,	177.670,	0.000310,	-0.000060,	217.700,	0.495
88.390,	177.962,	0.000554,	-0.000888,	217.700,	0.490
88.544,	178.253,	0.000224,	-0.000683,	217.700,	0.495
88.684,	178.550,	0.002691,	0.000088,	217.700,	0.490
88.850,	178.882,	0.001702,	-0.001082,	217.700,	0.540
88.994,	179.170,	0.001562,	0.000075,	217.700,	0.495
89.148,	179.460,	0.002169,	-0.000381,	217.700,	0.490
89.296,	179.755,	0.009971,	-0.000375,	217.700,	0.495
89.442,	180.050,	0.038821,	-0.000403,	217.700,	0.490
