Num, Lmd, sig,    mon,    Ring,  sec
#lmd,   E,  HOYAX,  Y,  Smpl,  Det, AGC X, Y, Smpl, Det
#6.55074,	189.2675,	-31.800,	94.000,	65.000,	30.000,	0.000,	-76.000,	0.000,	29.999

1,	6.55074,	-0.000517,	-0.001784,	217.700,	88.050
2,	6.55074,	0.000164,	-0.001390,	217.700,	0.550
3,	6.55074,	0.000504,	-0.001110,	217.700,	0.500
4,	6.55074,	-0.000472,	-0.000670,	217.700,	0.500
5,	6.55074,	0.000198,	-0.001138,	217.700,	0.495
6,	6.55074,	0.001198,	-0.000741,	217.700,	0.505
7,	6.55074,	-0.000716,	-0.001202,	217.700,	0.545
8,	6.55074,	0.000373,	0.000146,	217.700,	0.505
9,	6.55074,	0.000086,	0.000263,	217.700,	0.500
10,	6.55074,	-0.000017,	0.000327,	217.700,	0.500
11,	6.55074,	-0.000369,	0.000015,	217.700,	0.495
12,	6.55074,	-0.000519,	-0.000431,	217.700,	0.555
13,	6.55074,	-0.000201,	-0.000123,	217.700,	0.550
14,	6.55074,	-0.000450,	-0.001407,	217.700,	0.545
15,	6.55074,	0.000082,	-0.000295,	217.700,	0.505
16,	6.55074,	-0.000037,	0.000676,	217.700,	0.500
17,	6.55074,	-0.000248,	-0.000022,	217.700,	0.500
18,	6.55074,	-0.000845,	-0.001155,	217.700,	0.495
19,	6.55074,	-0.001077,	-0.000864,	217.700,	0.555
20,	6.55074,	0.000164,	-0.001036,	217.700,	0.495
21,	6.55074,	-0.000134,	-0.001064,	217.700,	0.500
22,	6.55074,	-0.000024,	-0.000944,	217.700,	0.505
23,	6.55074,	0.000108,	-0.000636,	217.700,	0.500
24,	6.55074,	-0.000375,	-0.000954,	217.700,	0.500
25,	6.55074,	-0.000237,	-0.001314,	217.700,	0.550
26,	6.55074,	-0.000362,	-0.000771,	217.700,	0.550
27,	6.55074,	-0.000950,	-0.000782,	217.700,	0.550
28,	6.55074,	-0.000675,	-0.000819,	217.700,	0.550
29,	6.55074,	-0.000009,	-0.000073,	217.700,	0.550
30,	6.55074,	-0.000489,	0.000164,	217.700,	0.500
31,	6.55074,	-0.000298,	-0.000276,	217.700,	0.500
32,	6.55074,	-0.000276,	-0.000213,	217.700,	0.500
33,	6.55074,	0.001071,	-0.000278,	217.700,	0.500
34,	6.55074,	0.000187,	0.000549,	217.700,	0.545
35,	6.55074,	0.000267,	-0.000502,	217.700,	0.500
36,	6.55074,	0.000159,	-0.000817,	217.700,	0.500
37,	6.55074,	0.000441,	-0.000485,	217.700,	0.505
38,	6.55074,	-0.001009,	-0.000328,	217.700,	0.495
39,	6.55074,	0.000530,	-0.000244,	217.700,	0.505
40,	6.55074,	0.000607,	-0.000659,	217.700,	0.545
41,	6.55074,	0.000271,	-0.000840,	217.700,	0.505
42,	6.55074,	0.000301,	0.000015,	217.700,	0.495
43,	6.55074,	-0.000278,	-0.000151,	217.700,	0.505
44,	6.55074,	-0.000597,	-0.001051,	217.700,	0.500
45,	6.55074,	-0.001103,	0.000323,	217.700,	0.550
46,	6.55074,	0.000521,	-0.000851,	217.700,	0.550
47,	6.55074,	-0.000407,	-0.000459,	217.700,	0.550
48,	6.55074,	0.000082,	0.001126,	217.700,	0.500
49,	6.55074,	0.000510,	-0.002126,	217.700,	0.495
50,	6.55074,	-0.000099,	0.000413,	217.700,	0.505
51,	6.55074,	0.000706,	-0.001073,	217.700,	0.500
52,	6.55074,	0.000515,	-0.000478,	217.700,	0.550
53,	6.55074,	-0.000308,	-0.000812,	217.700,	0.500
54,	6.55074,	0.000202,	-0.000728,	217.700,	0.500
55,	6.55074,	-0.000496,	-0.000020,	217.700,	0.500
56,	6.55074,	-0.000091,	-0.001260,	217.700,	0.500
57,	6.55074,	-0.001131,	0.001615,	217.700,	0.500
58,	6.55074,	-0.000401,	-0.000735,	217.700,	0.550
59,	6.55074,	0.000360,	-0.000674,	217.700,	0.500
60,	6.55074,	0.000396,	0.000174,	217.700,	0.500
61,	6.55074,	0.000500,	-0.001734,	217.700,	0.500
62,	6.55074,	0.000429,	-0.000198,	217.700,	0.500
63,	6.55074,	-0.000685,	0.000155,	217.700,	0.500
64,	6.55074,	0.000715,	0.000127,	217.700,	0.550
65,	6.55074,	0.000289,	-0.000718,	217.700,	0.545
66,	6.55074,	-0.000625,	0.000250,	217.700,	0.555
67,	6.55074,	0.000795,	-0.000328,	217.700,	0.500
68,	6.55074,	0.000506,	-0.001383,	217.700,	0.500
69,	6.55074,	0.001066,	-0.000397,	217.700,	0.500
70,	6.55074,	0.000058,	-0.001426,	217.700,	0.500
71,	6.55074,	0.000062,	-0.001168,	217.700,	0.550
72,	6.55074,	0.000278,	0.000082,	217.700,	0.495
73,	6.55074,	-0.000140,	-0.000142,	217.700,	0.500
74,	6.55074,	0.000814,	0.000069,	217.700,	0.505
75,	6.55074,	-0.001075,	0.000823,	217.700,	0.500
76,	6.55074,	0.000077,	-0.000838,	217.700,	0.500
77,	6.55074,	0.000312,	-0.000127,	217.700,	0.545
78,	6.55074,	-0.000416,	-0.000110,	217.700,	0.500
79,	6.55074,	-0.000386,	-0.000804,	217.700,	0.505
80,	6.55074,	0.000129,	-0.000616,	217.700,	0.500
81,	6.55074,	0.000243,	0.000176,	217.700,	0.500
82,	6.55074,	0.000959,	-0.000748,	217.700,	0.500
83,	6.55074,	0.000269,	-0.000614,	217.700,	0.555
84,	6.55074,	-0.000948,	-0.000595,	217.700,	0.550
85,	6.55074,	-0.000033,	0.000116,	217.700,	0.500
86,	6.55074,	0.000495,	-0.000397,	217.700,	0.500
87,	6.55074,	0.000648,	0.000118,	217.700,	0.495
88,	6.55074,	0.000556,	-0.000129,	217.700,	0.505
89,	6.55074,	-0.000095,	-0.000088,	217.700,	0.550
90,	6.55074,	0.000650,	-0.001482,	217.700,	0.495
91,	6.55074,	-0.000222,	-0.001424,	217.700,	0.500
92,	6.55074,	-0.000276,	-0.000651,	217.700,	0.505
93,	6.55074,	0.000612,	-0.000086,	217.700,	0.500
94,	6.55074,	0.000383,	-0.000631,	217.700,	0.500
95,	6.55074,	0.001254,	0.000532,	217.700,	0.550
96,	6.55074,	0.000004,	-0.001482,	217.700,	0.550
97,	6.55074,	0.000360,	-0.000121,	217.700,	0.550
98,	6.55074,	-0.000048,	-0.000235,	217.700,	0.550
99,	6.55074,	0.000741,	0.000316,	217.700,	0.550
100,	6.55074,	0.000220,	-0.000119,	217.700,	0.500
