Smpl, Det, sig,    mon,    Ring,  sec
#lmd,   E,  HOYAX,  Y,  Smpl,  Det, AGC X, Y, Smpl, Det, pps
#6.75067,	183.6621,	-31.800,	-5.000,	69.376,	139.937,	0.000,	-76.000,	0.000,	29.999,100

69.366,	139.915,	0.010583,	-0.002536,	217.700,	80.725
69.536,	140.254,	0.008394,	-0.001454,	217.700,	0.575
69.690,	140.546,	0.013220,	-0.000894,	217.700,	0.495
69.840,	140.844,	0.022226,	0.000734,	217.700,	0.495
69.982,	141.146,	0.036375,	-0.000580,	217.700,	0.495
70.134,	141.432,	0.053297,	-0.000549,	217.700,	0.495
70.284,	141.734,	0.069496,	-0.000849,	217.700,	0.490
70.440,	142.063,	0.084871,	-0.000110,	217.700,	0.540
70.592,	142.363,	0.094093,	-0.000718,	217.700,	0.495
70.742,	142.649,	0.096409,	-0.000916,	217.700,	0.495
70.888,	142.956,	0.088495,	-0.000543,	217.700,	0.495
71.034,	143.251,	0.079412,	-0.001120,	217.700,	0.495
71.184,	143.549,	0.063940,	-0.000780,	217.700,	0.495
71.350,	143.863,	0.043793,	-0.000679,	217.700,	0.540
71.492,	144.166,	0.026988,	-0.000724,	217.700,	0.495
71.646,	144.458,	0.015250,	-0.001112,	217.700,	0.495
71.788,	144.758,	0.012608,	-0.001183,	217.700,	0.495
71.936,	145.056,	0.021812,	-0.000808,	217.700,	0.495
72.106,	145.378,	0.042875,	-0.001536,	217.700,	0.540
72.252,	145.670,	0.075814,	0.000316,	217.700,	0.495
72.400,	145.980,	0.116114,	-0.000220,	217.700,	0.495
72.548,	146.278,	0.160743,	-0.000530,	217.700,	0.495
72.694,	146.570,	0.204288,	-0.000644,	217.700,	0.495
72.848,	146.861,	0.242993,	-0.001008,	217.700,	0.490
73.010,	147.185,	0.273188,	-0.000746,	217.700,	0.540
73.156,	147.480,	0.289442,	0.000248,	217.700,	0.495
73.300,	147.780,	0.289627,	-0.000560,	217.700,	0.495
73.452,	148.070,	0.274959,	-0.000237,	217.700,	0.495
73.598,	148.378,	0.245421,	-0.000106,	217.700,	0.490
73.760,	148.687,	0.201688,	-0.000804,	217.700,	0.540
73.904,	148.992,	0.157473,	-0.001228,	217.700,	0.495
74.060,	149.287,	0.112010,	-0.000261,	217.700,	0.495
74.206,	149.578,	0.075499,	0.000958,	217.700,	0.490
74.350,	149.885,	0.055231,	-0.000412,	217.700,	0.495
74.514,	150.211,	0.056724,	-0.000483,	217.700,	0.540
74.666,	150.497,	0.091701,	0.000485,	217.700,	0.495
74.810,	150.802,	0.156484,	0.000355,	217.700,	0.495
74.962,	151.090,	0.257508,	-0.001189,	217.700,	0.495
75.104,	151.390,	0.393956,	-0.000982,	217.700,	0.490
75.270,	151.721,	0.579740,	-0.000963,	217.700,	0.540
75.414,	152.009,	0.780982,	-0.000705,	217.700,	0.495
75.566,	152.299,	1.003390,	-0.000386,	217.700,	0.495
75.712,	152.609,	1.243168,	0.000549,	217.700,	0.490
75.862,	152.904,	1.488350,	-0.000642,	217.700,	0.495
76.026,	153.218,	1.750061,	-0.001426,	217.700,	0.540
76.170,	153.523,	1.981535,	-0.000030,	217.700,	0.495
76.318,	153.818,	2.196390,	0.000155,	217.700,	0.490
76.466,	154.116,	2.389325,	-0.001105,	217.700,	0.495
76.616,	154.414,	2.553615,	-0.000276,	217.700,	0.495
76.776,	154.733,	2.699578,	-0.002421,	217.700,	0.540
76.928,	155.021,	2.798322,	-0.001502,	217.700,	0.495
77.074,	155.330,	2.865783,	-0.001517,	217.700,	0.495
77.224,	155.611,	2.898973,	0.000280,	217.700,	0.490
77.372,	155.911,	2.902257,	-0.000847,	217.700,	0.495
77.536,	156.235,	2.870329,	-0.001536,	217.700,	0.540
77.680,	156.542,	2.814460,	0.000224,	217.700,	0.495
77.828,	156.838,	2.733058,	-0.001685,	217.700,	0.495
77.978,	157.121,	2.629959,	0.000614,	217.700,	0.490
78.122,	157.426,	2.509149,	0.000752,	217.700,	0.495
78.276,	157.716,	2.373290,	-0.000020,	217.700,	0.495
78.438,	158.042,	2.214922,	0.000375,	217.700,	0.535
78.578,	158.338,	2.059263,	-0.000597,	217.700,	0.495
78.730,	158.642,	1.901969,	-0.000481,	217.700,	0.490
78.880,	158.928,	1.741763,	-0.001095,	217.700,	0.495
79.028,	159.221,	1.583742,	-0.000265,	217.700,	0.495
79.192,	159.550,	1.410743,	-0.000114,	217.700,	0.540
79.340,	159.847,	1.261755,	-0.000071,	217.700,	0.495
79.482,	160.145,	1.122402,	-0.000672,	217.700,	0.495
79.634,	160.435,	0.990067,	-0.000356,	217.700,	0.490
79.780,	160.745,	0.867516,	0.000224,	217.700,	0.495
79.946,	161.059,	0.745738,	-0.000407,	217.700,	0.540
80.094,	161.354,	0.644957,	-0.000252,	217.700,	0.495
80.238,	161.657,	0.556770,	-0.000101,	217.700,	0.495
80.386,	161.952,	0.478837,	-0.001196,	217.700,	0.490
80.532,	162.245,	0.410721,	0.001019,	217.700,	0.495
80.696,	162.574,	0.346598,	-0.000769,	217.700,	0.540
80.848,	162.859,	0.299969,	0.001025,	217.700,	0.495
80.994,	163.169,	0.259477,	0.000383,	217.700,	0.495
81.140,	163.462,	0.225429,	-0.001075,	217.700,	0.490
81.288,	163.757,	0.197403,	-0.000093,	217.700,	0.495
81.454,	164.074,	0.172326,	-0.000881,	217.700,	0.540
81.600,	164.381,	0.154708,	-0.001163,	217.700,	0.495
81.744,	164.671,	0.140932,	0.000189,	217.700,	0.490
81.892,	164.966,	0.129097,	-0.000627,	217.700,	0.495
82.048,	165.259,	0.120858,	-0.000114,	217.700,	0.495
82.210,	165.583,	0.112133,	-0.000935,	217.700,	0.540
82.354,	165.888,	0.106524,	-0.000784,	217.700,	0.495
82.500,	166.181,	0.103629,	-0.000078,	217.700,	0.490
82.648,	166.478,	0.099947,	0.000976,	217.700,	0.495
82.800,	166.766,	0.096773,	-0.000073,	217.700,	0.495
82.960,	167.100,	0.093731,	-0.000302,	217.700,	0.540
83.112,	167.390,	0.091376,	-0.000939,	217.700,	0.495
83.254,	167.688,	0.089062,	-0.000007,	217.700,	0.490
83.404,	167.988,	0.087616,	0.000530,	217.700,	0.495
83.554,	168.276,	0.084968,	-0.001530,	217.700,	0.495
83.714,	168.612,	0.081894,	-0.000073,	217.700,	0.540
83.862,	168.907,	0.079562,	0.000592,	217.700,	0.495
84.012,	169.190,	0.077815,	-0.000814,	217.700,	0.495
84.162,	169.488,	0.074945,	0.000581,	217.700,	0.490
84.306,	169.793,	0.073202,	0.000431,	217.700,	0.495
84.468,	170.114,	0.069580,	-0.001344,	217.700,	0.540
84.616,	170.414,	0.067575,	-0.000513,	217.700,	0.495
84.764,	170.712,	0.066120,	-0.000336,	217.700,	0.490
84.916,	170.998,	0.064198,	0.000413,	217.700,	0.495
85.062,	171.305,	0.060053,	0.000062,	217.700,	0.495
85.226,	171.617,	0.058067,	0.000049,	217.700,	0.535
85.374,	171.914,	0.056763,	-0.000067,	217.700,	0.495
85.516,	172.214,	0.054466,	-0.000582,	217.700,	0.490
85.670,	172.505,	0.052980,	-0.000879,	217.700,	0.495
85.816,	172.800,	0.051338,	-0.000681,	217.700,	0.495
85.964,	173.107,	0.049573,	-0.000147,	217.700,	0.495
86.122,	173.424,	0.047540,	-0.001090,	217.700,	0.535
86.272,	173.726,	0.047320,	-0.000806,	217.700,	0.495
86.418,	174.019,	0.045340,	-0.000409,	217.700,	0.495
86.566,	174.312,	0.044713,	-0.000605,	217.700,	0.490
86.714,	174.610,	0.043209,	0.000095,	217.700,	0.495
86.882,	174.926,	0.041647,	-0.000595,	217.700,	0.540
87.026,	175.231,	0.041253,	-0.000356,	217.700,	0.495
87.178,	175.524,	0.040979,	-0.000545,	217.700,	0.495
87.326,	175.819,	0.041119,	-0.000297,	217.700,	0.490
87.470,	176.122,	0.039479,	0.000118,	217.700,	0.495
87.630,	176.441,	0.038152,	0.000088,	217.700,	0.540
87.784,	176.734,	0.038788,	-0.000160,	217.700,	0.495
87.930,	177.026,	0.038424,	-0.000254,	217.700,	0.490
88.076,	177.331,	0.000532,	-0.000188,	217.700,	0.495
88.226,	177.619,	-0.000403,	-0.000985,	217.700,	0.495
88.372,	177.924,	-0.000207,	0.000894,	217.700,	0.495
88.532,	178.246,	0.000196,	-0.001917,	217.700,	0.535
88.680,	178.543,	0.001620,	0.000256,	217.700,	0.495
88.832,	178.843,	0.002577,	-0.000222,	217.700,	0.490
88.974,	179.131,	0.002932,	-0.000420,	217.700,	0.495
89.128,	179.422,	0.001650,	-0.000015,	217.700,	0.495
89.284,	179.750,	0.007633,	-0.000569,	217.700,	0.535
89.448,	180.077,	0.045512,	-0.000672,	217.700,	0.540
