Num, Lmd, sig,    mon,    Ring,  sec
#lmd,   E,  HOYAX,  Y,  Smpl,  Det, AGC X, Y, Smpl, Det
#6.49981,	190.7506,	21.801,	94.000,	65.000,	-0.062,	0.000,	-76.000,	0.000,	29.999

1,	6.49981,	44.186510,	-0.001049,	217.700,	15.200
2,	6.49981,	44.195950,	-0.000836,	217.700,	0.540
3,	6.49981,	44.200880,	-0.001497,	217.700,	0.505
4,	6.49992,	44.201060,	-0.000481,	217.700,	0.495
5,	6.49981,	44.208460,	-0.000321,	217.700,	0.500
6,	6.49981,	44.201420,	-0.000297,	217.700,	0.505
7,	6.49981,	44.215090,	-0.000509,	217.700,	0.500
8,	6.49981,	44.210390,	-0.000864,	217.700,	0.540
9,	6.49981,	44.221460,	0.000092,	217.700,	0.545
10,	6.49992,	44.221410,	-0.000786,	217.700,	0.505
11,	6.49981,	44.223020,	-0.000907,	217.700,	0.500
12,	6.49981,	44.226520,	-0.001469,	217.700,	0.495
13,	6.49981,	44.235300,	-0.001144,	217.700,	0.500
14,	6.49992,	44.237900,	-0.000448,	217.700,	0.550
15,	6.49981,	44.243210,	-0.000330,	217.700,	0.545
16,	6.49981,	44.231090,	0.000515,	217.700,	0.490
17,	6.49981,	44.240290,	-0.001252,	217.700,	0.500
18,	6.49981,	44.251490,	-0.000948,	217.700,	0.500
19,	6.49981,	44.250240,	-0.000976,	217.700,	0.490
20,	6.49981,	44.249910,	-0.000573,	217.700,	0.550
21,	6.49992,	44.247590,	-0.000896,	217.700,	0.495
22,	6.49992,	44.241880,	-0.000239,	217.700,	0.495
23,	6.49981,	44.257170,	0.000661,	217.700,	0.500
24,	6.49981,	44.262050,	-0.000269,	217.700,	0.490
25,	6.49981,	44.251990,	0.001329,	217.700,	0.545
26,	6.49992,	44.257250,	-0.000651,	217.700,	0.500
27,	6.49981,	44.260650,	-0.001749,	217.700,	0.495
28,	6.49981,	44.254300,	-0.000978,	217.700,	0.500
29,	6.49981,	44.264970,	-0.000636,	217.700,	0.500
30,	6.49992,	44.267190,	-0.001163,	217.700,	0.545
31,	6.49992,	44.264000,	0.000008,	217.700,	0.495
32,	6.49992,	44.271450,	0.000090,	217.700,	0.495
33,	6.49981,	44.272650,	0.000689,	217.700,	0.495
34,	6.49981,	44.268170,	-0.000545,	217.700,	0.495
35,	6.49992,	44.269430,	0.000379,	217.700,	0.545
36,	6.49981,	44.273310,	-0.000345,	217.700,	0.500
37,	6.49992,	44.278860,	-0.000457,	217.700,	0.495
38,	6.49992,	44.275860,	-0.000485,	217.700,	0.500
39,	6.49992,	44.265470,	-0.000924,	217.700,	0.495
40,	6.49992,	44.273910,	-0.001293,	217.700,	0.545
41,	6.49981,	44.287670,	-0.000638,	217.700,	0.500
42,	6.49981,	44.281980,	-0.000526,	217.700,	0.495
43,	6.49992,	44.275690,	-0.001435,	217.700,	0.500
44,	6.49992,	44.288290,	0.000271,	217.700,	0.495
45,	6.49992,	44.288210,	-0.001069,	217.700,	0.545
46,	6.49992,	44.288310,	0.000370,	217.700,	0.500
47,	6.49981,	44.293590,	-0.000104,	217.700,	0.500
48,	6.49992,	44.282200,	-0.000188,	217.700,	0.505
49,	6.49981,	44.291460,	-0.000287,	217.700,	0.500
50,	6.49981,	44.296000,	0.000280,	217.700,	0.495
51,	6.49992,	44.295120,	-0.000409,	217.700,	0.545
52,	6.49981,	44.299790,	-0.002124,	217.700,	0.495
53,	6.49992,	44.297800,	-0.000364,	217.700,	0.495
54,	6.49992,	44.294030,	-0.000784,	217.700,	0.505
55,	6.49992,	44.289890,	0.000222,	217.700,	0.500
56,	6.49981,	44.300350,	-0.000295,	217.700,	0.545
57,	6.49992,	44.295710,	0.000383,	217.700,	0.495
58,	6.49992,	44.289100,	0.000088,	217.700,	0.505
59,	6.49992,	44.303340,	0.000049,	217.700,	0.495
60,	6.49992,	44.296100,	-0.000041,	217.700,	0.500
61,	6.49981,	44.295540,	-0.000397,	217.700,	0.545
62,	6.49992,	44.295000,	-0.000196,	217.700,	0.495
63,	6.49992,	44.295890,	0.000075,	217.700,	0.505
64,	6.49992,	44.285340,	-0.000552,	217.700,	0.500
65,	6.49992,	44.294730,	-0.001058,	217.700,	0.495
66,	6.49992,	44.296470,	-0.000521,	217.700,	0.500
67,	6.49992,	44.291480,	-0.000050,	217.700,	0.550
68,	6.49992,	44.283420,	-0.000442,	217.700,	0.495
69,	6.49992,	44.291280,	-0.001222,	217.700,	0.500
70,	6.49992,	44.291370,	-0.000440,	217.700,	0.500
71,	6.49992,	44.287190,	0.000067,	217.700,	0.500
72,	6.49992,	44.286880,	-0.000618,	217.700,	0.545
73,	6.49992,	44.283190,	-0.000554,	217.700,	0.500
74,	6.49992,	44.281890,	-0.001450,	217.700,	0.500
75,	6.49992,	44.281500,	-0.000597,	217.700,	0.500
76,	6.49992,	44.283880,	-0.000580,	217.700,	0.500
77,	6.49992,	44.287710,	-0.000767,	217.700,	0.500
78,	6.49992,	44.288520,	-0.001357,	217.700,	0.555
79,	6.49992,	44.281410,	-0.002144,	217.700,	0.540
80,	6.49992,	44.280520,	-0.001028,	217.700,	0.545
81,	6.49992,	44.280690,	-0.000149,	217.700,	0.495
82,	6.49992,	44.281520,	0.000019,	217.700,	0.500
83,	6.49992,	44.291080,	0.000429,	217.700,	0.495
84,	6.49992,	44.279520,	-0.001269,	217.700,	0.495
85,	6.49992,	44.267030,	-0.000640,	217.700,	0.500
86,	6.49992,	44.274640,	0.000125,	217.700,	0.550
87,	6.49992,	44.275970,	-0.001030,	217.700,	0.495
88,	6.49992,	44.281010,	-0.000918,	217.700,	0.500
89,	6.49992,	44.273580,	-0.000625,	217.700,	0.500
90,	6.49992,	44.275740,	-0.000080,	217.700,	0.505
91,	6.49992,	44.275170,	0.000002,	217.700,	0.500
92,	6.49992,	44.282270,	-0.001618,	217.700,	0.545
93,	6.49992,	44.276310,	-0.001353,	217.700,	0.500
94,	6.49992,	44.271630,	-0.000291,	217.700,	0.500
95,	6.49992,	44.277240,	-0.000181,	217.700,	0.505
96,	6.49992,	44.279830,	-0.000323,	217.700,	0.495
97,	6.49992,	44.264450,	-0.000739,	217.700,	0.495
98,	6.49992,	44.265530,	-0.001202,	217.700,	0.545
99,	6.49992,	44.274330,	-0.002073,	217.700,	0.500
100,	6.49992,	44.268980,	-0.000901,	217.700,	0.500
