Smpl, Det, sig,    mon,    Ring,  sec
#lmd,   E,  HOYAX,  Y,  Smpl,  Det, AGC X, Y, Smpl, Det, pps
#6.65088,	186.4178,	-5.799,	-5.000,	69.376,	139.937,	0.000,	-76.000,	0.000,	29.999,100

69.368,	139.903,	0.009312,	-0.002490,	217.700,	80.700
69.536,	140.254,	0.013134,	-0.000300,	217.700,	0.570
69.684,	140.549,	0.015747,	-0.000842,	217.700,	0.495
69.834,	140.849,	0.016096,	-0.001161,	217.700,	0.495
69.984,	141.134,	0.017135,	-0.000144,	217.700,	0.495
70.128,	141.439,	0.014735,	0.000204,	217.700,	0.495
70.294,	141.770,	0.011662,	-0.001943,	217.700,	0.540
70.444,	142.051,	0.010900,	-0.000519,	217.700,	0.495
70.592,	142.351,	0.008316,	-0.000297,	217.700,	0.495
70.736,	142.654,	0.008831,	-0.000455,	217.700,	0.495
70.888,	142.942,	0.007913,	-0.001131,	217.700,	0.495
71.052,	143.270,	0.011727,	-0.000621,	217.700,	0.540
71.202,	143.570,	0.017490,	0.000448,	217.700,	0.495
71.342,	143.868,	0.021145,	0.000321,	217.700,	0.495
71.494,	144.170,	0.020722,	-0.000043,	217.700,	0.495
71.642,	144.466,	0.020446,	0.000166,	217.700,	0.495
71.806,	144.794,	0.018660,	0.000250,	217.700,	0.540
71.956,	145.078,	0.018507,	-0.000052,	217.700,	0.495
72.102,	145.385,	0.015086,	0.000482,	217.700,	0.495
72.248,	145.678,	0.012785,	0.000230,	217.700,	0.495
72.396,	145.975,	0.010553,	-0.001325,	217.700,	0.490
72.560,	146.304,	0.009008,	-0.000700,	217.700,	0.540
72.706,	146.592,	0.011376,	0.000181,	217.700,	0.495
72.858,	146.885,	0.014420,	-0.001525,	217.700,	0.495
73.006,	147.180,	0.018126,	-0.000024,	217.700,	0.495
73.154,	147.475,	0.022228,	0.000200,	217.700,	0.495
73.312,	147.806,	0.025165,	-0.001517,	217.700,	0.535
73.464,	148.094,	0.028323,	-0.000711,	217.700,	0.495
73.610,	148.402,	0.028474,	0.000284,	217.700,	0.495
73.756,	148.694,	0.027311,	-0.000004,	217.700,	0.490
73.908,	148.982,	0.025387,	-0.001672,	217.700,	0.495
74.070,	149.309,	0.022442,	-0.000687,	217.700,	0.540
74.216,	149.614,	0.017525,	-0.001181,	217.700,	0.495
74.364,	149.909,	0.015254,	-0.000616,	217.700,	0.495
74.512,	150.204,	0.013278,	-0.000707,	217.700,	0.490
74.662,	150.504,	0.012492,	-0.000903,	217.700,	0.495
74.822,	150.826,	0.014468,	-0.001469,	217.700,	0.540
74.968,	151.118,	0.017665,	-0.000405,	217.700,	0.495
75.118,	151.418,	0.023189,	-0.001237,	217.700,	0.490
75.268,	151.716,	0.028323,	0.000637,	217.700,	0.495
75.420,	152.004,	0.033729,	0.000556,	217.700,	0.495
75.580,	152.328,	0.037713,	-0.001280,	217.700,	0.540
75.728,	152.621,	0.041089,	-0.000638,	217.700,	0.495
75.874,	152.933,	0.042057,	0.000028,	217.700,	0.495
76.024,	153.214,	0.040309,	-0.000151,	217.700,	0.490
76.168,	153.518,	0.038185,	-0.001036,	217.700,	0.495
76.332,	153.845,	0.032609,	-0.000702,	217.700,	0.540
76.478,	154.140,	0.028095,	0.000278,	217.700,	0.495
76.630,	154.440,	0.023866,	-0.001198,	217.700,	0.490
76.780,	154.728,	0.021022,	0.000487,	217.700,	0.495
76.924,	155.030,	0.019311,	-0.000104,	217.700,	0.495
77.088,	155.357,	0.020705,	-0.000950,	217.700,	0.540
77.236,	155.652,	0.023866,	0.001329,	217.700,	0.495
77.386,	155.938,	0.030971,	0.000011,	217.700,	0.490
77.532,	156.245,	0.038435,	-0.000489,	217.700,	0.495
77.676,	156.535,	0.048619,	-0.000110,	217.700,	0.495
77.840,	156.862,	0.059584,	-0.000881,	217.700,	0.540
77.990,	157.147,	0.071264,	-0.000493,	217.700,	0.495
78.142,	157.450,	0.079703,	-0.000224,	217.700,	0.495
78.286,	157.754,	0.088565,	-0.000853,	217.700,	0.490
78.434,	158.047,	0.093326,	0.000138,	217.700,	0.495
78.598,	158.362,	0.094800,	-0.001728,	217.700,	0.540
78.740,	158.664,	0.095257,	-0.000267,	217.700,	0.495
78.892,	158.966,	0.092596,	0.000737,	217.700,	0.490
79.038,	159.257,	0.086477,	-0.001028,	217.700,	0.495
79.186,	159.554,	0.079576,	-0.000026,	217.700,	0.495
79.352,	159.869,	0.071171,	-0.000134,	217.700,	0.535
79.494,	160.169,	0.063789,	-0.000384,	217.700,	0.495
79.646,	160.457,	0.058978,	0.000058,	217.700,	0.490
79.792,	160.769,	0.056723,	-0.000116,	217.700,	0.495
79.942,	161.064,	0.056317,	-0.000515,	217.700,	0.495
80.088,	161.357,	0.059952,	-0.000009,	217.700,	0.490
80.248,	161.676,	0.067077,	-0.001876,	217.700,	0.540
80.396,	161.974,	0.079998,	0.000146,	217.700,	0.495
80.544,	162.269,	0.096090,	-0.000114,	217.700,	0.495
80.692,	162.566,	0.115970,	-0.000412,	217.700,	0.490
80.844,	162.854,	0.139063,	0.000316,	217.700,	0.495
81.006,	163.178,	0.165329,	-0.001082,	217.700,	0.535
81.154,	163.474,	0.193980,	-0.000888,	217.700,	0.495
81.302,	163.769,	0.221677,	-0.000132,	217.700,	0.490
81.446,	164.071,	0.250688,	0.000194,	217.700,	0.495
81.598,	164.362,	0.277156,	-0.000397,	217.700,	0.495
81.752,	164.688,	0.306238,	-0.001079,	217.700,	0.535
81.908,	164.983,	0.331436,	0.000806,	217.700,	0.495
82.056,	165.276,	0.352240,	0.000103,	217.700,	0.490
82.202,	165.566,	0.371086,	0.000088,	217.700,	0.495
82.346,	165.871,	0.387497,	-0.000547,	217.700,	0.490
82.506,	166.195,	0.400228,	0.000131,	217.700,	0.540
82.656,	166.493,	0.408648,	0.000049,	217.700,	0.495
82.808,	166.781,	0.414993,	-0.000487,	217.700,	0.490
82.952,	167.083,	0.417777,	-0.000780,	217.700,	0.495
83.104,	167.374,	0.417893,	-0.001202,	217.700,	0.490
83.260,	167.702,	0.417243,	-0.001377,	217.700,	0.540
83.412,	167.988,	0.415256,	-0.000730,	217.700,	0.495
83.562,	168.290,	0.411240,	-0.000054,	217.700,	0.490
83.708,	168.581,	0.407640,	0.000232,	217.700,	0.495
83.854,	168.890,	0.403848,	-0.000261,	217.700,	0.490
84.018,	169.205,	0.399612,	-0.001366,	217.700,	0.540
84.162,	169.505,	0.397453,	-0.000806,	217.700,	0.495
84.314,	169.793,	0.396910,	-0.000907,	217.700,	0.490
84.460,	170.100,	0.398054,	0.000174,	217.700,	0.495
84.608,	170.383,	0.401402,	0.000108,	217.700,	0.490
84.772,	170.707,	0.406558,	-0.001424,	217.700,	0.540
84.914,	171.010,	0.415323,	-0.000825,	217.700,	0.495
85.068,	171.300,	0.425122,	-0.000125,	217.700,	0.490
85.208,	171.598,	0.439549,	-0.000842,	217.700,	0.495
85.356,	171.895,	0.454575,	-0.000625,	217.700,	0.490
85.522,	172.212,	0.474254,	-0.000556,	217.700,	0.540
85.668,	172.517,	0.494013,	-0.000478,	217.700,	0.495
85.816,	172.812,	0.516757,	0.000211,	217.700,	0.490
85.962,	173.107,	0.540571,	0.000054,	217.700,	0.495
86.114,	173.393,	0.566848,	-0.000534,	217.700,	0.490
86.274,	173.726,	0.596387,	-0.000612,	217.700,	0.540
86.420,	174.019,	0.625391,	-0.000073,	217.700,	0.495
86.566,	174.314,	0.653331,	-0.000812,	217.700,	0.490
86.714,	174.612,	0.684111,	-0.000758,	217.700,	0.490
86.866,	174.898,	0.712329,	-0.000954,	217.700,	0.495
87.028,	175.236,	0.743126,	-0.001340,	217.700,	0.540
87.174,	175.529,	0.773727,	0.000058,	217.700,	0.490
87.322,	175.826,	0.804001,	-0.001504,	217.700,	0.495
87.472,	176.110,	0.830066,	0.000060,	217.700,	0.490
87.616,	176.414,	0.855247,	0.000308,	217.700,	0.495
87.776,	176.736,	0.882036,	-0.000618,	217.700,	0.535
87.924,	177.029,	0.905484,	-0.000048,	217.700,	0.495
88.076,	177.317,	0.000793,	-0.000543,	217.700,	0.490
88.220,	177.619,	-0.000563,	-0.000573,	217.700,	0.495
88.372,	177.910,	-0.000101,	-0.000677,	217.700,	0.490
88.532,	178.246,	-0.001295,	-0.000718,	217.700,	0.540
88.680,	178.526,	0.002559,	-0.000164,	217.700,	0.495
88.832,	178.829,	0.001349,	-0.000017,	217.700,	0.490
88.974,	179.131,	0.002344,	-0.000099,	217.700,	0.495
89.120,	179.422,	0.003100,	0.000028,	217.700,	0.490
89.286,	179.750,	0.008377,	-0.000730,	217.700,	0.540
89.432,	180.048,	0.036709,	-0.000623,	217.700,	0.495
