Num, Lmd, sig,    mon,    Ring,  sec
#lmd,   E,  HOYAX,  Y,  Smpl,  Det, AGC X, Y, Smpl, Det
#6.70066,	185.0329,	-5.799,	94.000,	65.000,	30.000,	0.000,	-76.000,	0.000,	29.999

1,	6.70066,	-0.000293,	-0.001999,	217.700,	88.355
2,	6.70066,	-0.000270,	-0.001648,	217.700,	0.555
3,	6.70066,	0.000827,	-0.000343,	217.700,	0.550
4,	6.70066,	-0.000681,	-0.000280,	217.700,	0.550
5,	6.70066,	-0.001075,	-0.001676,	217.700,	0.550
6,	6.70066,	0.000043,	0.000228,	217.700,	0.500
7,	6.70066,	-0.000800,	-0.001478,	217.700,	0.500
8,	6.70066,	-0.000474,	-0.000201,	217.700,	0.495
9,	6.70066,	-0.000082,	-0.001577,	217.700,	0.505
10,	6.70066,	0.001168,	-0.000257,	217.700,	0.550
11,	6.70066,	0.000713,	-0.001239,	217.700,	0.500
12,	6.70066,	-0.000530,	-0.000073,	217.700,	0.500
13,	6.70066,	0.000504,	-0.000345,	217.700,	0.495
14,	6.70066,	-0.000530,	0.000986,	217.700,	0.500
15,	6.70066,	-0.000345,	-0.001678,	217.700,	0.550
16,	6.70066,	-0.000229,	-0.001308,	217.700,	0.505
17,	6.70066,	-0.000132,	-0.000571,	217.700,	0.500
18,	6.70066,	0.000803,	-0.000004,	217.700,	0.500
19,	6.70066,	0.000030,	0.000452,	217.700,	0.500
20,	6.70066,	0.000064,	-0.000935,	217.700,	0.550
21,	6.70066,	0.001040,	-0.000078,	217.700,	0.500
22,	6.70066,	-0.000569,	-0.000384,	217.700,	0.500
23,	6.70066,	0.000806,	-0.001607,	217.700,	0.495
24,	6.70066,	0.000064,	0.000095,	217.700,	0.505
25,	6.70066,	0.000564,	-0.000175,	217.700,	0.550
26,	6.70066,	-0.001302,	0.000646,	217.700,	0.495
27,	6.70066,	-0.000106,	-0.001282,	217.700,	0.505
28,	6.70066,	0.001032,	-0.001450,	217.700,	0.495
29,	6.70066,	0.000064,	-0.000293,	217.700,	0.505
30,	6.70066,	0.000610,	0.000215,	217.700,	0.500
31,	6.70066,	0.000754,	-0.000608,	217.700,	0.550
32,	6.70066,	0.001168,	-0.000241,	217.700,	0.550
33,	6.70066,	0.000730,	-0.000821,	217.700,	0.550
34,	6.70066,	-0.000394,	-0.000250,	217.700,	0.550
35,	6.70066,	-0.000498,	0.000310,	217.700,	0.500
36,	6.70066,	0.000034,	-0.000272,	217.700,	0.500
37,	6.70066,	0.000448,	-0.001607,	217.700,	0.495
38,	6.70066,	-0.000224,	-0.001260,	217.700,	0.505
39,	6.70066,	0.000140,	-0.000004,	217.700,	0.550
40,	6.70066,	0.000127,	-0.000024,	217.700,	0.500
41,	6.70066,	0.000045,	-0.000980,	217.700,	0.495
42,	6.70066,	0.000646,	-0.001437,	217.700,	0.500
43,	6.70066,	-0.000192,	-0.000285,	217.700,	0.505
44,	6.70066,	0.000726,	-0.000907,	217.700,	0.500
45,	6.70066,	0.000172,	-0.001086,	217.700,	0.550
46,	6.70066,	0.000778,	-0.000048,	217.700,	0.500
47,	6.70066,	-0.000050,	-0.001103,	217.700,	0.495
48,	6.70066,	0.000032,	-0.000478,	217.700,	0.505
49,	6.70066,	0.000795,	-0.000677,	217.700,	0.500
50,	6.70066,	0.000004,	-0.000364,	217.700,	0.545
51,	6.70066,	0.000263,	-0.000786,	217.700,	0.555
52,	6.70066,	-0.000317,	0.000620,	217.700,	0.550
53,	6.70066,	0.000388,	-0.000308,	217.700,	0.500
54,	6.70066,	0.000291,	0.000773,	217.700,	0.500
55,	6.70066,	0.000196,	-0.001534,	217.700,	0.500
56,	6.70066,	0.000239,	-0.000890,	217.700,	0.500
57,	6.70066,	-0.000711,	-0.001310,	217.700,	0.550
58,	6.70066,	0.000610,	-0.000549,	217.700,	0.495
59,	6.70066,	0.000640,	-0.001338,	217.700,	0.500
60,	6.70066,	0.000495,	-0.001235,	217.700,	0.505
61,	6.70066,	0.001254,	-0.000517,	217.700,	0.500
62,	6.70066,	0.000797,	-0.000995,	217.700,	0.500
63,	6.70066,	-0.000002,	-0.000457,	217.700,	0.550
64,	6.70066,	0.000312,	-0.000982,	217.700,	0.500
65,	6.70066,	0.000784,	-0.000414,	217.700,	0.500
66,	6.70066,	-0.000366,	-0.000588,	217.700,	0.500
67,	6.70066,	-0.000067,	0.000523,	217.700,	0.500
68,	6.70066,	-0.000328,	-0.000162,	217.700,	0.550
69,	6.70066,	0.000172,	-0.000739,	217.700,	0.500
70,	6.70066,	-0.000560,	-0.000741,	217.700,	0.495
71,	6.70066,	0.000681,	-0.001396,	217.700,	0.505
72,	6.70066,	0.000136,	-0.000321,	217.700,	0.500
73,	6.70066,	-0.000211,	-0.000771,	217.700,	0.545
74,	6.70066,	0.000694,	0.000368,	217.700,	0.505
75,	6.70066,	-0.000394,	-0.001051,	217.700,	0.500
76,	6.70066,	0.000342,	-0.001396,	217.700,	0.495
77,	6.70066,	0.000017,	-0.001135,	217.700,	0.505
78,	6.70066,	0.000551,	0.000515,	217.700,	0.545
79,	6.70066,	0.000541,	-0.000814,	217.700,	0.555
80,	6.70066,	0.000982,	-0.001219,	217.700,	0.550
81,	6.70066,	-0.000058,	-0.000530,	217.700,	0.505
82,	6.70066,	0.000948,	0.000308,	217.700,	0.500
83,	6.70066,	-0.000073,	-0.000444,	217.700,	0.500
84,	6.70066,	-0.000681,	-0.000821,	217.700,	0.505
85,	6.70066,	-0.000160,	-0.000332,	217.700,	0.550
86,	6.70066,	0.000230,	-0.000112,	217.700,	0.550
87,	6.70066,	0.000855,	-0.000239,	217.700,	0.500
88,	6.70066,	-0.000017,	-0.000358,	217.700,	0.500
89,	6.70066,	-0.000005,	-0.000399,	217.700,	0.500
90,	6.70066,	0.000276,	0.000549,	217.700,	0.500
91,	6.70066,	-0.000276,	-0.000123,	217.700,	0.550
92,	6.70066,	0.000403,	0.000176,	217.700,	0.500
93,	6.70066,	0.000601,	-0.000241,	217.700,	0.500
94,	6.70066,	0.000388,	-0.000886,	217.700,	0.500
95,	6.70066,	0.000273,	-0.000929,	217.700,	0.500
96,	6.70066,	-0.000054,	-0.000431,	217.700,	0.500
97,	6.70066,	0.000028,	-0.001112,	217.700,	0.550
98,	6.70066,	-0.000679,	-0.000287,	217.700,	0.500
99,	6.70066,	-0.000058,	0.000136,	217.700,	0.500
100,	6.70066,	0.000293,	0.000047,	217.700,	0.495
