Smpl, Det, sig,    mon,    Ring,  sec
#lmd,   E,  HOYAX,  Y,  Smpl,  Det, AGC X, Y, Smpl, Det, pps
#6.55074,	189.2675,	-31.800,	-5.000,	69.376,	139.937,	0.000,	-76.000,	0.000,	29.999,100

69.370,	139.906,	0.485359,	-0.003335,	217.700,	80.705
69.538,	140.258,	0.719407,	-0.000920,	217.700,	0.575
69.686,	140.554,	0.942986,	0.000125,	217.700,	0.495
69.836,	140.854,	1.169966,	-0.001239,	217.700,	0.490
69.986,	141.139,	1.389602,	-0.000218,	217.700,	0.495
70.130,	141.442,	1.584252,	0.000011,	217.700,	0.495
70.296,	141.758,	1.751473,	-0.000506,	217.700,	0.540
70.444,	142.056,	1.859096,	0.000474,	217.700,	0.495
70.588,	142.356,	1.918580,	-0.000071,	217.700,	0.495
70.738,	142.658,	1.929990,	-0.000058,	217.700,	0.490
70.884,	142.949,	1.894926,	-0.000603,	217.700,	0.495
71.048,	143.275,	1.809397,	-0.001588,	217.700,	0.540
71.196,	143.575,	1.693998,	-0.000229,	217.700,	0.495
71.346,	143.856,	1.556644,	-0.000304,	217.700,	0.495
71.496,	144.158,	1.391975,	-0.000791,	217.700,	0.495
71.644,	144.454,	1.222182,	-0.000532,	217.700,	0.490
71.800,	144.780,	1.029150,	-0.000877,	217.700,	0.540
71.948,	145.078,	0.864864,	-0.000002,	217.700,	0.495
72.096,	145.373,	0.703912,	-0.000881,	217.700,	0.495
72.250,	145.666,	0.562589,	-0.000978,	217.700,	0.490
72.398,	145.961,	0.444757,	-0.000123,	217.700,	0.495
72.554,	146.290,	0.337636,	-0.000575,	217.700,	0.540
72.706,	146.580,	0.263765,	0.000263,	217.700,	0.495
72.852,	146.885,	0.205670,	-0.000985,	217.700,	0.495
73.000,	147.180,	0.162771,	-0.000112,	217.700,	0.490
73.146,	147.475,	0.134174,	-0.000026,	217.700,	0.495
73.312,	147.806,	0.112277,	0.001105,	217.700,	0.540
73.456,	148.094,	0.098544,	0.000194,	217.700,	0.495
73.610,	148.385,	0.089340,	0.000155,	217.700,	0.495
73.756,	148.694,	0.081123,	-0.000491,	217.700,	0.495
73.908,	148.982,	0.074178,	-0.001407,	217.700,	0.495
74.070,	149.309,	0.066282,	-0.000123,	217.700,	0.540
74.216,	149.614,	0.061288,	-0.000048,	217.700,	0.495
74.364,	149.909,	0.054551,	-0.000877,	217.700,	0.495
74.512,	150.204,	0.049703,	-0.000754,	217.700,	0.490
74.662,	150.490,	0.045086,	0.000293,	217.700,	0.495
74.822,	150.826,	0.039042,	-0.001224,	217.700,	0.540
74.968,	151.118,	0.037095,	-0.000058,	217.700,	0.495
75.116,	151.416,	0.036431,	-0.002105,	217.700,	0.495
75.266,	151.714,	0.035834,	-0.000868,	217.700,	0.490
75.418,	152.002,	0.035086,	-0.000821,	217.700,	0.495
75.564,	152.309,	0.035787,	-0.000696,	217.700,	0.495
75.726,	152.633,	0.036407,	-0.000472,	217.700,	0.540
75.872,	152.928,	0.037562,	-0.000201,	217.700,	0.495
76.022,	153.211,	0.037698,	0.000041,	217.700,	0.495
76.166,	153.514,	0.037892,	0.000862,	217.700,	0.490
76.314,	153.811,	0.036319,	-0.000898,	217.700,	0.495
76.476,	154.135,	0.034979,	-0.000799,	217.700,	0.540
76.626,	154.435,	0.033143,	-0.000343,	217.700,	0.495
76.778,	154.723,	0.030517,	-0.000588,	217.700,	0.495
76.924,	155.028,	0.028554,	-0.000465,	217.700,	0.490
77.070,	155.321,	0.025828,	0.000045,	217.700,	0.495
77.234,	155.652,	0.022717,	-0.000347,	217.700,	0.540
77.394,	155.969,	0.020696,	-0.001459,	217.700,	0.540
77.546,	156.259,	0.018130,	-0.000965,	217.700,	0.495
77.692,	156.566,	0.015588,	-0.000334,	217.700,	0.495
77.840,	156.862,	0.015405,	-0.000173,	217.700,	0.495
77.990,	157.147,	0.014472,	-0.000216,	217.700,	0.495
78.150,	157.481,	0.012860,	-0.000789,	217.700,	0.540
78.302,	157.769,	0.013638,	0.000597,	217.700,	0.495
78.448,	158.078,	0.013339,	-0.000140,	217.700,	0.495
78.598,	158.362,	0.014261,	-0.000371,	217.700,	0.495
78.748,	158.662,	0.014793,	-0.000655,	217.700,	0.490
78.908,	158.981,	0.015299,	0.000021,	217.700,	0.540
79.054,	159.290,	0.015332,	-0.000487,	217.700,	0.495
79.202,	159.588,	0.016663,	-0.000487,	217.700,	0.495
79.352,	159.869,	0.016547,	-0.000409,	217.700,	0.490
79.502,	160.169,	0.018346,	-0.000858,	217.700,	0.495
79.664,	160.493,	0.016243,	-0.000662,	217.700,	0.540
79.810,	160.786,	0.016452,	0.000252,	217.700,	0.495
79.958,	161.083,	0.016120,	0.000521,	217.700,	0.495
80.104,	161.390,	0.015375,	-0.000959,	217.700,	0.490
80.258,	161.678,	0.015978,	-0.000067,	217.700,	0.495
80.420,	162.005,	0.014088,	-0.000730,	217.700,	0.540
80.568,	162.300,	0.013750,	-0.000306,	217.700,	0.495
80.708,	162.598,	0.012373,	-0.000082,	217.700,	0.490
80.860,	162.902,	0.011936,	-0.000911,	217.700,	0.495
81.006,	163.195,	0.010663,	-0.001013,	217.700,	0.495
81.170,	163.519,	0.009514,	-0.000552,	217.700,	0.540
81.318,	163.817,	0.010005,	0.000579,	217.700,	0.495
81.468,	164.102,	0.008452,	-0.000819,	217.700,	0.495
81.614,	164.412,	0.009226,	0.000334,	217.700,	0.490
81.760,	164.702,	0.008797,	-0.001792,	217.700,	0.495
81.924,	165.029,	0.007709,	-0.000580,	217.700,	0.540
82.070,	165.322,	0.008497,	0.000407,	217.700,	0.495
82.222,	165.612,	0.008418,	-0.000140,	217.700,	0.495
82.368,	165.914,	0.008685,	0.000704,	217.700,	0.490
82.514,	166.207,	0.007745,	0.000392,	217.700,	0.495
82.662,	166.505,	0.008523,	-0.000278,	217.700,	0.495
82.830,	166.826,	0.008200,	-0.000797,	217.700,	0.535
82.974,	167.129,	0.009032,	-0.000511,	217.700,	0.495
83.120,	167.419,	0.010697,	0.000495,	217.700,	0.495
83.268,	167.717,	0.009374,	-0.000263,	217.700,	0.490
83.418,	168.017,	0.009986,	-0.000170,	217.700,	0.495
83.584,	168.334,	0.009829,	-0.000297,	217.700,	0.540
83.728,	168.636,	0.010947,	-0.000321,	217.700,	0.495
83.876,	168.934,	0.011190,	-0.000211,	217.700,	0.495
84.024,	169.229,	0.011016,	-0.001228,	217.700,	0.490
84.174,	169.514,	0.012037,	0.000355,	217.700,	0.495
84.334,	169.848,	0.011162,	-0.000726,	217.700,	0.540
84.480,	170.141,	0.011889,	0.000308,	217.700,	0.495
84.628,	170.438,	0.011710,	0.000041,	217.700,	0.490
84.778,	170.738,	0.012029,	-0.000155,	217.700,	0.495
84.930,	171.024,	0.011445,	-0.001157,	217.700,	0.490
85.090,	171.346,	0.012018,	-0.000491,	217.700,	0.540
85.238,	171.641,	0.012425,	-0.001034,	217.700,	0.495
85.386,	171.941,	0.012108,	-0.000571,	217.700,	0.490
85.530,	172.241,	0.011602,	0.000508,	217.700,	0.495
85.682,	172.531,	0.012042,	0.000422,	217.700,	0.495
85.844,	172.853,	0.011438,	0.000202,	217.700,	0.535
85.992,	173.150,	0.011861,	0.000060,	217.700,	0.495
86.134,	173.448,	0.011391,	-0.000289,	217.700,	0.490
86.286,	173.738,	0.010859,	-0.000300,	217.700,	0.495
86.432,	174.046,	0.010551,	-0.000366,	217.700,	0.495
86.596,	174.355,	0.009975,	0.000609,	217.700,	0.535
86.744,	174.653,	0.010477,	-0.000582,	217.700,	0.495
86.886,	174.955,	0.009980,	-0.000209,	217.700,	0.490
87.040,	175.243,	0.010447,	0.000015,	217.700,	0.495
87.186,	175.553,	0.010068,	0.000332,	217.700,	0.490
87.350,	175.865,	0.009014,	-0.001278,	217.700,	0.540
87.492,	176.167,	0.009400,	0.000069,	217.700,	0.495
87.644,	176.453,	0.008450,	-0.000349,	217.700,	0.490
87.790,	176.762,	0.009234,	-0.000274,	217.700,	0.495
87.936,	177.055,	0.008883,	0.000273,	217.700,	0.490
88.096,	177.374,	-0.001067,	-0.001112,	217.700,	0.540
88.246,	177.674,	0.000969,	-0.001041,	217.700,	0.495
88.392,	177.965,	0.000435,	0.000329,	217.700,	0.490
88.546,	178.255,	0.000181,	-0.000278,	217.700,	0.495
88.694,	178.553,	0.001357,	-0.000554,	217.700,	0.490
88.852,	178.884,	0.001471,	-0.000722,	217.700,	0.540
88.996,	179.174,	0.002152,	-0.000636,	217.700,	0.495
89.150,	179.465,	0.002090,	-0.000506,	217.700,	0.490
89.298,	179.760,	0.008181,	-0.001342,	217.700,	0.495
89.444,	180.070,	0.037004,	-0.000119,	217.700,	0.490
