Num, Lmd, sig,    mon,    Ring,  sec
#lmd,   E,  HOYAX,  Y,  Smpl,  Det, AGC X, Y, Smpl, Det
#6.65076,	186.4212,	21.801,	94.000,	65.000,	-0.062,	0.000,	-76.000,	0.000,	29.999

1,	6.65076,	47.608490,	-0.002057,	217.700,	15.195
2,	6.65076,	47.605870,	-0.001079,	217.700,	0.550
3,	6.65076,	47.607590,	-0.000765,	217.700,	0.550
4,	6.65076,	47.601760,	-0.000631,	217.700,	0.550
5,	6.65076,	47.598090,	-0.001482,	217.700,	0.555
6,	6.65076,	47.596870,	0.000049,	217.700,	0.500
7,	6.65076,	47.601820,	0.000116,	217.700,	0.495
8,	6.65076,	47.597960,	-0.000086,	217.700,	0.500
9,	6.65076,	47.592710,	-0.001187,	217.700,	0.500
10,	6.65076,	47.597070,	-0.001889,	217.700,	0.555
11,	6.65076,	47.592460,	-0.000246,	217.700,	0.495
12,	6.65076,	47.593220,	0.001482,	217.700,	0.500
13,	6.65076,	47.598990,	0.000133,	217.700,	0.500
14,	6.65076,	47.583780,	0.000491,	217.700,	0.505
15,	6.65076,	47.587910,	-0.000123,	217.700,	0.550
16,	6.65076,	47.593690,	0.000069,	217.700,	0.495
17,	6.65076,	47.583430,	-0.000425,	217.700,	0.505
18,	6.65076,	47.587800,	-0.001439,	217.700,	0.500
19,	6.65076,	47.575950,	-0.000825,	217.700,	0.495
20,	6.65076,	47.584580,	-0.000539,	217.700,	0.550
21,	6.65076,	47.576790,	-0.000638,	217.700,	0.505
22,	6.65076,	47.583730,	-0.001308,	217.700,	0.495
23,	6.65076,	47.582660,	-0.000418,	217.700,	0.500
24,	6.65076,	47.591900,	-0.000453,	217.700,	0.505
25,	6.65076,	47.592390,	-0.001021,	217.700,	0.545
26,	6.65076,	47.569670,	0.000028,	217.700,	0.500
27,	6.65076,	47.581840,	-0.000086,	217.700,	0.505
28,	6.65076,	47.566930,	-0.000153,	217.700,	0.495
29,	6.65076,	47.588160,	-0.001051,	217.700,	0.500
30,	6.65076,	47.586810,	-0.001030,	217.700,	0.550
31,	6.65076,	47.585400,	0.000392,	217.700,	0.550
32,	6.65076,	47.585380,	-0.000412,	217.700,	0.555
33,	6.65076,	47.576400,	-0.000297,	217.700,	0.500
34,	6.65076,	47.575390,	-0.000358,	217.700,	0.500
35,	6.65076,	47.577310,	-0.000610,	217.700,	0.495
36,	6.65076,	47.567530,	-0.000216,	217.700,	0.500
37,	6.65076,	47.585470,	-0.001179,	217.700,	0.550
38,	6.65076,	47.575660,	-0.001230,	217.700,	0.500
39,	6.65076,	47.571690,	0.000373,	217.700,	0.500
40,	6.65076,	47.577280,	-0.000289,	217.700,	0.505
41,	6.65076,	47.572470,	-0.001017,	217.700,	0.500
42,	6.65076,	47.578080,	-0.001217,	217.700,	0.495
43,	6.65076,	47.573540,	-0.000373,	217.700,	0.555
44,	6.65076,	47.570730,	0.000019,	217.700,	0.545
45,	6.65076,	47.556060,	-0.001560,	217.700,	0.550
46,	6.65076,	47.562240,	-0.000032,	217.700,	0.555
47,	6.65076,	47.560550,	-0.000345,	217.700,	0.550
48,	6.65076,	47.560070,	-0.000067,	217.700,	0.550
49,	6.65076,	47.572150,	-0.001079,	217.700,	0.495
50,	6.65076,	47.560800,	-0.000394,	217.700,	0.505
51,	6.65076,	47.567440,	0.000614,	217.700,	0.495
52,	6.65076,	47.558680,	0.000041,	217.700,	0.500
53,	6.65076,	47.563320,	-0.001241,	217.700,	0.550
54,	6.65076,	47.551080,	-0.000698,	217.700,	0.505
55,	6.65076,	47.561880,	-0.000685,	217.700,	0.500
56,	6.65076,	47.562170,	-0.001648,	217.700,	0.495
57,	6.65076,	47.556280,	-0.000920,	217.700,	0.500
58,	6.65076,	47.555140,	0.000213,	217.700,	0.505
59,	6.65076,	47.556350,	-0.000776,	217.700,	0.545
60,	6.65076,	47.547760,	-0.000987,	217.700,	0.550
61,	6.65076,	47.554850,	-0.001487,	217.700,	0.555
62,	6.65076,	47.561500,	-0.001054,	217.700,	0.545
63,	6.65076,	47.554700,	0.000069,	217.700,	0.550
64,	6.65076,	47.546270,	0.000728,	217.700,	0.500
65,	6.65076,	47.552360,	-0.000241,	217.700,	0.500
66,	6.65076,	47.554430,	-0.001310,	217.700,	0.500
67,	6.65076,	47.551440,	-0.000769,	217.700,	0.515
68,	6.65076,	47.547130,	-0.000071,	217.700,	0.550
69,	6.65076,	47.555200,	-0.001347,	217.700,	0.550
70,	6.65076,	47.553180,	-0.000071,	217.700,	0.545
71,	6.65076,	47.547010,	-0.000179,	217.700,	0.505
72,	6.65076,	47.544360,	-0.001017,	217.700,	0.495
73,	6.65076,	47.551200,	0.000202,	217.700,	0.500
74,	6.65076,	47.547380,	-0.001409,	217.700,	0.500
75,	6.65076,	47.552880,	-0.000035,	217.700,	0.550
76,	6.65076,	47.547830,	0.000599,	217.700,	0.505
77,	6.65076,	47.546210,	-0.000944,	217.700,	0.495
78,	6.65076,	47.546390,	-0.000461,	217.700,	0.500
79,	6.65076,	47.551800,	-0.000605,	217.700,	0.500
80,	6.65076,	47.547860,	-0.001640,	217.700,	0.550
81,	6.65076,	47.538760,	0.000015,	217.700,	0.505
82,	6.65076,	47.552280,	-0.000295,	217.700,	0.500
83,	6.65076,	47.502750,	-0.000526,	217.700,	0.500
84,	6.65076,	47.522900,	0.000164,	217.700,	0.495
85,	6.65076,	47.553990,	-0.000879,	217.700,	0.505
86,	6.65076,	47.570030,	-0.000045,	217.700,	0.545
87,	6.65076,	47.560050,	-0.000687,	217.700,	0.555
88,	6.65076,	47.567050,	-0.000082,	217.700,	0.550
89,	6.65076,	47.562860,	-0.000371,	217.700,	0.550
90,	6.65076,	47.575670,	0.000601,	217.700,	0.495
91,	6.65076,	47.534360,	0.000086,	217.700,	0.500
92,	6.65076,	47.537990,	-0.000349,	217.700,	0.500
93,	6.65076,	47.535590,	-0.000177,	217.700,	0.500
94,	6.65076,	47.535780,	0.000267,	217.700,	0.555
95,	6.65076,	47.556740,	0.000480,	217.700,	0.500
96,	6.65076,	47.552870,	0.000506,	217.700,	0.495
97,	6.65076,	47.566530,	-0.000076,	217.700,	0.505
98,	6.65076,	47.553640,	0.000230,	217.700,	0.495
99,	6.65076,	47.535300,	-0.000709,	217.700,	0.550
100,	6.65076,	47.529780,	-0.000967,	217.700,	0.555
