Smpl, Det, sig,    mon,    Ring,  sec
#lmd,   E,  HOYAX,  Y,  Smpl,  Det, AGC X, Y, Smpl, Det, pps
#6.50061,	190.7271,	-31.800,	-5.000,	69.376,	139.937,	0.000,	-76.000,	0.000,	29.999,100

69.370,	139.906,	1.683858,	-0.002378,	217.700,	80.786
69.538,	140.258,	1.646005,	-0.000605,	217.700,	0.580
69.692,	140.551,	1.572685,	-0.000720,	217.700,	0.495
69.834,	140.849,	1.468382,	-0.000420,	217.700,	0.490
69.984,	141.151,	1.337476,	-0.001530,	217.700,	0.495
70.136,	141.439,	1.188781,	-0.000052,	217.700,	0.495
70.294,	141.770,	1.017339,	-0.001810,	217.700,	0.540
70.444,	142.068,	0.862316,	0.000493,	217.700,	0.495
70.592,	142.351,	0.712791,	-0.000222,	217.700,	0.495
70.736,	142.654,	0.577882,	0.000168,	217.700,	0.490
70.888,	142.958,	0.459005,	-0.000192,	217.700,	0.495
71.054,	143.270,	0.352552,	-0.001204,	217.700,	0.540
71.194,	143.570,	0.278030,	-0.000448,	217.700,	0.495
71.344,	143.868,	0.221480,	-0.000830,	217.700,	0.495
71.494,	144.170,	0.179721,	-0.000894,	217.700,	0.490
71.642,	144.466,	0.147838,	-0.000198,	217.700,	0.495
71.806,	144.780,	0.124705,	0.000336,	217.700,	0.540
71.956,	145.078,	0.110254,	-0.000330,	217.700,	0.495
72.102,	145.370,	0.099180,	-0.000799,	217.700,	0.495
72.248,	145.678,	0.090254,	-0.001023,	217.700,	0.490
72.396,	145.975,	0.081659,	-0.000427,	217.700,	0.495
72.562,	146.287,	0.072931,	-0.001241,	217.700,	0.540
72.706,	146.594,	0.066314,	-0.000082,	217.700,	0.495
72.852,	146.885,	0.060252,	-0.000521,	217.700,	0.495
73.006,	147.180,	0.054574,	-0.000446,	217.700,	0.490
73.154,	147.475,	0.049507,	-0.001064,	217.700,	0.495
73.312,	147.806,	0.047331,	-0.001138,	217.700,	0.540
73.464,	148.094,	0.046262,	-0.001252,	217.700,	0.495
73.610,	148.387,	0.044651,	-0.000319,	217.700,	0.495
73.756,	148.694,	0.044099,	0.000019,	217.700,	0.490
73.908,	148.982,	0.043959,	0.000577,	217.700,	0.495
74.072,	149.311,	0.043257,	-0.000063,	217.700,	0.540
74.216,	149.616,	0.043241,	0.000095,	217.700,	0.495
74.364,	149.909,	0.041824,	-0.001560,	217.700,	0.495
74.512,	150.204,	0.039646,	-0.000461,	217.700,	0.495
74.662,	150.490,	0.037241,	0.000345,	217.700,	0.490
74.822,	150.826,	0.033624,	-0.000767,	217.700,	0.545
74.968,	151.118,	0.031684,	-0.000500,	217.700,	0.495
75.118,	151.418,	0.028543,	0.000194,	217.700,	0.495
75.268,	151.718,	0.024835,	-0.001185,	217.700,	0.495
75.420,	152.006,	0.023129,	-0.000806,	217.700,	0.490
75.580,	152.328,	0.021166,	-0.000720,	217.700,	0.540
75.728,	152.621,	0.019850,	-0.000586,	217.700,	0.495
75.876,	152.916,	0.019613,	0.000084,	217.700,	0.495
76.024,	153.214,	0.018413,	-0.000935,	217.700,	0.495
76.168,	153.518,	0.017732,	-0.000909,	217.700,	0.490
76.332,	153.845,	0.018117,	-0.000722,	217.700,	0.540
76.478,	154.140,	0.018154,	-0.000709,	217.700,	0.495
76.630,	154.440,	0.018115,	-0.000093,	217.700,	0.495
76.780,	154.726,	0.019386,	-0.000319,	217.700,	0.495
76.926,	155.033,	0.019154,	0.000366,	217.700,	0.490
77.088,	155.357,	0.017755,	0.000426,	217.700,	0.540
77.236,	155.638,	0.018882,	0.000373,	217.700,	0.495
77.388,	155.940,	0.018628,	-0.000384,	217.700,	0.495
77.532,	156.230,	0.017596,	-0.001527,	217.700,	0.495
77.678,	156.540,	0.016103,	-0.001450,	217.700,	0.490
77.842,	156.866,	0.016105,	-0.001853,	217.700,	0.545
77.992,	157.152,	0.015530,	-0.001133,	217.700,	0.495
78.136,	157.452,	0.014099,	-0.000481,	217.700,	0.495
78.288,	157.757,	0.013834,	-0.000967,	217.700,	0.495
78.434,	158.052,	0.012225,	0.000515,	217.700,	0.490
78.600,	158.366,	0.011647,	-0.001398,	217.700,	0.540
78.742,	158.666,	0.011430,	-0.001101,	217.700,	0.495
78.894,	158.971,	0.011150,	-0.001187,	217.700,	0.495
79.040,	159.262,	0.010525,	0.000133,	217.700,	0.495
79.188,	159.559,	0.011165,	-0.001437,	217.700,	0.490
79.354,	159.874,	0.009792,	-0.001549,	217.700,	0.540
79.496,	160.176,	0.010150,	-0.000039,	217.700,	0.495
79.650,	160.464,	0.011208,	-0.000952,	217.700,	0.495
79.796,	160.776,	0.011057,	-0.000185,	217.700,	0.490
79.946,	161.074,	0.011863,	-0.000888,	217.700,	0.495
80.108,	161.381,	0.012373,	-0.001577,	217.700,	0.540
80.254,	161.688,	0.012324,	0.000577,	217.700,	0.495
80.400,	161.981,	0.013373,	-0.000011,	217.700,	0.495
80.554,	162.276,	0.012580,	0.000534,	217.700,	0.490
80.696,	162.574,	0.014086,	0.000478,	217.700,	0.495
80.862,	162.890,	0.012026,	-0.001691,	217.700,	0.540
81.010,	163.200,	0.011852,	0.000674,	217.700,	0.495
81.156,	163.493,	0.012218,	-0.000377,	217.700,	0.495
81.304,	163.788,	0.011324,	-0.000315,	217.700,	0.490
81.454,	164.074,	0.011505,	-0.000504,	217.700,	0.495
81.600,	164.381,	0.011158,	-0.000287,	217.700,	0.490
81.760,	164.702,	0.010816,	-0.000849,	217.700,	0.540
81.908,	164.998,	0.010305,	0.000560,	217.700,	0.495
82.056,	165.293,	0.010271,	-0.000571,	217.700,	0.490
82.210,	165.583,	0.009943,	-0.000640,	217.700,	0.495
82.352,	165.886,	0.009223,	-0.001086,	217.700,	0.495
82.514,	166.210,	0.008028,	-0.000459,	217.700,	0.540
82.664,	166.507,	0.008456,	0.000200,	217.700,	0.495
82.816,	166.798,	0.007786,	-0.001032,	217.700,	0.495
82.960,	167.102,	0.008795,	-0.000543,	217.700,	0.495
83.114,	167.393,	0.008015,	-0.000687,	217.700,	0.490
83.270,	167.722,	0.007614,	-0.001297,	217.700,	0.540
83.420,	168.022,	0.007054,	-0.000853,	217.700,	0.495
83.570,	168.307,	0.008092,	-0.000201,	217.700,	0.495
83.716,	168.612,	0.007099,	-0.000573,	217.700,	0.490
83.862,	168.907,	0.007414,	-0.000119,	217.700,	0.495
84.014,	169.193,	0.007452,	-0.000045,	217.700,	0.495
84.178,	169.522,	0.005933,	-0.002930,	217.700,	0.540
84.322,	169.826,	0.007112,	-0.001273,	217.700,	0.495
84.470,	170.119,	0.007545,	0.000784,	217.700,	0.490
84.618,	170.417,	0.007952,	-0.000080,	217.700,	0.495
84.766,	170.714,	0.006877,	0.000321,	217.700,	0.495
84.916,	171.000,	0.008551,	-0.002139,	217.700,	0.490
85.078,	171.322,	0.007437,	-0.000821,	217.700,	0.540
85.226,	171.619,	0.008159,	-0.000379,	217.700,	0.495
85.376,	171.917,	0.008217,	-0.001000,	217.700,	0.495
85.518,	172.219,	0.007306,	-0.000300,	217.700,	0.490
85.672,	172.507,	0.008571,	0.000052,	217.700,	0.495
85.832,	172.831,	0.007123,	-0.001110,	217.700,	0.540
85.980,	173.126,	0.007523,	0.000603,	217.700,	0.495
86.124,	173.426,	0.007918,	-0.000261,	217.700,	0.490
86.274,	173.729,	0.008015,	0.000444,	217.700,	0.495
86.422,	174.024,	0.007319,	-0.000433,	217.700,	0.495
86.584,	174.348,	0.007448,	0.000485,	217.700,	0.540
86.732,	174.646,	0.007284,	0.000394,	217.700,	0.495
86.884,	174.931,	0.008665,	-0.000440,	217.700,	0.495
87.028,	175.236,	0.008762,	0.000355,	217.700,	0.490
87.174,	175.531,	0.008301,	-0.000401,	217.700,	0.495
87.322,	175.826,	0.008650,	-0.000487,	217.700,	0.490
87.488,	176.141,	0.007146,	-0.000911,	217.700,	0.540
87.632,	176.443,	0.007771,	-0.001629,	217.700,	0.495
87.784,	176.736,	0.008247,	-0.000651,	217.700,	0.490
87.932,	177.029,	0.007989,	0.000657,	217.700,	0.495
88.076,	177.334,	0.000672,	0.000267,	217.700,	0.495
88.242,	177.665,	-0.001045,	-0.000849,	217.700,	0.540
88.388,	177.955,	-0.000145,	-0.000319,	217.700,	0.495
88.540,	178.248,	0.000980,	-0.000795,	217.700,	0.490
88.682,	178.546,	0.001948,	0.000056,	217.700,	0.495
88.832,	178.843,	0.001168,	-0.000575,	217.700,	0.495
88.992,	179.165,	0.001508,	0.001004,	217.700,	0.540
89.146,	179.455,	0.002523,	-0.000450,	217.700,	0.495
89.294,	179.750,	0.007233,	-0.000015,	217.700,	0.490
89.440,	180.048,	0.032770,	-0.000463,	217.700,	0.495
