Num, Lmd, sig,    mon,    Ring,  sec
#lmd,   E,  HOYAX,  Y,  Smpl,  Det, AGC X, Y, Smpl, Det
#6.55074,	189.2675,	21.801,	94.000,	65.000,	30.000,	0.000,	-76.000,	0.000,	29.999

1,	6.55074,	0.000276,	-0.001411,	217.700,	88.095
2,	6.55074,	0.000700,	0.000472,	217.700,	0.550
3,	6.55074,	0.000821,	-0.000353,	217.700,	0.505
4,	6.55074,	0.001101,	-0.000864,	217.700,	0.495
5,	6.55074,	-0.000741,	-0.000073,	217.700,	0.505
6,	6.55074,	0.000459,	-0.001118,	217.700,	0.500
7,	6.55074,	-0.000175,	-0.000517,	217.700,	0.545
8,	6.55074,	0.000125,	-0.000289,	217.700,	0.505
9,	6.55074,	0.000696,	-0.000646,	217.700,	0.500
10,	6.55074,	0.000982,	-0.000810,	217.700,	0.500
11,	6.55074,	0.000125,	-0.001327,	217.700,	0.495
12,	6.55074,	0.000355,	-0.000136,	217.700,	0.555
13,	6.55074,	-0.000058,	-0.001088,	217.700,	0.550
14,	6.55074,	0.001103,	-0.000325,	217.700,	0.550
15,	6.55074,	0.000607,	-0.000291,	217.700,	0.550
16,	6.55074,	-0.000041,	-0.001590,	217.700,	0.495
17,	6.55074,	0.000685,	-0.000241,	217.700,	0.500
18,	6.55074,	0.000308,	-0.000593,	217.700,	0.505
19,	6.55074,	0.000301,	-0.000903,	217.700,	0.495
20,	6.55074,	-0.000207,	-0.001097,	217.700,	0.550
21,	6.55074,	0.000082,	-0.001739,	217.700,	0.505
22,	6.55074,	-0.000080,	-0.000662,	217.700,	0.500
23,	6.55074,	0.000271,	-0.001519,	217.700,	0.500
24,	6.55074,	-0.000800,	-0.000349,	217.700,	0.495
25,	6.55074,	-0.000218,	-0.001047,	217.700,	0.500
26,	6.55074,	-0.000168,	-0.000504,	217.700,	0.555
27,	6.55074,	0.000002,	-0.000521,	217.700,	0.500
28,	6.55074,	-0.000138,	-0.000465,	217.700,	0.500
29,	6.55074,	0.000586,	-0.000394,	217.700,	0.500
30,	6.55074,	-0.000039,	-0.000914,	217.700,	0.500
31,	6.55074,	-0.000110,	-0.000201,	217.700,	0.500
32,	6.55074,	0.000411,	-0.000929,	217.700,	0.545
33,	6.55074,	0.000327,	-0.000642,	217.700,	0.555
34,	6.55074,	0.000099,	-0.001088,	217.700,	0.550
35,	6.55074,	0.000566,	-0.001415,	217.700,	0.500
36,	6.55074,	0.000196,	-0.000067,	217.700,	0.500
37,	6.55074,	-0.000640,	-0.000541,	217.700,	0.495
38,	6.55074,	0.000532,	-0.001269,	217.700,	0.505
39,	6.55074,	0.000110,	-0.001956,	217.700,	0.550
40,	6.55074,	0.001586,	-0.001026,	217.700,	0.500
41,	6.55074,	-0.000013,	-0.000500,	217.700,	0.500
42,	6.55074,	0.000913,	-0.000730,	217.700,	0.500
43,	6.55074,	0.001394,	0.000747,	217.700,	0.500
44,	6.55074,	0.000189,	-0.001021,	217.700,	0.495
45,	6.55074,	-0.000463,	-0.001260,	217.700,	0.555
46,	6.55074,	0.000013,	0.000170,	217.700,	0.495
47,	6.55074,	0.000267,	-0.000838,	217.700,	0.500
48,	6.55074,	0.000176,	-0.001331,	217.700,	0.500
49,	6.55074,	0.000243,	-0.000338,	217.700,	0.505
50,	6.55074,	0.000172,	-0.000063,	217.700,	0.500
51,	6.55074,	0.000312,	-0.000791,	217.700,	0.550
52,	6.55074,	0.000577,	-0.000287,	217.700,	0.550
53,	6.55074,	-0.000976,	-0.000603,	217.700,	0.550
54,	6.55074,	0.000323,	-0.000582,	217.700,	0.500
55,	6.55074,	0.000258,	-0.000280,	217.700,	0.500
56,	6.55074,	-0.000022,	-0.001026,	217.700,	0.495
57,	6.55074,	0.000312,	-0.000603,	217.700,	0.500
58,	6.55074,	-0.000209,	-0.000549,	217.700,	0.555
59,	6.55074,	0.000594,	-0.000239,	217.700,	0.495
60,	6.55074,	-0.000186,	-0.001838,	217.700,	0.500
61,	6.55074,	-0.000410,	-0.001002,	217.700,	0.505
62,	6.55074,	0.000194,	-0.001245,	217.700,	0.500
63,	6.55074,	0.000429,	-0.002402,	217.700,	0.550
64,	6.55074,	0.000510,	0.001249,	217.700,	0.495
65,	6.55074,	-0.000112,	-0.000386,	217.700,	0.500
66,	6.55074,	0.001019,	-0.000575,	217.700,	0.500
67,	6.55074,	0.000041,	-0.000758,	217.700,	0.500
68,	6.55074,	0.000426,	-0.000213,	217.700,	0.500
69,	6.55074,	0.000441,	-0.000840,	217.700,	0.555
70,	6.55074,	-0.000300,	-0.000537,	217.700,	0.550
71,	6.55074,	-0.000500,	-0.001487,	217.700,	0.545
72,	6.55074,	-0.000198,	-0.000459,	217.700,	0.500
73,	6.55074,	0.000532,	-0.000315,	217.700,	0.500
74,	6.55074,	0.000200,	-0.000310,	217.700,	0.500
75,	6.55074,	0.000997,	-0.000961,	217.700,	0.505
76,	6.55074,	0.000463,	-0.001183,	217.700,	0.550
77,	6.55074,	0.000504,	-0.000231,	217.700,	0.495
78,	6.55074,	0.000323,	-0.000157,	217.700,	0.505
79,	6.55074,	0.000530,	-0.001273,	217.700,	0.500
80,	6.55074,	0.000767,	-0.000954,	217.700,	0.500
81,	6.55074,	0.000941,	-0.000534,	217.700,	0.500
82,	6.55074,	-0.000020,	-0.001170,	217.700,	0.550
83,	6.55074,	0.000452,	-0.001521,	217.700,	0.545
84,	6.55074,	0.000603,	-0.000328,	217.700,	0.555
85,	6.55074,	-0.000160,	-0.001545,	217.700,	0.550
86,	6.55074,	0.000620,	-0.001095,	217.700,	0.550
87,	6.55074,	0.000903,	-0.001217,	217.700,	0.500
88,	6.55074,	0.000840,	-0.001051,	217.700,	0.500
89,	6.55074,	0.000771,	-0.000448,	217.700,	0.500
90,	6.55074,	-0.000033,	0.000734,	217.700,	0.500
91,	6.55074,	-0.000315,	0.000222,	217.700,	0.545
92,	6.55074,	0.000625,	-0.001523,	217.700,	0.500
93,	6.55074,	0.001730,	0.000269,	217.700,	0.500
94,	6.55074,	-0.000252,	0.000148,	217.700,	0.505
95,	6.55074,	0.000915,	-0.000685,	217.700,	0.500
96,	6.55074,	0.000133,	0.000204,	217.700,	0.500
97,	6.55074,	0.000935,	-0.001241,	217.700,	0.550
98,	6.55074,	-0.000108,	-0.000931,	217.700,	0.550
99,	6.55074,	0.000360,	-0.000017,	217.700,	0.550
100,	6.55074,	0.000026,	-0.000478,	217.700,	0.550
