Num, Lmd, sig,    mon,    Ring,  sec
#lmd,   E,  HOYAX,  Y,  Smpl,  Det, AGC X, Y, Smpl, Det
#6.70066,	185.0329,	-31.800,	94.000,	65.000,	-0.062,	0.000,	-76.000,	0.000,	29.999

1,	6.70066,	46.541700,	-0.002484,	217.700,	15.115
2,	6.70066,	46.532320,	-0.000612,	217.700,	0.550
3,	6.70066,	46.545230,	-0.000500,	217.700,	0.500
4,	6.70066,	46.548110,	-0.000649,	217.700,	0.500
5,	6.70066,	46.534240,	-0.000791,	217.700,	0.505
6,	6.70066,	46.539120,	-0.000590,	217.700,	0.495
7,	6.70066,	46.537600,	-0.001235,	217.700,	0.555
8,	6.70066,	46.533200,	-0.000838,	217.700,	0.500
9,	6.70066,	46.538820,	-0.000285,	217.700,	0.500
10,	6.70066,	46.539820,	-0.001357,	217.700,	0.495
11,	6.70066,	46.539670,	-0.001064,	217.700,	0.500
12,	6.70066,	46.526510,	-0.000213,	217.700,	0.550
13,	6.70066,	46.546380,	-0.000177,	217.700,	0.505
14,	6.70066,	46.551010,	-0.000246,	217.700,	0.495
15,	6.70066,	46.528140,	-0.000946,	217.700,	0.505
16,	6.70066,	46.542490,	-0.000978,	217.700,	0.500
17,	6.70066,	46.547570,	0.000041,	217.700,	0.545
18,	6.70066,	46.550550,	-0.000032,	217.700,	0.550
19,	6.70066,	46.533340,	-0.000418,	217.700,	0.555
20,	6.70066,	46.535720,	-0.000954,	217.700,	0.495
21,	6.70066,	46.549910,	-0.001547,	217.700,	0.500
22,	6.70066,	46.530590,	-0.000196,	217.700,	0.505
23,	6.70066,	46.544500,	0.000187,	217.700,	0.495
24,	6.70066,	46.544430,	-0.001319,	217.700,	0.550
25,	6.70066,	46.530500,	-0.000735,	217.700,	0.505
26,	6.70066,	46.543820,	0.000487,	217.700,	0.500
27,	6.70066,	46.543100,	-0.000987,	217.700,	0.500
28,	6.70066,	46.532060,	-0.000306,	217.700,	0.495
29,	6.70066,	46.538320,	-0.000989,	217.700,	0.500
30,	6.70066,	46.532960,	-0.000746,	217.700,	0.550
31,	6.70066,	46.538270,	0.000650,	217.700,	0.505
32,	6.70066,	46.544550,	0.000467,	217.700,	0.495
33,	6.70066,	46.527960,	-0.000590,	217.700,	0.505
34,	6.70066,	46.541050,	-0.001049,	217.700,	0.495
35,	6.70066,	46.546570,	-0.000573,	217.700,	0.550
36,	6.70066,	46.535650,	-0.001191,	217.700,	0.505
37,	6.70066,	46.536240,	-0.000761,	217.700,	0.500
38,	6.70066,	46.537890,	-0.000526,	217.700,	0.495
39,	6.70066,	46.533700,	-0.001586,	217.700,	0.505
40,	6.70066,	46.532840,	0.001014,	217.700,	0.545
41,	6.70066,	46.532230,	-0.000935,	217.700,	0.550
42,	6.70066,	46.538180,	0.000635,	217.700,	0.500
43,	6.70066,	46.526590,	-0.000297,	217.700,	0.505
44,	6.70066,	46.536240,	-0.000556,	217.700,	0.495
45,	6.70066,	46.533880,	-0.000562,	217.700,	0.505
46,	6.70066,	46.531470,	0.000002,	217.700,	0.500
47,	6.70066,	46.529270,	-0.001435,	217.700,	0.550
48,	6.70066,	46.537300,	0.000030,	217.700,	0.500
49,	6.70066,	46.528440,	-0.000455,	217.700,	0.495
50,	6.70066,	46.533070,	-0.000069,	217.700,	0.505
51,	6.70066,	46.543880,	0.000301,	217.700,	0.495
52,	6.70066,	46.535110,	-0.000162,	217.700,	0.505
53,	6.70066,	46.530290,	-0.000580,	217.700,	0.545
54,	6.70066,	46.527660,	-0.000898,	217.700,	0.550
55,	6.70066,	46.537020,	-0.001204,	217.700,	0.550
56,	6.70066,	46.526420,	0.000594,	217.700,	0.550
57,	6.70066,	46.534460,	-0.000657,	217.700,	0.500
58,	6.70066,	46.538600,	-0.000567,	217.700,	0.505
59,	6.70066,	46.536900,	-0.000778,	217.700,	0.495
60,	6.70066,	46.536120,	-0.000728,	217.700,	0.500
61,	6.70066,	46.531270,	-0.000015,	217.700,	0.555
62,	6.70066,	46.539820,	-0.000045,	217.700,	0.495
63,	6.70066,	46.534010,	-0.000196,	217.700,	0.505
64,	6.70066,	46.535090,	0.000060,	217.700,	0.495
65,	6.70066,	46.535110,	-0.000845,	217.700,	0.500
66,	6.70066,	46.540340,	-0.000577,	217.700,	0.505
67,	6.70066,	46.534340,	0.000844,	217.700,	0.545
68,	6.70066,	46.526060,	-0.000371,	217.700,	0.500
69,	6.70066,	46.529910,	-0.000435,	217.700,	0.500
70,	6.70066,	46.533660,	-0.001275,	217.700,	0.500
71,	6.70066,	46.519400,	-0.000537,	217.700,	0.500
72,	6.70066,	46.545000,	-0.000655,	217.700,	0.505
73,	6.70066,	46.536050,	-0.000780,	217.700,	0.545
74,	6.70066,	46.533230,	-0.000888,	217.700,	0.550
75,	6.70066,	46.535700,	-0.000806,	217.700,	0.550
76,	6.70066,	46.526800,	-0.000371,	217.700,	0.505
77,	6.70066,	46.536510,	0.000235,	217.700,	0.500
78,	6.70066,	46.537470,	-0.001594,	217.700,	0.495
79,	6.70066,	46.520680,	-0.000099,	217.700,	0.505
80,	6.70066,	46.529800,	-0.001314,	217.700,	0.545
81,	6.70066,	46.537400,	-0.000618,	217.700,	0.505
82,	6.70066,	46.530140,	-0.000328,	217.700,	0.495
83,	6.70066,	46.532040,	-0.001278,	217.700,	0.500
84,	6.70066,	46.530080,	-0.000373,	217.700,	0.500
85,	6.70066,	46.528790,	-0.001273,	217.700,	0.505
86,	6.70066,	46.536580,	-0.000623,	217.700,	0.545
87,	6.70066,	46.541810,	-0.000246,	217.700,	0.555
88,	6.70066,	46.528300,	-0.000291,	217.700,	0.545
89,	6.70066,	46.526740,	-0.000291,	217.700,	0.555
90,	6.70066,	46.522870,	-0.001469,	217.700,	0.545
91,	6.70066,	46.533150,	-0.000631,	217.700,	0.500
92,	6.70066,	46.537750,	-0.000672,	217.700,	0.500
93,	6.70066,	46.538730,	-0.000513,	217.700,	0.500
94,	6.70066,	46.535500,	-0.000836,	217.700,	0.505
95,	6.70066,	46.531600,	-0.001743,	217.700,	0.545
96,	6.70066,	46.508980,	-0.000409,	217.700,	0.500
97,	6.70066,	46.498730,	-0.000205,	217.700,	0.500
98,	6.70066,	46.501220,	-0.001663,	217.700,	0.500
99,	6.70066,	46.500230,	-0.001577,	217.700,	0.500
100,	6.70066,	46.504240,	-0.000690,	217.700,	0.505
