Smpl, Det, sig,    mon,    Ring,  sec
#lmd,   E,  HOYAX,  Y,  Smpl,  Det, AGC X, Y, Smpl, Det, pps
#6.60064,	187.8367,	21.801,	-5.000,	69.376,	139.937,	0.000,	-76.000,	0.000,	29.999,100

69.364,	139.910,	0.021449,	-0.002650,	217.700,	80.671
69.542,	140.249,	0.022860,	-0.000799,	217.700,	0.570
69.688,	140.542,	0.022431,	-0.000119,	217.700,	0.495
69.838,	140.842,	0.020781,	-0.000422,	217.700,	0.495
69.982,	141.144,	0.017861,	-0.000896,	217.700,	0.495
70.132,	141.446,	0.014392,	-0.000653,	217.700,	0.495
70.298,	141.761,	0.010676,	-0.001413,	217.700,	0.545
70.446,	142.058,	0.010462,	-0.000106,	217.700,	0.495
70.588,	142.361,	0.009883,	-0.000763,	217.700,	0.495
70.740,	142.661,	0.010846,	0.000457,	217.700,	0.495
70.894,	142.951,	0.012040,	-0.000017,	217.700,	0.495
71.056,	143.280,	0.018633,	-0.000774,	217.700,	0.545
71.198,	143.578,	0.027757,	-0.001291,	217.700,	0.495
71.348,	143.878,	0.029748,	-0.000743,	217.700,	0.495
71.498,	144.180,	0.032021,	-0.000698,	217.700,	0.495
71.646,	144.475,	0.034906,	0.000338,	217.700,	0.495
71.810,	144.804,	0.035552,	-0.001021,	217.700,	0.545
71.960,	145.087,	0.034477,	0.000095,	217.700,	0.495
72.106,	145.392,	0.031995,	-0.001120,	217.700,	0.495
72.260,	145.685,	0.028061,	-0.000754,	217.700,	0.495
72.406,	145.980,	0.022360,	-0.000304,	217.700,	0.495
72.562,	146.306,	0.019285,	-0.001258,	217.700,	0.540
72.716,	146.611,	0.017185,	-0.000004,	217.700,	0.495
72.860,	146.902,	0.015745,	-0.000435,	217.700,	0.495
73.014,	147.197,	0.017829,	0.000064,	217.700,	0.495
73.162,	147.492,	0.021882,	-0.000836,	217.700,	0.495
73.320,	147.823,	0.029104,	-0.000862,	217.700,	0.540
73.472,	148.111,	0.037933,	-0.000998,	217.700,	0.495
73.618,	148.416,	0.047088,	-0.001041,	217.700,	0.495
73.764,	148.711,	0.056374,	-0.001049,	217.700,	0.495
73.916,	149.014,	0.065145,	-0.000623,	217.700,	0.495
74.064,	149.309,	0.071583,	-0.000646,	217.700,	0.495
74.224,	149.628,	0.074022,	-0.001140,	217.700,	0.540
74.378,	149.923,	0.074026,	-0.001219,	217.700,	0.495
74.526,	150.218,	0.071260,	0.000693,	217.700,	0.495
74.670,	150.521,	0.065701,	-0.000358,	217.700,	0.495
74.822,	150.811,	0.057214,	0.000189,	217.700,	0.495
74.984,	151.135,	0.048715,	-0.000489,	217.700,	0.540
75.134,	151.433,	0.040114,	-0.000700,	217.700,	0.495
75.282,	151.730,	0.032208,	0.000747,	217.700,	0.495
75.426,	152.033,	0.027613,	-0.000575,	217.700,	0.495
75.580,	152.323,	0.026068,	-0.000465,	217.700,	0.495
75.742,	152.650,	0.027374,	-0.000845,	217.700,	0.540
75.904,	152.976,	0.035578,	-0.000252,	217.700,	0.540
76.052,	153.271,	0.047342,	-0.000353,	217.700,	0.495
76.198,	153.578,	0.061780,	0.000108,	217.700,	0.500
76.344,	153.869,	0.081899,	0.000166,	217.700,	0.495
76.498,	154.164,	0.103342,	-0.000532,	217.700,	0.495
76.656,	154.495,	0.126654,	-0.000980,	217.700,	0.540
76.808,	154.783,	0.148346,	0.000956,	217.700,	0.495
76.952,	155.088,	0.167289,	-0.000048,	217.700,	0.495
77.108,	155.381,	0.183085,	-0.000084,	217.700,	0.495
77.248,	155.678,	0.196339,	-0.000444,	217.700,	0.495
77.416,	155.998,	0.204001,	-0.000886,	217.700,	0.540
77.560,	156.302,	0.205904,	-0.000280,	217.700,	0.495
77.712,	156.590,	0.203053,	-0.001151,	217.700,	0.495
77.860,	156.888,	0.194969,	-0.000905,	217.700,	0.495
78.012,	157.188,	0.181695,	0.000340,	217.700,	0.495
78.170,	157.522,	0.162898,	-0.000407,	217.700,	0.540
78.322,	157.810,	0.146513,	-0.000526,	217.700,	0.495
78.470,	158.105,	0.127841,	-0.001095,	217.700,	0.495
78.620,	158.405,	0.111031,	0.000047,	217.700,	0.495
78.762,	158.705,	0.098024,	0.000004,	217.700,	0.495
78.928,	159.024,	0.087411,	-0.001887,	217.700,	0.540
79.074,	159.331,	0.086124,	-0.000125,	217.700,	0.495
79.224,	159.629,	0.091713,	0.000831,	217.700,	0.495
79.372,	159.910,	0.108319,	-0.000054,	217.700,	0.495
79.524,	160.212,	0.135038,	-0.000830,	217.700,	0.495
79.684,	160.534,	0.175653,	-0.000552,	217.700,	0.540
79.832,	160.829,	0.228012,	-0.001202,	217.700,	0.495
79.980,	161.124,	0.290311,	0.000142,	217.700,	0.495
80.132,	161.429,	0.363762,	-0.001038,	217.700,	0.495
80.276,	161.734,	0.451671,	-0.000761,	217.700,	0.495
80.438,	162.058,	0.554106,	-0.001004,	217.700,	0.540
80.586,	162.355,	0.656685,	-0.000795,	217.700,	0.495
80.736,	162.638,	0.767447,	-0.000974,	217.700,	0.495
80.880,	162.943,	0.882116,	-0.000353,	217.700,	0.495
81.032,	163.231,	1.002146,	0.000480,	217.700,	0.495
81.180,	163.541,	1.124190,	-0.000674,	217.700,	0.495
81.344,	163.855,	1.259876,	-0.002204,	217.700,	0.540
81.488,	164.155,	1.384473,	0.000136,	217.700,	0.495
81.640,	164.446,	1.501966,	-0.001095,	217.700,	0.495
81.788,	164.755,	1.618425,	-0.000982,	217.700,	0.495
81.936,	165.053,	1.730967,	-0.000668,	217.700,	0.495
82.096,	165.374,	1.847477,	-0.001452,	217.700,	0.540
82.246,	165.672,	1.949456,	-0.000302,	217.700,	0.495
82.392,	165.967,	2.041067,	0.000045,	217.700,	0.495
82.548,	166.260,	2.125672,	-0.000160,	217.700,	0.495
82.688,	166.558,	2.205819,	-0.000155,	217.700,	0.495
82.854,	166.891,	2.281817,	-0.000881,	217.700,	0.540
83.002,	167.182,	2.345005,	0.000351,	217.700,	0.495
83.148,	167.477,	2.398054,	-0.000287,	217.700,	0.495
83.296,	167.772,	2.444308,	-0.000603,	217.700,	0.495
83.450,	168.065,	2.482135,	0.000472,	217.700,	0.495
83.610,	168.401,	2.516061,	-0.001601,	217.700,	0.540
83.754,	168.691,	2.542296,	-0.001443,	217.700,	0.490
83.902,	168.986,	2.558540,	-0.000347,	217.700,	0.495
84.058,	169.282,	2.571333,	-0.000791,	217.700,	0.495
84.202,	169.584,	2.582063,	-0.000136,	217.700,	0.495
84.362,	169.906,	2.581595,	-0.000448,	217.700,	0.540
84.516,	170.198,	2.579158,	0.000416,	217.700,	0.495
84.662,	170.503,	2.571452,	-0.000390,	217.700,	0.495
84.812,	170.791,	2.558485,	-0.000718,	217.700,	0.495
84.956,	171.094,	2.545476,	-0.000681,	217.700,	0.495
85.126,	171.415,	2.523601,	-0.002393,	217.700,	0.540
85.272,	171.710,	2.505434,	-0.000213,	217.700,	0.495
85.416,	172.010,	2.482885,	-0.000707,	217.700,	0.495
85.566,	172.298,	2.457669,	-0.000328,	217.700,	0.495
85.712,	172.603,	2.429837,	-0.000179,	217.700,	0.490
85.878,	172.922,	2.405076,	-0.000847,	217.700,	0.540
86.028,	173.220,	2.380039,	-0.000651,	217.700,	0.495
86.170,	173.520,	2.351502,	-0.000786,	217.700,	0.495
86.320,	173.822,	2.326553,	-0.000403,	217.700,	0.495
86.466,	174.113,	2.295470,	-0.000664,	217.700,	0.490
86.630,	174.442,	2.267625,	-0.001732,	217.700,	0.540
86.780,	174.727,	2.240882,	-0.000963,	217.700,	0.495
86.922,	175.027,	2.213388,	-0.000554,	217.700,	0.495
87.072,	175.327,	2.186119,	-0.000418,	217.700,	0.495
87.222,	175.622,	2.164435,	-0.000629,	217.700,	0.495
87.386,	175.954,	2.137981,	-0.000808,	217.700,	0.540
87.536,	176.237,	2.115486,	-0.000002,	217.700,	0.495
87.680,	176.542,	2.094912,	-0.000257,	217.700,	0.495
87.828,	176.834,	2.073159,	0.000028,	217.700,	0.495
87.974,	177.132,	2.053902,	-0.000267,	217.700,	0.495
88.140,	177.461,	0.001217,	-0.000063,	217.700,	0.535
88.288,	177.756,	0.000711,	-0.000181,	217.700,	0.495
88.434,	178.049,	0.000547,	0.000103,	217.700,	0.495
88.582,	178.346,	0.000812,	0.000194,	217.700,	0.495
88.738,	178.639,	0.001717,	0.000594,	217.700,	0.490
88.896,	178.973,	0.001172,	-0.000998,	217.700,	0.545
89.048,	179.263,	0.001721,	0.000189,	217.700,	0.495
89.194,	179.554,	0.003264,	-0.001191,	217.700,	0.495
89.342,	179.866,	0.024051,	-0.000116,	217.700,	0.495
89.486,	180.156,	0.051923,	-0.000890,	217.700,	0.495
