Num, Lmd, sig,    mon,    Ring,  sec
#lmd,   E,  HOYAX,  Y,  Smpl,  Det, AGC X, Y, Smpl, Det
#6.55074,	189.2675,	21.801,	94.000,	65.000,	-0.062,	0.000,	-76.000,	0.000,	29.999

1,	6.55074,	45.258640,	-0.002206,	217.700,	15.215
2,	6.55074,	45.261460,	-0.000573,	217.700,	0.555
3,	6.55074,	45.255450,	0.000103,	217.700,	0.495
4,	6.55074,	45.249640,	0.000002,	217.700,	0.500
5,	6.55074,	45.264440,	-0.000623,	217.700,	0.500
6,	6.55074,	45.274210,	-0.001207,	217.700,	0.500
7,	6.55074,	45.277980,	-0.001471,	217.700,	0.550
8,	6.55074,	45.247630,	-0.001066,	217.700,	0.500
9,	6.55074,	45.242320,	-0.000526,	217.700,	0.500
10,	6.55074,	45.248190,	-0.000476,	217.700,	0.500
11,	6.55074,	45.242950,	-0.000575,	217.700,	0.500
12,	6.55074,	45.248100,	-0.001021,	217.700,	0.555
13,	6.55074,	45.254740,	-0.000700,	217.700,	0.550
14,	6.55074,	45.251190,	0.000114,	217.700,	0.550
15,	6.55074,	45.264510,	-0.000226,	217.700,	0.500
16,	6.55074,	45.246480,	-0.001146,	217.700,	0.495
17,	6.55074,	45.254050,	-0.000894,	217.700,	0.505
18,	6.55074,	45.277730,	-0.000715,	217.700,	0.500
19,	6.55074,	45.276290,	-0.000403,	217.700,	0.545
20,	6.55074,	45.266280,	0.000521,	217.700,	0.500
21,	6.55074,	45.262720,	-0.000422,	217.700,	0.500
22,	6.55074,	45.283770,	0.000353,	217.700,	0.505
23,	6.55074,	45.280590,	-0.001945,	217.700,	0.500
24,	6.55074,	45.286270,	-0.001379,	217.700,	0.500
25,	6.55074,	45.295100,	-0.000836,	217.700,	0.545
26,	6.55074,	45.300560,	0.000276,	217.700,	0.500
27,	6.55074,	45.289920,	-0.001058,	217.700,	0.500
28,	6.55074,	45.278690,	-0.000866,	217.700,	0.500
29,	6.55074,	45.283440,	-0.000879,	217.700,	0.505
30,	6.55074,	45.302110,	-0.000209,	217.700,	0.500
31,	6.55074,	45.323780,	-0.000517,	217.700,	0.550
32,	6.55074,	45.299290,	-0.000325,	217.700,	0.550
33,	6.55074,	45.297630,	-0.001508,	217.700,	0.545
34,	6.55074,	45.307750,	-0.001256,	217.700,	0.500
35,	6.55074,	45.299860,	-0.000453,	217.700,	0.505
36,	6.55074,	45.294580,	-0.000875,	217.700,	0.500
37,	6.55074,	45.308750,	0.000092,	217.700,	0.500
38,	6.55074,	45.297550,	-0.000685,	217.700,	0.545
39,	6.55074,	45.301590,	-0.000116,	217.700,	0.505
40,	6.55074,	45.286910,	-0.001379,	217.700,	0.495
41,	6.55074,	45.280880,	-0.000153,	217.700,	0.500
42,	6.55074,	45.293090,	-0.001823,	217.700,	0.500
43,	6.55074,	45.299460,	-0.001530,	217.700,	0.500
44,	6.55074,	45.300720,	-0.000028,	217.700,	0.555
45,	6.55074,	45.311790,	-0.000203,	217.700,	0.500
46,	6.55074,	45.309540,	-0.000881,	217.700,	0.495
47,	6.55074,	45.313470,	-0.000957,	217.700,	0.500
48,	6.55074,	45.295770,	-0.000007,	217.700,	0.500
49,	6.55074,	45.284860,	-0.000377,	217.700,	0.500
50,	6.55074,	45.310810,	-0.000980,	217.700,	0.550
51,	6.55074,	45.306520,	-0.001599,	217.700,	0.500
52,	6.55074,	45.294290,	-0.001543,	217.700,	0.500
53,	6.55074,	45.285350,	-0.000649,	217.700,	0.505
54,	6.55074,	45.293330,	-0.000487,	217.700,	0.495
55,	6.55074,	45.296540,	-0.000782,	217.700,	0.555
56,	6.55074,	45.287390,	-0.000106,	217.700,	0.495
57,	6.55074,	45.293990,	-0.001015,	217.700,	0.505
58,	6.55074,	45.288400,	-0.000621,	217.700,	0.500
59,	6.55074,	45.291550,	-0.000959,	217.700,	0.495
60,	6.55074,	45.288320,	0.000756,	217.700,	0.550
61,	6.55074,	45.286230,	0.000252,	217.700,	0.500
62,	6.55074,	45.289450,	-0.000530,	217.700,	0.500
63,	6.55074,	45.293340,	0.000577,	217.700,	0.500
64,	6.55074,	45.276540,	-0.000196,	217.700,	0.505
65,	6.55074,	45.279070,	-0.000558,	217.700,	0.495
66,	6.55074,	45.286020,	-0.001295,	217.700,	0.550
67,	6.55074,	45.297420,	-0.000638,	217.700,	0.550
68,	6.55074,	45.284380,	-0.000394,	217.700,	0.555
69,	6.55074,	45.283620,	-0.001008,	217.700,	0.550
70,	6.55074,	45.275840,	-0.001079,	217.700,	0.545
71,	6.55074,	45.273990,	-0.000030,	217.700,	0.500
72,	6.55074,	45.278180,	-0.000926,	217.700,	0.505
73,	6.55074,	45.276580,	-0.000634,	217.700,	0.500
74,	6.55074,	45.285710,	-0.000582,	217.700,	0.500
75,	6.55074,	45.281310,	-0.001452,	217.700,	0.550
76,	6.55074,	45.260690,	-0.000134,	217.700,	0.500
77,	6.55074,	45.269430,	0.000080,	217.700,	0.495
78,	6.55074,	45.283450,	-0.001172,	217.700,	0.500
79,	6.55074,	45.257330,	-0.000461,	217.700,	0.500
80,	6.55074,	45.269720,	-0.001196,	217.700,	0.505
81,	6.55074,	45.273400,	-0.001833,	217.700,	0.550
82,	6.55074,	45.266020,	-0.000125,	217.700,	0.545
83,	6.55074,	45.268540,	-0.000995,	217.700,	0.550
84,	6.55074,	45.260990,	0.000943,	217.700,	0.550
85,	6.55074,	45.261410,	-0.001482,	217.700,	0.555
86,	6.55074,	45.263430,	-0.000366,	217.700,	0.495
87,	6.55074,	45.253200,	-0.000220,	217.700,	0.500
88,	6.55074,	45.256340,	-0.000136,	217.700,	0.500
89,	6.55074,	45.265380,	-0.000433,	217.700,	0.500
90,	6.55074,	45.248300,	-0.000263,	217.700,	0.550
91,	6.55074,	45.261910,	-0.000993,	217.700,	0.500
92,	6.55074,	45.258360,	-0.000985,	217.700,	0.500
93,	6.55074,	45.250240,	-0.000795,	217.700,	0.500
94,	6.55074,	45.253010,	0.000058,	217.700,	0.500
95,	6.55074,	45.245600,	-0.000916,	217.700,	0.505
96,	6.55074,	45.249700,	-0.000575,	217.700,	0.545
97,	6.55074,	45.257230,	-0.000381,	217.700,	0.555
98,	6.55074,	45.250690,	-0.001228,	217.700,	0.545
99,	6.55074,	45.247770,	0.000039,	217.700,	0.555
100,	6.55074,	45.242130,	-0.000401,	217.700,	0.545
