Num, Lmd, sig,    mon,    Ring,  sec
#lmd,   E,  HOYAX,  Y,  Smpl,  Det, AGC X, Y, Smpl, Det
#6.75067,	183.6621,	21.801,	94.000,	65.000,	30.000,	0.000,	-76.000,	0.000,	29.999

1,	6.75067,	-0.000746,	-0.001502,	217.700,	88.405
2,	6.75067,	0.000028,	-0.001090,	217.700,	0.555
3,	6.75067,	-0.000591,	0.000069,	217.700,	0.500
4,	6.75067,	0.000278,	-0.000071,	217.700,	0.500
5,	6.75067,	0.000176,	-0.000799,	217.700,	0.500
6,	6.75067,	0.001611,	-0.000114,	217.700,	0.495
7,	6.75067,	0.000610,	-0.000088,	217.700,	0.555
8,	6.75067,	0.000034,	0.000500,	217.700,	0.500
9,	6.75067,	0.000030,	-0.001101,	217.700,	0.495
10,	6.75067,	0.000413,	-0.001372,	217.700,	0.505
11,	6.75067,	0.000573,	0.000228,	217.700,	0.500
12,	6.75067,	0.001256,	-0.000672,	217.700,	0.545
13,	6.75067,	0.000441,	-0.000330,	217.700,	0.550
14,	6.75067,	0.000168,	-0.001166,	217.700,	0.550
15,	6.75067,	-0.000280,	0.000340,	217.700,	0.555
16,	6.75067,	0.000306,	-0.000276,	217.700,	0.495
17,	6.75067,	0.001560,	-0.000838,	217.700,	0.500
18,	6.75067,	-0.000196,	-0.000039,	217.700,	0.500
19,	6.75067,	-0.000961,	-0.000670,	217.700,	0.505
20,	6.75067,	0.000461,	0.000403,	217.700,	0.550
21,	6.75067,	-0.000106,	-0.000506,	217.700,	0.495
22,	6.75067,	0.000431,	-0.001314,	217.700,	0.505
23,	6.75067,	0.000487,	-0.000129,	217.700,	0.495
24,	6.75067,	0.000334,	-0.000086,	217.700,	0.500
25,	6.75067,	0.000554,	-0.000513,	217.700,	0.500
26,	6.75067,	-0.000532,	-0.001368,	217.700,	0.550
27,	6.75067,	0.000491,	-0.000056,	217.700,	0.555
28,	6.75067,	0.000082,	-0.000345,	217.700,	0.550
29,	6.75067,	0.000485,	-0.000267,	217.700,	0.550
30,	6.75067,	-0.000334,	-0.000112,	217.700,	0.545
31,	6.75067,	0.000047,	-0.000384,	217.700,	0.505
32,	6.75067,	0.000784,	-0.000621,	217.700,	0.495
33,	6.75067,	-0.000468,	-0.000420,	217.700,	0.505
34,	6.75067,	0.000429,	-0.000353,	217.700,	0.495
35,	6.75067,	0.000457,	-0.000347,	217.700,	0.550
36,	6.75067,	0.000877,	-0.000220,	217.700,	0.505
37,	6.75067,	0.000327,	0.000465,	217.700,	0.495
38,	6.75067,	-0.000466,	-0.000789,	217.700,	0.505
39,	6.75067,	0.000691,	-0.000347,	217.700,	0.500
40,	6.75067,	0.000491,	0.000105,	217.700,	0.500
41,	6.75067,	0.000045,	-0.000883,	217.700,	0.550
42,	6.75067,	0.000194,	-0.000722,	217.700,	0.495
43,	6.75067,	-0.000160,	-0.000338,	217.700,	0.505
44,	6.75067,	0.000859,	-0.000991,	217.700,	0.500
45,	6.75067,	0.000299,	-0.000028,	217.700,	0.500
46,	6.75067,	0.000532,	-0.001527,	217.700,	0.545
47,	6.75067,	-0.000095,	-0.000375,	217.700,	0.550
48,	6.75067,	0.000597,	-0.001607,	217.700,	0.550
49,	6.75067,	0.000922,	-0.000035,	217.700,	0.500
50,	6.75067,	-0.000407,	-0.001892,	217.700,	0.500
51,	6.75067,	0.000388,	-0.000993,	217.700,	0.505
52,	6.75067,	-0.000489,	-0.000190,	217.700,	0.500
53,	6.75067,	0.000530,	-0.001256,	217.700,	0.550
54,	6.75067,	0.000116,	0.000278,	217.700,	0.495
55,	6.75067,	-0.000448,	-0.001015,	217.700,	0.500
56,	6.75067,	0.000304,	-0.001640,	217.700,	0.500
57,	6.75067,	0.000799,	-0.001480,	217.700,	0.500
58,	6.75067,	-0.000440,	-0.001379,	217.700,	0.555
59,	6.75067,	0.000756,	-0.001017,	217.700,	0.500
60,	6.75067,	0.000334,	-0.002398,	217.700,	0.495
61,	6.75067,	-0.000422,	0.000129,	217.700,	0.500
62,	6.75067,	0.000360,	-0.001151,	217.700,	0.500
63,	6.75067,	0.000763,	-0.000429,	217.700,	0.550
64,	6.75067,	0.000521,	-0.000343,	217.700,	0.505
65,	6.75067,	-0.000112,	-0.000093,	217.700,	0.500
66,	6.75067,	0.000360,	0.000370,	217.700,	0.495
67,	6.75067,	0.000601,	-0.000907,	217.700,	0.500
68,	6.75067,	0.000299,	-0.000993,	217.700,	0.555
69,	6.75067,	-0.000017,	-0.000612,	217.700,	0.550
70,	6.75067,	0.000084,	-0.001228,	217.700,	0.550
71,	6.75067,	-0.000700,	-0.000539,	217.700,	0.545
72,	6.75067,	-0.000265,	-0.001347,	217.700,	0.555
73,	6.75067,	0.000678,	0.000058,	217.700,	0.500
74,	6.75067,	-0.000599,	0.000237,	217.700,	0.495
75,	6.75067,	0.000011,	-0.001836,	217.700,	0.500
76,	6.75067,	0.000847,	0.000579,	217.700,	0.500
77,	6.75067,	-0.000621,	-0.001265,	217.700,	0.550
78,	6.75067,	0.000956,	0.000252,	217.700,	0.500
79,	6.75067,	0.000655,	-0.000448,	217.700,	0.505
80,	6.75067,	0.000325,	0.000457,	217.700,	0.495
81,	6.75067,	-0.000207,	-0.001073,	217.700,	0.500
82,	6.75067,	-0.000463,	0.000689,	217.700,	0.500
83,	6.75067,	0.000349,	-0.001129,	217.700,	0.550
84,	6.75067,	0.000064,	-0.001452,	217.700,	0.550
85,	6.75067,	0.000594,	0.000698,	217.700,	0.550
86,	6.75067,	-0.000644,	0.000545,	217.700,	0.550
87,	6.75067,	0.000907,	-0.000670,	217.700,	0.550
88,	6.75067,	-0.000151,	-0.000226,	217.700,	0.500
89,	6.75067,	0.000314,	-0.001319,	217.700,	0.500
90,	6.75067,	-0.000972,	0.000293,	217.700,	0.505
91,	6.75067,	-0.000894,	-0.000407,	217.700,	0.500
92,	6.75067,	0.000370,	-0.000463,	217.700,	0.550
93,	6.75067,	0.000582,	0.000198,	217.700,	0.500
94,	6.75067,	-0.000722,	-0.000655,	217.700,	0.495
95,	6.75067,	0.000814,	0.000136,	217.700,	0.505
96,	6.75067,	-0.000425,	0.000250,	217.700,	0.500
97,	6.75067,	0.000478,	-0.000472,	217.700,	0.500
98,	6.75067,	0.000737,	-0.000071,	217.700,	0.545
99,	6.75067,	0.000230,	-0.000597,	217.700,	0.555
100,	6.75067,	0.000519,	-0.000558,	217.700,	0.545
