Num, Lmd, sig,    mon,    Ring,  sec
#lmd,   E,  HOYAX,  Y,  Smpl,  Det, AGC X, Y, Smpl, Det
#6.50061,	190.7271,	-31.800,	94.000,	65.000,	-0.062,	0.000,	-76.000,	0.000,	29.999

1,	6.50061,	42.034990,	-0.002060,	217.700,	15.210
2,	6.50061,	42.005570,	-0.000349,	217.700,	0.550
3,	6.50061,	42.011250,	-0.000599,	217.700,	0.505
4,	6.50061,	42.008040,	0.000101,	217.700,	0.500
5,	6.50061,	42.011740,	0.000340,	217.700,	0.495
6,	6.50061,	42.034930,	-0.000164,	217.700,	0.505
7,	6.50061,	42.051190,	-0.000627,	217.700,	0.495
8,	6.50061,	42.028380,	-0.001077,	217.700,	0.550
9,	6.50061,	42.085470,	-0.001209,	217.700,	0.500
10,	6.50061,	42.090220,	-0.000274,	217.700,	0.500
11,	6.50061,	42.060210,	-0.001394,	217.700,	0.500
12,	6.50061,	42.087670,	-0.000276,	217.700,	0.500
13,	6.50061,	42.107840,	-0.001222,	217.700,	0.500
14,	6.50061,	42.102660,	-0.001532,	217.700,	0.555
15,	6.50061,	42.085190,	-0.000942,	217.700,	0.500
16,	6.50061,	42.133980,	0.000431,	217.700,	0.495
17,	6.50061,	42.137870,	-0.000784,	217.700,	0.500
18,	6.50061,	42.125680,	0.000715,	217.700,	0.500
19,	6.50061,	42.168890,	-0.000842,	217.700,	0.500
20,	6.50061,	42.167240,	-0.001336,	217.700,	0.550
21,	6.50061,	42.168860,	-0.001142,	217.700,	0.550
22,	6.50061,	42.160530,	0.000164,	217.700,	0.550
23,	6.50061,	42.208360,	-0.000224,	217.700,	0.555
24,	6.50061,	42.176700,	-0.000142,	217.700,	0.495
25,	6.50061,	42.192660,	0.001493,	217.700,	0.500
26,	6.50061,	42.228700,	-0.001017,	217.700,	0.500
27,	6.50061,	42.222730,	-0.000343,	217.700,	0.505
28,	6.50061,	42.194490,	-0.000104,	217.700,	0.545
29,	6.50061,	42.245250,	-0.000147,	217.700,	0.500
30,	6.50061,	42.239350,	-0.000336,	217.700,	0.500
31,	6.50061,	42.239970,	-0.000310,	217.700,	0.505
32,	6.50061,	42.232370,	0.000291,	217.700,	0.500
33,	6.50061,	42.270080,	-0.000259,	217.700,	0.500
34,	6.50061,	42.265430,	0.000097,	217.700,	0.545
35,	6.50061,	42.263180,	-0.000954,	217.700,	0.500
36,	6.50061,	42.306460,	0.000077,	217.700,	0.500
37,	6.50061,	42.303680,	-0.000069,	217.700,	0.505
38,	6.50061,	42.294540,	0.000202,	217.700,	0.495
39,	6.50061,	42.339510,	-0.000948,	217.700,	0.550
40,	6.50061,	42.335660,	-0.000293,	217.700,	0.505
41,	6.50061,	42.321870,	0.000120,	217.700,	0.495
42,	6.50061,	42.311670,	0.000129,	217.700,	0.500
43,	6.50061,	42.346770,	-0.000657,	217.700,	0.500
44,	6.50061,	42.359650,	-0.002187,	217.700,	0.550
45,	6.50061,	42.358970,	-0.001028,	217.700,	0.500
46,	6.50061,	42.356940,	-0.001392,	217.700,	0.500
47,	6.50061,	42.358900,	0.000008,	217.700,	0.505
48,	6.50061,	42.361570,	-0.001943,	217.700,	0.500
49,	6.50061,	42.358410,	-0.000453,	217.700,	0.545
50,	6.50061,	42.356170,	-0.001385,	217.700,	0.550
51,	6.50061,	42.359110,	-0.001118,	217.700,	0.550
52,	6.50061,	42.355880,	-0.000073,	217.700,	0.500
53,	6.50061,	42.358320,	0.000622,	217.700,	0.505
54,	6.50061,	42.357420,	-0.000952,	217.700,	0.495
55,	6.50061,	42.359290,	-0.000537,	217.700,	0.500
56,	6.50061,	42.352990,	0.000118,	217.700,	0.555
57,	6.50061,	42.364400,	-0.001112,	217.700,	0.500
58,	6.50061,	42.358110,	-0.000226,	217.700,	0.495
59,	6.50061,	42.350300,	0.000618,	217.700,	0.500
60,	6.50061,	42.360010,	0.000325,	217.700,	0.505
61,	6.50061,	42.354900,	-0.000032,	217.700,	0.550
62,	6.50061,	42.349410,	-0.000687,	217.700,	0.495
63,	6.50061,	42.362280,	-0.000371,	217.700,	0.505
64,	6.50061,	42.363590,	-0.000998,	217.700,	0.495
65,	6.50061,	42.351150,	-0.000662,	217.700,	0.500
66,	6.50061,	42.360180,	0.000291,	217.700,	0.505
67,	6.50061,	42.361640,	-0.002092,	217.700,	0.545
68,	6.50061,	42.359520,	-0.000336,	217.700,	0.550
69,	6.50061,	42.354370,	-0.000149,	217.700,	0.555
70,	6.50061,	42.349130,	-0.001308,	217.700,	0.550
71,	6.50061,	42.354010,	0.000019,	217.700,	0.495
72,	6.50061,	42.353650,	-0.000338,	217.700,	0.505
73,	6.50061,	42.352700,	0.000629,	217.700,	0.500
74,	6.50061,	42.353000,	-0.001084,	217.700,	0.495
75,	6.50061,	42.353030,	-0.000386,	217.700,	0.550
76,	6.50061,	42.352470,	-0.001069,	217.700,	0.500
77,	6.50061,	42.356500,	-0.000743,	217.700,	0.500
78,	6.50061,	42.354330,	-0.000442,	217.700,	0.505
79,	6.50061,	42.350770,	-0.000097,	217.700,	0.500
80,	6.50061,	42.359610,	-0.000590,	217.700,	0.495
81,	6.50061,	42.342460,	-0.000265,	217.700,	0.555
82,	6.50061,	42.349800,	-0.000369,	217.700,	0.545
83,	6.50061,	42.358950,	-0.000511,	217.700,	0.550
84,	6.50061,	42.355430,	-0.000995,	217.700,	0.555
85,	6.50061,	42.351710,	-0.001368,	217.700,	0.545
86,	6.50061,	42.347800,	-0.000313,	217.700,	0.505
87,	6.50061,	42.359000,	-0.001316,	217.700,	0.500
88,	6.50061,	42.349690,	-0.000450,	217.700,	0.495
89,	6.50061,	42.353620,	-0.000565,	217.700,	0.505
90,	6.50061,	42.347090,	0.000118,	217.700,	0.550
91,	6.50061,	42.341770,	-0.001450,	217.700,	0.495
92,	6.50061,	42.356240,	-0.000201,	217.700,	0.500
93,	6.50061,	42.347000,	-0.000295,	217.700,	0.505
94,	6.50061,	42.341030,	-0.000323,	217.700,	0.495
95,	6.50061,	42.354160,	-0.000104,	217.700,	0.500
96,	6.50061,	42.350710,	0.000782,	217.700,	0.555
97,	6.50061,	42.351750,	-0.000328,	217.700,	0.550
98,	6.50061,	42.348450,	0.000062,	217.700,	0.545
99,	6.50061,	42.340710,	-0.000114,	217.700,	0.550
100,	6.50061,	42.340040,	-0.000313,	217.700,	0.550
