Num, Lmd, sig,    mon,    Ring,  sec
#lmd,   E,  HOYAX,  Y,  Smpl,  Det, AGC X, Y, Smpl, Det
#6.50061,	190.7271,	-5.799,	94.000,	65.000,	-0.062,	0.000,	-76.000,	0.000,	29.999

1,	6.50061,	43.154150,	-0.000560,	217.700,	15.205
2,	6.50061,	43.153440,	-0.000459,	217.700,	0.550
3,	6.50061,	43.168210,	-0.001209,	217.700,	0.505
4,	6.50061,	43.166810,	-0.000140,	217.700,	0.495
5,	6.50061,	43.180600,	-0.001077,	217.700,	0.500
6,	6.50061,	43.180550,	-0.000713,	217.700,	0.505
7,	6.50061,	43.183400,	-0.000259,	217.700,	0.550
8,	6.50061,	43.201250,	-0.000474,	217.700,	0.495
9,	6.50061,	43.201760,	-0.001271,	217.700,	0.500
10,	6.50061,	43.183620,	-0.000345,	217.700,	0.505
11,	6.50061,	43.215790,	-0.000485,	217.700,	0.495
12,	6.50061,	43.237960,	-0.001105,	217.700,	0.500
13,	6.50061,	43.223760,	-0.000244,	217.700,	0.550
14,	6.50061,	43.220500,	-0.001239,	217.700,	0.555
15,	6.50061,	43.213400,	0.000295,	217.700,	0.545
16,	6.50061,	43.238810,	-0.000547,	217.700,	0.555
17,	6.50061,	43.232340,	-0.000866,	217.700,	0.500
18,	6.50061,	43.243940,	-0.000073,	217.700,	0.495
19,	6.50061,	43.229090,	-0.000485,	217.700,	0.500
20,	6.50061,	43.262190,	-0.000845,	217.700,	0.505
21,	6.50061,	43.250330,	-0.000646,	217.700,	0.545
22,	6.50061,	43.238750,	-0.001698,	217.700,	0.500
23,	6.50061,	43.247430,	0.000049,	217.700,	0.500
24,	6.50061,	43.237930,	-0.001594,	217.700,	0.505
25,	6.50061,	43.243720,	0.000392,	217.700,	0.500
26,	6.50061,	43.253140,	-0.000433,	217.700,	0.495
27,	6.50061,	43.243610,	-0.000403,	217.700,	0.550
28,	6.50061,	43.237410,	-0.001499,	217.700,	0.505
29,	6.50061,	43.255410,	-0.000127,	217.700,	0.495
30,	6.50061,	43.248470,	-0.001032,	217.700,	0.500
31,	6.50061,	43.250780,	0.000907,	217.700,	0.500
32,	6.50061,	43.247910,	-0.000226,	217.700,	0.550
33,	6.50061,	43.243740,	-0.000330,	217.700,	0.505
34,	6.50061,	43.249570,	-0.000575,	217.700,	0.495
35,	6.50061,	43.248070,	0.000054,	217.700,	0.500
36,	6.50061,	43.243350,	-0.001036,	217.700,	0.505
37,	6.50061,	43.250030,	-0.001506,	217.700,	0.550
38,	6.50061,	43.245620,	0.000441,	217.700,	0.495
39,	6.50061,	43.244290,	-0.000888,	217.700,	0.500
40,	6.50061,	43.252590,	0.000351,	217.700,	0.505
41,	6.50061,	43.248770,	-0.001635,	217.700,	0.500
42,	6.50061,	43.248740,	-0.000532,	217.700,	0.545
43,	6.50061,	43.246350,	-0.000812,	217.700,	0.550
44,	6.50061,	43.240860,	-0.000877,	217.700,	0.550
45,	6.50061,	43.253480,	-0.000213,	217.700,	0.500
46,	6.50061,	43.247890,	0.000493,	217.700,	0.505
47,	6.50061,	43.249830,	-0.000985,	217.700,	0.495
48,	6.50061,	43.240980,	-0.001288,	217.700,	0.500
49,	6.50061,	43.251460,	-0.000332,	217.700,	0.550
50,	6.50061,	43.251210,	-0.000289,	217.700,	0.500
51,	6.50061,	43.244620,	-0.002294,	217.700,	0.500
52,	6.50061,	43.250400,	-0.001299,	217.700,	0.500
53,	6.50061,	43.246790,	-0.000015,	217.700,	0.505
54,	6.50061,	43.247270,	-0.000922,	217.700,	0.500
55,	6.50061,	43.247370,	0.000437,	217.700,	0.545
56,	6.50061,	43.255070,	-0.001443,	217.700,	0.505
57,	6.50061,	43.237570,	-0.000556,	217.700,	0.500
58,	6.50061,	43.241530,	-0.000160,	217.700,	0.500
59,	6.50061,	43.245960,	-0.001185,	217.700,	0.495
60,	6.50061,	43.239680,	-0.001112,	217.700,	0.550
61,	6.50061,	43.229600,	-0.001286,	217.700,	0.550
62,	6.50061,	43.243970,	-0.000272,	217.700,	0.550
63,	6.50061,	43.245620,	-0.001006,	217.700,	0.550
64,	6.50061,	43.248400,	-0.000362,	217.700,	0.500
65,	6.50061,	43.235900,	0.000273,	217.700,	0.500
66,	6.50061,	43.247660,	-0.000886,	217.700,	0.500
67,	6.50061,	43.244640,	0.001400,	217.700,	0.505
68,	6.50061,	43.242110,	-0.000830,	217.700,	0.550
69,	6.50061,	43.244990,	-0.001095,	217.700,	0.495
70,	6.50061,	43.246830,	-0.000493,	217.700,	0.505
71,	6.50061,	43.237880,	-0.001342,	217.700,	0.505
72,	6.50061,	43.245960,	0.000170,	217.700,	0.500
73,	6.50061,	43.247250,	-0.000250,	217.700,	0.500
74,	6.50061,	43.243210,	0.000314,	217.700,	0.550
75,	6.50061,	43.242150,	-0.000845,	217.700,	0.550
76,	6.50061,	43.244550,	-0.000681,	217.700,	0.545
77,	6.50061,	43.246880,	-0.000274,	217.700,	0.500
78,	6.50061,	43.234220,	-0.000808,	217.700,	0.505
79,	6.50061,	43.241570,	-0.000155,	217.700,	0.500
80,	6.50061,	43.254800,	0.000120,	217.700,	0.495
81,	6.50061,	43.238100,	-0.001392,	217.700,	0.550
82,	6.50061,	43.242710,	0.000237,	217.700,	0.505
83,	6.50061,	43.245800,	-0.000771,	217.700,	0.500
84,	6.50061,	43.242240,	0.000250,	217.700,	0.500
85,	6.50061,	43.239980,	-0.000627,	217.700,	0.495
86,	6.50061,	43.255800,	-0.000323,	217.700,	0.500
87,	6.50061,	43.246250,	-0.001082,	217.700,	0.555
88,	6.50061,	43.237980,	-0.000608,	217.700,	0.545
89,	6.50061,	43.240290,	-0.000041,	217.700,	0.550
90,	6.50061,	43.230020,	-0.000612,	217.700,	0.555
91,	6.50061,	43.238970,	-0.000509,	217.700,	0.550
92,	6.50061,	43.241390,	-0.001504,	217.700,	0.495
93,	6.50061,	43.248860,	-0.000883,	217.700,	0.500
94,	6.50061,	43.231680,	0.000157,	217.700,	0.505
95,	6.50061,	43.247050,	-0.000672,	217.700,	0.500
96,	6.50061,	43.252790,	-0.000853,	217.700,	0.545
97,	6.50061,	43.240490,	-0.000011,	217.700,	0.500
98,	6.50061,	43.237840,	-0.001422,	217.700,	0.500
99,	6.50061,	43.250800,	-0.000586,	217.700,	0.500
100,	6.50061,	43.245150,	0.000394,	217.700,	0.500
