Smpl, Det, sig,    mon,    Ring,  sec
#lmd,   E,  HOYAX,  Y,  Smpl,  Det, AGC X, Y, Smpl, Det, pps
#6.50061,	190.7271,	-5.799,	-5.000,	69.376,	139.937,	0.000,	-76.000,	0.000,	29.999,100

69.366,	139.915,	0.020821,	-0.001064,	217.700,	80.741
69.544,	140.251,	0.020272,	0.000306,	217.700,	0.585
69.690,	140.561,	0.018576,	0.000362,	217.700,	0.495
69.840,	140.858,	0.017646,	-0.000455,	217.700,	0.495
69.988,	141.144,	0.017669,	-0.000194,	217.700,	0.490
70.134,	141.449,	0.018807,	-0.000399,	217.700,	0.500
70.300,	141.766,	0.020434,	-0.001937,	217.700,	0.540
70.448,	142.063,	0.024616,	0.000301,	217.700,	0.495
70.592,	142.363,	0.026665,	-0.000412,	217.700,	0.490
70.742,	142.666,	0.029138,	-0.000246,	217.700,	0.495
70.888,	142.956,	0.027832,	-0.000425,	217.700,	0.495
71.052,	143.285,	0.029638,	-0.001747,	217.700,	0.545
71.200,	143.582,	0.030207,	-0.000328,	217.700,	0.495
71.350,	143.880,	0.029868,	-0.000674,	217.700,	0.495
71.498,	144.163,	0.027330,	-0.000978,	217.700,	0.490
71.646,	144.475,	0.026981,	-0.000754,	217.700,	0.495
71.810,	144.787,	0.028860,	-0.000565,	217.700,	0.540
71.968,	145.118,	0.033492,	-0.001092,	217.700,	0.540
72.122,	145.409,	0.039958,	-0.000381,	217.700,	0.495
72.266,	145.714,	0.047120,	-0.000982,	217.700,	0.495
72.414,	146.011,	0.053691,	-0.000532,	217.700,	0.495
72.564,	146.309,	0.060189,	-0.001058,	217.700,	0.495
72.724,	146.630,	0.064363,	-0.000082,	217.700,	0.535
72.876,	146.921,	0.068159,	-0.001243,	217.700,	0.495
73.024,	147.216,	0.068532,	-0.001051,	217.700,	0.495
73.172,	147.511,	0.069146,	-0.000799,	217.700,	0.490
73.314,	147.811,	0.068441,	-0.000073,	217.700,	0.495
73.482,	148.133,	0.071598,	-0.001308,	217.700,	0.540
73.630,	148.426,	0.075487,	-0.000496,	217.700,	0.495
73.778,	148.721,	0.085178,	-0.001084,	217.700,	0.495
73.920,	149.023,	0.098364,	-0.000149,	217.700,	0.490
74.074,	149.316,	0.116615,	-0.000690,	217.700,	0.495
74.234,	149.650,	0.140080,	-0.000530,	217.700,	0.540
74.382,	149.945,	0.164983,	-0.000511,	217.700,	0.495
74.530,	150.242,	0.189486,	-0.000577,	217.700,	0.490
74.680,	150.526,	0.214770,	-0.000237,	217.700,	0.495
74.824,	150.828,	0.238239,	-0.000767,	217.700,	0.495
74.986,	151.152,	0.259238,	-0.000737,	217.700,	0.535
75.134,	151.450,	0.277886,	-0.000231,	217.700,	0.495
75.284,	151.747,	0.293243,	-0.000631,	217.700,	0.490
75.434,	152.035,	0.308622,	-0.000319,	217.700,	0.495
75.580,	152.328,	0.323734,	0.000250,	217.700,	0.495
75.726,	152.635,	0.342317,	-0.000351,	217.700,	0.490
75.890,	152.947,	0.368366,	-0.001885,	217.700,	0.540
76.040,	153.245,	0.402123,	-0.001267,	217.700,	0.495
76.184,	153.552,	0.442937,	0.000381,	217.700,	0.495
76.332,	153.845,	0.494151,	-0.000634,	217.700,	0.490
76.478,	154.140,	0.556402,	0.000041,	217.700,	0.495
76.646,	154.457,	0.633441,	0.000181,	217.700,	0.540
76.806,	154.793,	0.721180,	-0.000797,	217.700,	0.540
76.956,	155.078,	0.809648,	-0.000358,	217.700,	0.495
77.104,	155.371,	0.900237,	-0.000664,	217.700,	0.495
77.252,	155.671,	0.988041,	-0.000875,	217.700,	0.490
77.396,	155.974,	1.072385,	-0.000257,	217.700,	0.495
77.556,	156.295,	1.160668,	-0.001071,	217.700,	0.540
77.710,	156.586,	1.232106,	0.000388,	217.700,	0.495
77.856,	156.878,	1.291224,	-0.000886,	217.700,	0.495
78.006,	157.178,	1.339466,	-0.000332,	217.700,	0.490
78.148,	157.478,	1.370289,	-0.001456,	217.700,	0.495
78.318,	157.802,	1.389070,	-0.000222,	217.700,	0.540
78.466,	158.095,	1.388481,	0.000388,	217.700,	0.495
78.606,	158.395,	1.374180,	0.000166,	217.700,	0.495
78.756,	158.695,	1.344869,	-0.000229,	217.700,	0.490
78.908,	158.983,	1.301291,	0.000814,	217.700,	0.495
79.072,	159.307,	1.236896,	-0.001183,	217.700,	0.540
79.220,	159.607,	1.172462,	-0.000877,	217.700,	0.495
79.360,	159.905,	1.099683,	-0.000724,	217.700,	0.495
79.512,	160.205,	1.022314,	0.000342,	217.700,	0.490
79.664,	160.495,	0.940496,	0.000161,	217.700,	0.495
79.826,	160.819,	0.842486,	-0.000625,	217.700,	0.540
79.968,	161.117,	0.757422,	-0.000437,	217.700,	0.495
80.120,	161.407,	0.671529,	0.000248,	217.700,	0.490
80.266,	161.712,	0.590332,	-0.000709,	217.700,	0.495
80.414,	162.010,	0.513042,	-0.001538,	217.700,	0.490
80.576,	162.334,	0.433948,	-0.001092,	217.700,	0.540
80.726,	162.617,	0.368704,	0.001536,	217.700,	0.495
80.870,	162.922,	0.304503,	-0.000119,	217.700,	0.490
81.016,	163.214,	0.250656,	-0.001196,	217.700,	0.495
81.170,	163.507,	0.207503,	-0.000403,	217.700,	0.495
81.328,	163.836,	0.164674,	-0.000201,	217.700,	0.535
81.478,	164.122,	0.134577,	-0.000526,	217.700,	0.495
81.624,	164.429,	0.110067,	-0.000409,	217.700,	0.490
81.770,	164.719,	0.091094,	-0.000252,	217.700,	0.495
81.916,	165.014,	0.077187,	0.000088,	217.700,	0.490
82.080,	165.338,	0.064048,	-0.000453,	217.700,	0.540
82.230,	165.641,	0.057498,	-0.000351,	217.700,	0.495
82.376,	165.931,	0.053823,	-0.000552,	217.700,	0.490
82.522,	166.224,	0.052205,	-0.000784,	217.700,	0.495
82.672,	166.524,	0.052442,	-0.001437,	217.700,	0.495
82.838,	166.841,	0.054644,	-0.001118,	217.700,	0.535
82.984,	167.148,	0.057559,	-0.001056,	217.700,	0.495
83.128,	167.438,	0.059864,	-0.000926,	217.700,	0.490
83.278,	167.736,	0.063824,	0.000581,	217.700,	0.495
83.426,	168.034,	0.067655,	-0.000420,	217.700,	0.495
83.586,	168.353,	0.069975,	-0.001366,	217.700,	0.535
83.738,	168.641,	0.072916,	0.000036,	217.700,	0.495
83.886,	168.938,	0.077006,	-0.000674,	217.700,	0.490
84.034,	169.248,	0.077577,	-0.000351,	217.700,	0.495
84.176,	169.534,	0.080546,	-0.000129,	217.700,	0.495
84.344,	169.853,	0.080677,	-0.000306,	217.700,	0.540
84.490,	170.162,	0.081989,	-0.000101,	217.700,	0.495
84.638,	170.455,	0.081808,	-0.000754,	217.700,	0.490
84.788,	170.741,	0.083551,	0.000116,	217.700,	0.495
84.932,	171.043,	0.081343,	-0.000687,	217.700,	0.495
85.092,	171.367,	0.080966,	-0.000746,	217.700,	0.535
85.240,	171.660,	0.080539,	-0.000621,	217.700,	0.495
85.390,	171.962,	0.079660,	-0.000254,	217.700,	0.490
85.540,	172.246,	0.077898,	-0.001579,	217.700,	0.495
85.686,	172.553,	0.076760,	-0.000179,	217.700,	0.495
85.846,	172.872,	0.073776,	-0.001334,	217.700,	0.535
85.994,	173.172,	0.074110,	-0.001084,	217.700,	0.495
86.144,	173.470,	0.071848,	-0.000726,	217.700,	0.490
86.296,	173.758,	0.070680,	-0.000429,	217.700,	0.495
86.442,	174.062,	0.068816,	-0.001043,	217.700,	0.495
86.606,	174.374,	0.066791,	-0.001512,	217.700,	0.540
86.754,	174.672,	0.065597,	-0.000418,	217.700,	0.495
86.896,	174.974,	0.063641,	-0.000164,	217.700,	0.490
87.046,	175.274,	0.063051,	-0.001702,	217.700,	0.495
87.194,	175.570,	0.062579,	-0.000358,	217.700,	0.495
87.358,	175.882,	0.060553,	-0.000483,	217.700,	0.535
87.508,	176.182,	0.059459,	0.000885,	217.700,	0.495
87.652,	176.484,	0.058429,	-0.000177,	217.700,	0.490
87.798,	176.777,	0.057511,	-0.000409,	217.700,	0.495
87.944,	177.070,	0.056382,	0.000284,	217.700,	0.490
88.112,	177.389,	-0.000080,	-0.000621,	217.700,	0.540
88.254,	177.689,	0.000312,	-0.000308,	217.700,	0.495
88.406,	177.979,	-0.000285,	-0.000050,	217.700,	0.490
88.552,	178.286,	-0.000076,	-0.001670,	217.700,	0.495
88.702,	178.584,	0.001747,	0.000625,	217.700,	0.490
88.858,	178.898,	0.001109,	-0.001480,	217.700,	0.540
89.012,	179.189,	0.001734,	-0.002286,	217.700,	0.495
89.158,	179.496,	0.002712,	-0.000226,	217.700,	0.490
89.304,	179.791,	0.010314,	-0.001144,	217.700,	0.495
89.452,	180.086,	0.038721,	-0.000257,	217.700,	0.490
