Smpl, Det, sig,    mon,    Ring,  sec
#lmd,   E,  HOYAX,  Y,  Smpl,  Det, AGC X, Y, Smpl, Det, pps
#6.65076,	186.4212,	21.801,	-5.000,	69.376,	139.937,	0.000,	-76.000,	0.000,	29.999,100

69.368,	139.903,	0.010581,	-0.002954,	217.700,	80.790
69.544,	140.254,	0.007360,	-0.001084,	217.700,	0.580
69.692,	140.549,	0.008726,	-0.000164,	217.700,	0.495
69.834,	140.849,	0.007959,	-0.000631,	217.700,	0.495
69.984,	141.151,	0.009560,	0.000108,	217.700,	0.495
70.136,	141.437,	0.011617,	-0.000054,	217.700,	0.495
70.294,	141.768,	0.014459,	0.000306,	217.700,	0.535
70.442,	142.066,	0.019298,	0.000605,	217.700,	0.495
70.592,	142.366,	0.022080,	-0.000690,	217.700,	0.495
70.742,	142.651,	0.024105,	-0.000407,	217.700,	0.490
70.888,	142.956,	0.022073,	-0.000039,	217.700,	0.495
71.050,	143.268,	0.023286,	-0.000015,	217.700,	0.540
71.200,	143.566,	0.023373,	-0.000804,	217.700,	0.495
71.350,	143.866,	0.018462,	-0.000101,	217.700,	0.495
71.492,	144.166,	0.014067,	-0.000384,	217.700,	0.490
71.640,	144.461,	0.010592,	-0.000030,	217.700,	0.495
71.804,	144.790,	0.006825,	-0.000907,	217.700,	0.540
71.952,	145.070,	0.007289,	-0.000453,	217.700,	0.495
72.098,	145.380,	0.008502,	-0.000310,	217.700,	0.495
72.246,	145.670,	0.010635,	0.000364,	217.700,	0.490
72.400,	145.968,	0.014791,	0.000487,	217.700,	0.495
72.556,	146.294,	0.018240,	-0.000838,	217.700,	0.540
72.710,	146.585,	0.025430,	0.000762,	217.700,	0.495
72.856,	146.892,	0.031243,	-0.000685,	217.700,	0.495
73.002,	147.185,	0.034568,	-0.000328,	217.700,	0.490
73.150,	147.482,	0.037448,	-0.001349,	217.700,	0.495
73.314,	147.794,	0.038702,	-0.000491,	217.700,	0.540
73.460,	148.102,	0.037741,	-0.001599,	217.700,	0.495
73.606,	148.394,	0.035447,	-0.000877,	217.700,	0.495
73.762,	148.687,	0.031450,	0.001133,	217.700,	0.490
73.904,	148.992,	0.026981,	-0.001183,	217.700,	0.495
74.068,	149.316,	0.020569,	0.000062,	217.700,	0.540
74.214,	149.609,	0.018036,	-0.000571,	217.700,	0.495
74.368,	149.902,	0.015000,	-0.001157,	217.700,	0.495
74.516,	150.197,	0.013567,	-0.002129,	217.700,	0.490
74.658,	150.499,	0.016032,	-0.001030,	217.700,	0.495
74.820,	150.821,	0.018826,	-0.000392,	217.700,	0.535
74.964,	151.111,	0.025131,	-0.001316,	217.700,	0.495
75.114,	151.411,	0.032629,	-0.001263,	217.700,	0.495
75.264,	151.709,	0.041542,	-0.000916,	217.700,	0.490
75.414,	151.997,	0.050091,	-0.001521,	217.700,	0.495
75.576,	152.318,	0.060280,	-0.000168,	217.700,	0.535
75.738,	152.642,	0.067520,	-0.001247,	217.700,	0.540
75.886,	152.940,	0.073763,	0.000349,	217.700,	0.495
76.036,	153.235,	0.077088,	-0.000397,	217.700,	0.495
76.180,	153.542,	0.079070,	-0.001170,	217.700,	0.490
76.328,	153.838,	0.077489,	0.000474,	217.700,	0.495
76.490,	154.162,	0.072557,	-0.001616,	217.700,	0.540
76.640,	154.445,	0.066485,	-0.000112,	217.700,	0.495
76.784,	154.750,	0.059270,	-0.000584,	217.700,	0.490
76.936,	155.038,	0.050460,	-0.000140,	217.700,	0.495
77.082,	155.347,	0.042462,	-0.000229,	217.700,	0.495
77.248,	155.662,	0.033068,	-0.001622,	217.700,	0.540
77.390,	155.964,	0.027380,	0.000691,	217.700,	0.495
77.542,	156.252,	0.024782,	-0.001732,	217.700,	0.490
77.688,	156.557,	0.022302,	-0.001000,	217.700,	0.495
77.836,	156.852,	0.024006,	-0.000416,	217.700,	0.495
77.994,	157.171,	0.030661,	-0.001073,	217.700,	0.535
78.160,	157.502,	0.040831,	-0.000427,	217.700,	0.540
78.304,	157.790,	0.053661,	0.000551,	217.700,	0.495
78.452,	158.086,	0.068881,	-0.000050,	217.700,	0.490
78.602,	158.386,	0.085437,	0.000095,	217.700,	0.495
78.752,	158.671,	0.104606,	-0.000332,	217.700,	0.495
78.912,	159.005,	0.125372,	-0.000679,	217.700,	0.535
79.058,	159.298,	0.144737,	0.000039,	217.700,	0.495
79.208,	159.595,	0.163930,	0.000153,	217.700,	0.490
79.356,	159.893,	0.179529,	-0.000998,	217.700,	0.495
79.506,	160.176,	0.193779,	-0.000414,	217.700,	0.490
79.666,	160.498,	0.205524,	-0.000496,	217.700,	0.540
79.814,	160.793,	0.213795,	-0.000532,	217.700,	0.495
79.962,	161.105,	0.216857,	0.000670,	217.700,	0.490
80.108,	161.395,	0.217327,	0.000353,	217.700,	0.495
80.260,	161.686,	0.214459,	-0.000601,	217.700,	0.495
80.422,	162.012,	0.205810,	-0.000226,	217.700,	0.535
80.570,	162.305,	0.197164,	-0.001584,	217.700,	0.495
80.710,	162.602,	0.184655,	-0.000832,	217.700,	0.490
80.864,	162.890,	0.170562,	-0.000677,	217.700,	0.495
81.010,	163.200,	0.154342,	-0.000640,	217.700,	0.490
81.172,	163.524,	0.137101,	-0.002096,	217.700,	0.540
81.320,	163.822,	0.123183,	-0.000881,	217.700,	0.495
81.470,	164.107,	0.108411,	-0.000765,	217.700,	0.490
81.616,	164.398,	0.096046,	0.000297,	217.700,	0.495
81.762,	164.705,	0.087294,	0.000045,	217.700,	0.495
81.926,	165.014,	0.078661,	-0.001334,	217.700,	0.535
82.070,	165.322,	0.077178,	-0.001540,	217.700,	0.495
82.224,	165.612,	0.078200,	0.000407,	217.700,	0.490
82.368,	165.917,	0.084487,	-0.000315,	217.700,	0.495
82.514,	166.210,	0.095703,	-0.000517,	217.700,	0.490
82.680,	166.524,	0.112102,	-0.001319,	217.700,	0.540
82.838,	166.858,	0.135447,	-0.001034,	217.700,	0.540
82.984,	167.148,	0.163585,	-0.000655,	217.700,	0.495
83.138,	167.438,	0.194566,	-0.000873,	217.700,	0.490
83.286,	167.736,	0.232064,	-0.000235,	217.700,	0.495
83.434,	168.034,	0.273449,	-0.001103,	217.700,	0.490
83.592,	168.367,	0.323055,	-0.000571,	217.700,	0.540
83.736,	168.655,	0.374155,	0.000269,	217.700,	0.495
83.884,	168.950,	0.427705,	-0.000746,	217.700,	0.490
84.032,	169.246,	0.484465,	-0.000939,	217.700,	0.490
84.184,	169.548,	0.541321,	-0.000213,	217.700,	0.495
84.342,	169.865,	0.608716,	-0.001213,	217.700,	0.540
84.496,	170.158,	0.672401,	-0.000123,	217.700,	0.495
84.644,	170.455,	0.735689,	-0.000631,	217.700,	0.490
84.786,	170.755,	0.799761,	0.000342,	217.700,	0.495
84.938,	171.041,	0.862890,	-0.000957,	217.700,	0.490
85.098,	171.379,	0.934189,	-0.002042,	217.700,	0.540
85.246,	171.674,	1.000840,	0.000220,	217.700,	0.490
85.396,	171.960,	1.065096,	0.000060,	217.700,	0.495
85.540,	172.260,	1.126992,	-0.000246,	217.700,	0.490
85.692,	172.550,	1.186060,	0.000090,	217.700,	0.495
85.854,	172.872,	1.250854,	-0.000188,	217.700,	0.535
85.994,	173.172,	1.308568,	-0.001062,	217.700,	0.495
86.144,	173.470,	1.363104,	-0.000797,	217.700,	0.490
86.296,	173.758,	1.416685,	-0.000112,	217.700,	0.495
86.442,	174.062,	1.466866,	0.000452,	217.700,	0.490
86.604,	174.374,	1.518248,	-0.000371,	217.700,	0.535
86.746,	174.672,	1.563722,	-0.000205,	217.700,	0.495
86.896,	174.974,	1.609084,	0.000422,	217.700,	0.490
87.046,	175.260,	1.647106,	-0.000257,	217.700,	0.490
87.194,	175.555,	1.684697,	0.000622,	217.700,	0.495
87.350,	175.882,	1.721409,	-0.000487,	217.700,	0.535
87.500,	176.182,	1.755455,	-0.000330,	217.700,	0.495
87.652,	176.470,	1.785603,	-0.000147,	217.700,	0.490
87.798,	176.762,	1.812070,	0.000211,	217.700,	0.490
87.946,	177.055,	1.833898,	-0.000851,	217.700,	0.495
88.106,	177.377,	0.001200,	0.000314,	217.700,	0.535
88.254,	177.674,	0.000381,	-0.000101,	217.700,	0.490
88.400,	177.979,	0.000631,	-0.000655,	217.700,	0.495
88.546,	178.272,	0.000092,	-0.000297,	217.700,	0.490
88.694,	178.570,	0.001508,	-0.000821,	217.700,	0.495
88.860,	178.886,	0.001504,	-0.001069,	217.700,	0.540
89.006,	179.191,	0.002210,	-0.000685,	217.700,	0.495
89.150,	179.482,	0.002333,	-0.001191,	217.700,	0.490
89.298,	179.777,	0.008879,	-0.000138,	217.700,	0.495
89.446,	180.072,	0.039150,	-0.000093,	217.700,	0.490
