Num, Lmd, sig,    mon,    Ring,  sec
#lmd,   E,  HOYAX,  Y,  Smpl,  Det, AGC X, Y, Smpl, Det
#6.60064,	187.8367,	21.801,	94.000,	65.000,	-0.062,	0.000,	-76.000,	0.000,	29.999

1,	6.60064,	46.629680,	-0.001642,	217.700,	15.205
2,	6.60064,	46.632670,	-0.000470,	217.700,	0.550
3,	6.60064,	46.617360,	-0.001426,	217.700,	0.550
4,	6.60064,	46.628490,	0.000032,	217.700,	0.500
5,	6.60064,	46.634050,	-0.001547,	217.700,	0.500
6,	6.60064,	46.627310,	0.000444,	217.700,	0.500
7,	6.60064,	46.623820,	-0.000235,	217.700,	0.505
8,	6.60064,	46.628970,	0.000170,	217.700,	0.545
9,	6.60064,	46.633210,	0.000232,	217.700,	0.500
10,	6.60064,	46.691850,	-0.000285,	217.700,	0.505
11,	6.60064,	46.685660,	-0.000086,	217.700,	0.500
12,	6.60064,	46.675450,	0.000928,	217.700,	0.500
13,	6.60064,	46.695040,	-0.000582,	217.700,	0.500
14,	6.60064,	46.686960,	-0.000603,	217.700,	0.545
15,	6.60064,	46.702580,	-0.000571,	217.700,	0.505
16,	6.60064,	46.687210,	0.000015,	217.700,	0.505
17,	6.60064,	46.680750,	-0.001265,	217.700,	0.500
18,	6.60064,	46.697390,	-0.000573,	217.700,	0.500
19,	6.60064,	46.682920,	-0.000282,	217.700,	0.495
20,	6.60064,	46.686040,	-0.000649,	217.700,	0.550
21,	6.60064,	46.686910,	0.000364,	217.700,	0.555
22,	6.60064,	46.676650,	0.000364,	217.700,	0.495
23,	6.60064,	46.670640,	-0.000321,	217.700,	0.505
24,	6.60064,	46.674900,	-0.001148,	217.700,	0.495
25,	6.60064,	46.686930,	0.000118,	217.700,	0.500
26,	6.60064,	46.672980,	-0.001131,	217.700,	0.550
27,	6.60064,	46.673640,	-0.000618,	217.700,	0.505
28,	6.60064,	46.668800,	-0.000597,	217.700,	0.495
29,	6.60064,	46.675090,	-0.000188,	217.700,	0.500
30,	6.60064,	46.660900,	-0.000261,	217.700,	0.500
31,	6.60064,	46.667700,	-0.000814,	217.700,	0.500
32,	6.60064,	46.666180,	-0.002202,	217.700,	0.550
33,	6.60064,	46.669860,	-0.000625,	217.700,	0.500
34,	6.60064,	46.660970,	0.000015,	217.700,	0.500
35,	6.60064,	46.732520,	-0.000709,	217.700,	0.505
36,	6.60064,	46.733140,	-0.000265,	217.700,	0.495
37,	6.60064,	46.723430,	-0.000168,	217.700,	0.550
38,	6.60064,	46.733830,	-0.000834,	217.700,	0.555
39,	6.60064,	46.719650,	0.000207,	217.700,	0.550
40,	6.60064,	46.717870,	-0.000627,	217.700,	0.505
41,	6.60064,	46.719010,	-0.000373,	217.700,	0.510
42,	6.60064,	46.713330,	-0.001717,	217.700,	0.500
43,	6.60064,	46.712370,	-0.001088,	217.700,	0.505
44,	6.60064,	46.722010,	-0.001502,	217.700,	0.505
45,	6.60064,	46.724770,	0.000297,	217.700,	0.550
46,	6.60064,	46.701330,	0.000153,	217.700,	0.500
47,	6.60064,	46.709490,	0.000338,	217.700,	0.505
48,	6.60064,	46.707410,	-0.001469,	217.700,	0.505
49,	6.60064,	46.688240,	-0.001456,	217.700,	0.500
50,	6.60064,	46.684530,	-0.000472,	217.700,	0.505
51,	6.60064,	46.683620,	0.000321,	217.700,	0.550
52,	6.60064,	46.695680,	-0.000071,	217.700,	0.550
53,	6.60064,	46.691850,	-0.000399,	217.700,	0.550
54,	6.60064,	46.678140,	-0.000060,	217.700,	0.555
55,	6.60064,	46.686990,	-0.000463,	217.700,	0.500
56,	6.60064,	46.682760,	-0.000140,	217.700,	0.505
57,	6.60064,	46.679640,	0.000164,	217.700,	0.505
58,	6.60064,	46.678420,	-0.000011,	217.700,	0.500
59,	6.60064,	46.678500,	-0.000562,	217.700,	0.550
60,	6.60064,	46.675460,	-0.001010,	217.700,	0.555
61,	6.60064,	46.672360,	-0.001045,	217.700,	0.550
62,	6.60064,	46.682060,	-0.000190,	217.700,	0.505
63,	6.60064,	46.674100,	-0.001247,	217.700,	0.510
64,	6.60064,	46.678180,	-0.000537,	217.700,	0.500
65,	6.60064,	46.679860,	-0.000347,	217.700,	0.510
66,	6.60064,	46.680970,	0.000659,	217.700,	0.550
67,	6.60064,	46.668690,	-0.000567,	217.700,	0.505
68,	6.60064,	46.675840,	-0.001717,	217.700,	0.505
69,	6.60064,	46.680340,	-0.000218,	217.700,	0.500
70,	6.60064,	46.670120,	0.000525,	217.700,	0.500
71,	6.60064,	46.681280,	-0.000241,	217.700,	0.555
72,	6.60064,	46.672500,	-0.000414,	217.700,	0.545
73,	6.60064,	46.663940,	-0.001230,	217.700,	0.550
74,	6.60064,	46.665980,	-0.000838,	217.700,	0.555
75,	6.60064,	46.679580,	-0.000437,	217.700,	0.545
76,	6.60064,	46.674060,	-0.001715,	217.700,	0.505
77,	6.60064,	46.671640,	-0.001041,	217.700,	0.510
78,	6.60064,	46.672290,	0.000254,	217.700,	0.505
79,	6.60064,	46.673730,	-0.000416,	217.700,	0.505
80,	6.60064,	46.671330,	-0.000838,	217.700,	0.545
81,	6.60064,	46.669630,	-0.001209,	217.700,	0.555
82,	6.60064,	46.664700,	-0.000608,	217.700,	0.500
83,	6.60064,	46.670080,	-0.001443,	217.700,	0.500
84,	6.60064,	46.672110,	-0.000631,	217.700,	0.510
85,	6.60064,	46.667810,	-0.000683,	217.700,	0.505
86,	6.60064,	46.670350,	-0.000769,	217.700,	0.550
87,	6.60064,	46.677490,	0.000153,	217.700,	0.550
88,	6.60064,	46.675170,	-0.000155,	217.700,	0.545
89,	6.60064,	46.665440,	-0.000498,	217.700,	0.510
90,	6.60064,	46.667720,	0.000176,	217.700,	0.505
91,	6.60064,	46.667700,	-0.000894,	217.700,	0.505
92,	6.60064,	46.677470,	-0.001069,	217.700,	0.500
93,	6.60064,	46.668400,	-0.000916,	217.700,	0.505
94,	6.60064,	46.668680,	-0.000711,	217.700,	0.555
95,	6.60064,	46.675570,	0.000133,	217.700,	0.545
96,	6.60064,	46.680570,	0.000039,	217.700,	0.550
97,	6.60064,	46.680600,	-0.000866,	217.700,	0.550
98,	6.60064,	46.668420,	0.000192,	217.700,	0.505
99,	6.60064,	46.668440,	-0.000683,	217.700,	0.500
100,	6.60064,	46.676340,	-0.000116,	217.700,	0.505
