Num, Lmd, sig,    mon,    Ring,  sec
#lmd,   E,  HOYAX,  Y,  Smpl,  Det, AGC X, Y, Smpl, Det
#6.75067,	183.6621,	-5.799,	94.000,	65.000,	-0.062,	0.000,	-76.000,	0.000,	29.999

1,	6.75067,	48.456080,	-0.001366,	217.700,	15.160
2,	6.75067,	48.446360,	-0.000636,	217.700,	0.550
3,	6.75067,	48.441520,	-0.000724,	217.700,	0.550
4,	6.75067,	48.436300,	-0.000918,	217.700,	0.555
5,	6.75067,	48.446780,	0.000103,	217.700,	0.495
6,	6.75067,	48.445980,	-0.001086,	217.700,	0.505
7,	6.75067,	48.435400,	-0.000853,	217.700,	0.500
8,	6.75067,	48.439120,	-0.000093,	217.700,	0.500
9,	6.75067,	48.443850,	-0.000229,	217.700,	0.550
10,	6.75067,	48.436830,	-0.001041,	217.700,	0.495
11,	6.75067,	48.436120,	0.000360,	217.700,	0.500
12,	6.75067,	48.435190,	-0.000506,	217.700,	0.505
13,	6.75067,	48.433570,	-0.000310,	217.700,	0.495
14,	6.75067,	48.426990,	-0.000718,	217.700,	0.500
15,	6.75067,	48.429480,	0.000454,	217.700,	0.555
16,	6.75067,	48.428730,	-0.000093,	217.700,	0.500
17,	6.75067,	48.426110,	-0.000481,	217.700,	0.495
18,	6.75067,	48.429780,	0.000435,	217.700,	0.505
19,	6.75067,	48.422880,	-0.000702,	217.700,	0.500
20,	6.75067,	48.425700,	-0.000448,	217.700,	0.550
21,	6.75067,	48.430980,	-0.000842,	217.700,	0.495
22,	6.75067,	48.425090,	-0.000472,	217.700,	0.505
23,	6.75067,	48.411720,	-0.000509,	217.700,	0.495
24,	6.75067,	48.422930,	-0.000224,	217.700,	0.500
25,	6.75067,	48.417630,	-0.001706,	217.700,	0.555
26,	6.75067,	48.416350,	-0.001299,	217.700,	0.495
27,	6.75067,	48.421640,	-0.000073,	217.700,	0.505
28,	6.75067,	48.408630,	-0.000810,	217.700,	0.495
29,	6.75067,	48.416900,	-0.001659,	217.700,	0.505
30,	6.75067,	48.415730,	-0.001631,	217.700,	0.500
31,	6.75067,	48.415720,	-0.000586,	217.700,	0.550
32,	6.75067,	48.403790,	-0.001491,	217.700,	0.495
33,	6.75067,	48.409660,	-0.000879,	217.700,	0.505
34,	6.75067,	48.414010,	-0.000756,	217.700,	0.495
35,	6.75067,	48.418740,	-0.000711,	217.700,	0.500
36,	6.75067,	48.408640,	-0.000360,	217.700,	0.500
37,	6.75067,	48.410600,	-0.000814,	217.700,	0.550
38,	6.75067,	48.409860,	-0.001135,	217.700,	0.505
39,	6.75067,	48.416300,	0.000396,	217.700,	0.495
40,	6.75067,	48.412880,	-0.000911,	217.700,	0.500
41,	6.75067,	48.410810,	-0.000338,	217.700,	0.500
42,	6.75067,	48.411930,	-0.000558,	217.700,	0.550
43,	6.75067,	48.419960,	-0.000201,	217.700,	0.500
44,	6.75067,	48.413930,	-0.000825,	217.700,	0.505
45,	6.75067,	48.412520,	0.000008,	217.700,	0.500
46,	6.75067,	48.426820,	0.000054,	217.700,	0.495
47,	6.75067,	48.417660,	-0.000881,	217.700,	0.550
48,	6.75067,	48.412580,	-0.000060,	217.700,	0.500
49,	6.75067,	48.428070,	-0.001288,	217.700,	0.505
50,	6.75067,	48.419600,	-0.000461,	217.700,	0.495
51,	6.75067,	48.417390,	-0.001816,	217.700,	0.505
52,	6.75067,	48.420780,	-0.000905,	217.700,	0.545
53,	6.75067,	48.415110,	-0.000679,	217.700,	0.555
54,	6.75067,	48.420520,	-0.001396,	217.700,	0.550
55,	6.75067,	48.427840,	-0.000043,	217.700,	0.550
56,	6.75067,	48.426970,	-0.000265,	217.700,	0.495
57,	6.75067,	48.419900,	0.000073,	217.700,	0.505
58,	6.75067,	48.425320,	-0.001123,	217.700,	0.495
59,	6.75067,	48.431950,	0.000071,	217.700,	0.500
60,	6.75067,	48.426490,	0.000000,	217.700,	0.550
61,	6.75067,	48.424510,	-0.000366,	217.700,	0.505
62,	6.75067,	48.434310,	-0.000754,	217.700,	0.500
63,	6.75067,	48.434230,	-0.000313,	217.700,	0.495
64,	6.75067,	48.415200,	0.001008,	217.700,	0.500
65,	6.75067,	48.433040,	-0.000767,	217.700,	0.505
66,	6.75067,	48.426990,	0.000032,	217.700,	0.545
67,	6.75067,	48.431730,	-0.000513,	217.700,	0.550
68,	6.75067,	48.436370,	-0.000539,	217.700,	0.555
69,	6.75067,	48.436810,	-0.000334,	217.700,	0.550
70,	6.75067,	48.431180,	-0.000276,	217.700,	0.545
71,	6.75067,	48.431290,	-0.000937,	217.700,	0.500
72,	6.75067,	48.446290,	-0.000864,	217.700,	0.500
73,	6.75067,	48.426860,	-0.001405,	217.700,	0.505
74,	6.75067,	48.447010,	0.000685,	217.700,	0.500
75,	6.75067,	48.443800,	-0.000287,	217.700,	0.550
76,	6.75067,	48.437950,	-0.000194,	217.700,	0.495
77,	6.75067,	48.438880,	-0.000961,	217.700,	0.500
78,	6.75067,	48.446580,	-0.001876,	217.700,	0.500
79,	6.75067,	48.440850,	0.000250,	217.700,	0.505
80,	6.75067,	48.447970,	-0.001325,	217.700,	0.495
81,	6.75067,	48.446500,	-0.001069,	217.700,	0.550
82,	6.75067,	48.439610,	-0.001577,	217.700,	0.550
83,	6.75067,	48.445270,	0.000271,	217.700,	0.555
84,	6.75067,	48.451520,	-0.000791,	217.700,	0.550
85,	6.75067,	48.441110,	-0.001213,	217.700,	0.550
86,	6.75067,	48.440730,	-0.000244,	217.700,	0.495
87,	6.75067,	48.451350,	-0.001062,	217.700,	0.505
88,	6.75067,	48.447170,	-0.000136,	217.700,	0.495
89,	6.75067,	48.450000,	0.000148,	217.700,	0.505
90,	6.75067,	48.450170,	-0.000926,	217.700,	0.545
91,	6.75067,	48.458850,	-0.001125,	217.700,	0.500
92,	6.75067,	48.440900,	-0.000679,	217.700,	0.500
93,	6.75067,	48.452070,	-0.000175,	217.700,	0.505
94,	6.75067,	48.456080,	0.000000,	217.700,	0.495
95,	6.75067,	48.453380,	-0.000595,	217.700,	0.555
96,	6.75067,	48.455090,	0.000429,	217.700,	0.500
97,	6.75067,	48.446610,	-0.000722,	217.700,	0.495
98,	6.75067,	48.451310,	-0.000237,	217.700,	0.500
99,	6.75067,	48.461120,	-0.000565,	217.700,	0.500
100,	6.75067,	48.448030,	-0.001051,	217.700,	0.555
